   1.0000000e+00
   1.0000000e+00
   9.9990200e-01
   9.9970600e-01
   9.9941201e-01
   9.9902005e-01
   9.9853014e-01
   9.9794234e-01
   9.9725667e-01
   9.9647321e-01
   9.9559202e-01
   9.9461317e-01
   9.9353675e-01
   9.9236287e-01
   9.9109161e-01
   9.8972310e-01
   9.8825747e-01
   9.8669485e-01
   9.8503537e-01
   9.8327920e-01
   9.8142649e-01
   9.7947743e-01
   9.7743218e-01
   9.7529095e-01
   9.7305393e-01
   9.7072132e-01
   9.6829336e-01
   9.6577027e-01
   9.6315229e-01
   9.6043966e-01
   9.5763264e-01
   9.5473150e-01
   9.5173651e-01
   9.4864795e-01
   9.4546613e-01
   9.4219134e-01
   9.3882389e-01
   9.3536411e-01
   9.3181233e-01
   9.2816887e-01
   9.2443410e-01
   9.2060837e-01
   9.1669205e-01
   9.1268551e-01
   9.0858913e-01
   9.0440330e-01
   9.0012844e-01
   8.9576494e-01
   8.9131323e-01
   8.8677374e-01
   8.8214689e-01
   8.7743315e-01
   8.7263295e-01
   8.6774677e-01
   8.6277506e-01
   8.5771832e-01
   8.5257702e-01
   8.4735167e-01
   8.4204277e-01
   8.3665083e-01
   8.3117636e-01
   8.2561991e-01
   8.1998199e-01
   8.1426317e-01
   8.0846399e-01
   8.0258501e-01
   7.9662681e-01
   7.9058995e-01
   7.8447502e-01
   7.7828261e-01
   7.7201332e-01
   7.6566776e-01
   7.5924655e-01
   7.5275030e-01
   7.4617964e-01
   7.3953521e-01
   7.3281766e-01
   7.2602763e-01
   7.1916579e-01
   7.1223280e-01
   7.0522932e-01
   6.9815605e-01
   6.9101367e-01
   6.8380287e-01
   6.7652435e-01
   6.6917881e-01
   6.6176698e-01
   6.5428956e-01
   6.4674730e-01
   6.3914091e-01
   6.3147114e-01
   6.2373874e-01
   6.1594445e-01
   6.0808904e-01
   6.0017326e-01
   5.9219789e-01
   5.8416370e-01
   5.7607148e-01
   5.6792201e-01
   5.5971608e-01
   5.5145450e-01
   5.4313807e-01
   5.3476759e-01
   5.2634389e-01
   5.1786778e-01
   5.0934009e-01
   5.0076164e-01
   4.9213328e-01
   4.8345585e-01
   4.7473019e-01
   4.6595714e-01
   4.5713758e-01
   4.4827235e-01
   4.3936232e-01
   4.3040836e-01
   4.2141135e-01
   4.1237215e-01
   4.0329165e-01
   3.9417075e-01
   3.8501032e-01
   3.7581126e-01
   3.6657447e-01
   3.5730085e-01
   3.4799131e-01
   3.3864675e-01
   3.2926809e-01
   3.1985624e-01
   3.1041212e-01
   3.0093665e-01
   2.9143077e-01
   2.8189539e-01
   2.7233146e-01
   2.6273990e-01
   2.5312165e-01
   2.4347765e-01
   2.3380884e-01
   2.2411618e-01
   2.1440060e-01
   2.0466306e-01
   1.9490450e-01
   1.8512589e-01
   1.7532818e-01
   1.6551233e-01
   1.5567929e-01
   1.4583004e-01
   1.3596552e-01
   1.2608672e-01
   1.1619459e-01
   1.0629011e-01
   9.6374235e-02
   8.6447946e-02
   7.6512213e-02
   6.6568008e-02
   5.6616305e-02
   4.6658078e-02
   3.6694303e-02
   2.6725956e-02
   1.6754012e-02
   6.7794489e-03
  -3.1967558e-03
  -1.3173625e-02
  -2.3150181e-02
  -3.3125446e-02
  -4.3098442e-02
  -5.3068192e-02
  -6.3033718e-02
  -7.2994043e-02
  -8.2948191e-02
  -9.2895186e-02
  -1.0283405e-01
  -1.1276381e-01
  -1.2268350e-01
  -1.3259213e-01
  -1.4248874e-01
  -1.5237236e-01
  -1.6224201e-01
  -1.7209673e-01
  -1.8193555e-01
  -1.9175751e-01
  -2.0156163e-01
  -2.1134697e-01
  -2.2111255e-01
  -2.3085741e-01
  -2.4058061e-01
  -2.5028119e-01
  -2.5995819e-01
  -2.6961066e-01
  -2.7923765e-01
  -2.8883822e-01
  -2.9841143e-01
  -3.0795633e-01
  -3.1747199e-01
  -3.2695747e-01
  -3.3641183e-01
  -3.4583415e-01
  -3.5522351e-01
  -3.6457897e-01
  -3.7389962e-01
  -3.8318455e-01
  -3.9243283e-01
  -4.0164355e-01
  -4.1081582e-01
  -4.1994873e-01
  -4.2904138e-01
  -4.3809287e-01
  -4.4710232e-01
  -4.5606884e-01
  -4.6499154e-01
  -4.7386954e-01
  -4.8270197e-01
  -4.9148797e-01
  -5.0022666e-01
  -5.0891718e-01
  -5.1755869e-01
  -5.2615032e-01
  -5.3469122e-01
  -5.4318057e-01
  -5.5161751e-01
  -5.6000123e-01
  -5.6833088e-01
  -5.7660566e-01
  -5.8482474e-01
  -5.9298731e-01
  -6.0109257e-01
  -6.0913971e-01
  -6.1712795e-01
  -6.2505650e-01
  -6.3292456e-01
  -6.4073137e-01
  -6.4847615e-01
  -6.5615814e-01
  -6.6377658e-01
  -6.7133072e-01
  -6.7881980e-01
  -6.8624310e-01
  -6.9359987e-01
  -7.0088939e-01
  -7.0811094e-01
  -7.1526380e-01
  -7.2234726e-01
  -7.2936063e-01
  -7.3630321e-01
  -7.4317431e-01
  -7.4997326e-01
  -7.5669937e-01
  -7.6335199e-01
  -7.6993045e-01
  -7.7643410e-01
  -7.8286229e-01
  -7.8921440e-01
  -7.9548979e-01
  -8.0168783e-01
  -8.0780792e-01
  -8.1384944e-01
  -8.1981179e-01
  -8.2569439e-01
  -8.3149664e-01
  -8.3721798e-01
  -8.4285783e-01
  -8.4841564e-01
  -8.5389084e-01
  -8.5928290e-01
  -8.6459128e-01
  -8.6981545e-01
  -8.7495488e-01
  -8.8000908e-01
  -8.8497753e-01
  -8.8985974e-01
  -8.9465522e-01
  -8.9936350e-01
  -9.0398410e-01
  -9.0851656e-01
  -9.1296043e-01
  -9.1731527e-01
  -9.2158063e-01
  -9.2575610e-01
  -9.2984126e-01
  -9.3383569e-01
  -9.3773900e-01
  -9.4155079e-01
  -9.4527068e-01
  -9.4889830e-01
  -9.5243328e-01
  -9.5587527e-01
  -9.5922393e-01
  -9.6247890e-01
  -9.6563988e-01
  -9.6870653e-01
  -9.7167854e-01
  -9.7455563e-01
  -9.7733749e-01
  -9.8002384e-01
  -9.8261442e-01
  -9.8510895e-01
  -9.8750718e-01
  -9.8980888e-01
  -9.9201380e-01
  -9.9412172e-01
  -9.9613242e-01
  -9.9804569e-01
  -9.9986135e-01
  -1.0015792e+00
  -1.0031991e+00
  -1.0047208e+00
  -1.0061442e+00
  -1.0074691e+00
  -1.0086954e+00
  -1.0098230e+00
  -1.0108518e+00
  -1.0117815e+00
  -1.0126123e+00
  -1.0133438e+00
  -1.0139761e+00
  -1.0145092e+00
  -1.0149428e+00
  -1.0152770e+00
  -1.0155118e+00
  -1.0156471e+00
  -1.0156828e+00
  -1.0156190e+00
  -1.0154557e+00
  -1.0151929e+00
  -1.0148305e+00
  -1.0143686e+00
  -1.0138073e+00
  -1.0131466e+00
  -1.0123865e+00
  -1.0115272e+00
  -1.0105686e+00
  -1.0095109e+00
  -1.0083541e+00
  -1.0070985e+00
  -1.0057440e+00
  -1.0042908e+00
  -1.0027390e+00
  -1.0010889e+00
  -9.9934043e-01
  -9.9749388e-01
  -9.9554940e-01
  -9.9350717e-01
  -9.9136737e-01
  -9.8913020e-01
  -9.8679589e-01
  -9.8436463e-01
  -9.8183668e-01
  -9.7921225e-01
  -9.7649161e-01
  -9.7367500e-01
  -9.7076269e-01
  -9.6775497e-01
  -9.6465211e-01
  -9.6145441e-01
  -9.5816218e-01
  -9.5477572e-01
  -9.5129536e-01
  -9.4772143e-01
  -9.4405428e-01
  -9.4029425e-01
  -9.3644171e-01
  -9.3249701e-01
  -9.2846054e-01
  -9.2433269e-01
  -9.2011385e-01
  -9.1580443e-01
  -9.1140483e-01
  -9.0691549e-01
  -9.0233682e-01
  -8.9766928e-01
  -8.9291331e-01
  -8.8806937e-01
  -8.8313793e-01
  -8.7811945e-01
  -8.7301442e-01
  -8.6782334e-01
  -8.6254671e-01
  -8.5718502e-01
  -8.5173881e-01
  -8.4620859e-01
  -8.4059491e-01
  -8.3489829e-01
  -8.2911930e-01
  -8.2325849e-01
  -8.1731642e-01
  -8.1129367e-01
  -8.0519083e-01
  -7.9900848e-01
  -7.9274722e-01
  -7.8640766e-01
  -7.7999041e-01
  -7.7349609e-01
  -7.6692533e-01
  -7.6027877e-01
  -7.5355705e-01
  -7.4676082e-01
  -7.3989075e-01
  -7.3294749e-01
  -7.2593172e-01
  -7.1884412e-01
  -7.1168539e-01
  -7.0445620e-01
  -6.9715727e-01
  -6.8978931e-01
  -6.8235302e-01
  -6.7484913e-01
  -6.6727838e-01
  -6.5964148e-01
  -6.5193920e-01
  -6.4417227e-01
  -6.3634145e-01
  -6.2844750e-01
  -6.2049118e-01
  -6.1247329e-01
  -6.0439458e-01
  -5.9625585e-01
  -5.8805789e-01
  -5.7980150e-01
  -5.7148747e-01
  -5.6311663e-01
  -5.5468978e-01
  -5.4620775e-01
  -5.3767135e-01
  -5.2908143e-01
  -5.2043881e-01
  -5.1174435e-01
  -5.0299888e-01
  -4.9420326e-01
  -4.8535835e-01
  -4.7646501e-01
  -4.6752410e-01
  -4.5853650e-01
  -4.4950307e-01
  -4.4042472e-01
  -4.3130231e-01
  -4.2213674e-01
  -4.1292890e-01
  -4.0367970e-01
  -3.9439002e-01
  -3.8506079e-01
  -3.7569290e-01
  -3.6628728e-01
  -3.5684484e-01
  -3.4736651e-01
  -3.3785320e-01
  -3.2830586e-01
  -3.1872540e-01
  -3.0911277e-01
  -2.9946890e-01
  -2.8979474e-01
  -2.8009124e-01
  -2.7035933e-01
  -2.6059997e-01
  -2.5081412e-01
  -2.4100273e-01
  -2.3116676e-01
  -2.2130718e-01
  -2.1142493e-01
  -2.0152100e-01
  -1.9159635e-01
  -1.8165195e-01
  -1.7168878e-01
  -1.6170780e-01
  -1.5171000e-01
  -1.4169635e-01
  -1.3166783e-01
  -1.2162543e-01
  -1.1157012e-01
  -1.0150289e-01
  -9.1424731e-02
  -8.1336624e-02
  -7.1239556e-02
  -6.1134517e-02
  -5.1022497e-02
  -4.0904486e-02
  -3.0781475e-02
  -2.0654455e-02
  -1.0524418e-02
  -3.9235704e-04
   9.7407352e-03
   1.9873866e-02
   3.0006042e-02
   4.0136270e-02
   5.0263558e-02
   6.0386913e-02
   7.0505341e-02
   8.0617852e-02
   9.0723453e-02
   1.0082115e-01
   1.1090996e-01
   1.2098889e-01
   1.3105695e-01
   1.4111316e-01
   1.5115652e-01
   1.6118605e-01
   1.7120076e-01
   1.8119968e-01
   1.9118183e-01
   2.0114621e-01
   2.1109186e-01
   2.2101780e-01
   2.3092305e-01
   2.4080664e-01
   2.5066760e-01
   2.6050496e-01
   2.7031776e-01
   2.8010503e-01
   2.8986580e-01
   2.9959913e-01
   3.0930404e-01
   3.1897960e-01
   3.2862485e-01
   3.3823883e-01
   3.4782061e-01
   3.5736925e-01
   3.6688379e-01
   3.7636332e-01
   3.8580689e-01
   3.9521357e-01
   4.0458245e-01
   4.1391260e-01
   4.2320309e-01
   4.3245303e-01
   4.4166149e-01
   4.5082757e-01
   4.5995036e-01
   4.6902898e-01
   4.7806252e-01
   4.8705009e-01
   4.9599082e-01
   5.0488381e-01
   5.1372820e-01
   5.2252311e-01
   5.3126767e-01
   5.3996103e-01
   5.4860232e-01
   5.5719070e-01
   5.6572531e-01
   5.7420532e-01
   5.8262988e-01
   5.9099818e-01
   5.9930937e-01
   6.0756265e-01
   6.1575720e-01
   6.2389221e-01
   6.3196687e-01
   6.3998039e-01
   6.4793198e-01
   6.5582084e-01
   6.6364622e-01
   6.7140732e-01
   6.7910338e-01
   6.8673365e-01
   6.9429736e-01
   7.0179378e-01
   7.0922215e-01
   7.1658175e-01
   7.2387184e-01
   7.3109171e-01
   7.3824064e-01
   7.4531792e-01
   7.5232285e-01
   7.5925475e-01
   7.6611291e-01
   7.7289667e-01
   7.7960535e-01
   7.8623829e-01
   7.9279482e-01
   7.9927430e-01
   8.0567609e-01
   8.1199955e-01
   8.1824406e-01
   8.2440899e-01
   8.3049373e-01
   8.3649767e-01
   8.4242023e-01
   8.4826082e-01
   8.5401884e-01
   8.5969374e-01
   8.6528494e-01
   8.7079189e-01
   8.7621405e-01
   8.8155086e-01
   8.8680181e-01
   8.9196637e-01
   8.9704402e-01
   9.0203425e-01
   9.0693658e-01
   9.1175051e-01
   9.1647555e-01
   9.2111125e-01
   9.2565713e-01
   9.3011274e-01
   9.3447764e-01
   9.3875139e-01
   9.4293356e-01
   9.4702373e-01
   9.5102149e-01
   9.5492644e-01
   9.5873820e-01
   9.6245637e-01
   9.6608058e-01
   9.6961048e-01
   9.7304570e-01
   9.7638589e-01
   9.7963073e-01
   9.8277988e-01
   9.8583303e-01
   9.8878987e-01
   9.9165009e-01
   9.9441342e-01
   9.9707956e-01
   9.9964825e-01
   1.0021192e+00
   1.0044922e+00
   1.0067670e+00
   1.0089434e+00
   1.0110211e+00
   1.0129999e+00
   1.0148797e+00
   1.0166601e+00
   1.0183411e+00
   1.0199225e+00
   1.0214041e+00
   1.0227857e+00
   1.0240672e+00
   1.0252485e+00
   1.0263295e+00
   1.0273099e+00
   1.0281898e+00
   1.0289690e+00
   1.0296475e+00
   1.0302251e+00
   1.0307018e+00
   1.0310775e+00
   1.0313523e+00
   1.0315259e+00
   1.0315985e+00
   1.0315701e+00
   1.0314405e+00
   1.0312098e+00
   1.0308781e+00
   1.0304453e+00
   1.0299114e+00
   1.0292766e+00
   1.0285409e+00
   1.0277042e+00
   1.0267668e+00
   1.0257287e+00
   1.0245899e+00
   1.0233507e+00
   1.0220110e+00
   1.0205710e+00
   1.0190309e+00
   1.0173907e+00
   1.0156507e+00
   1.0138110e+00
   1.0118718e+00
   1.0098332e+00
   1.0076954e+00
   1.0054587e+00
   1.0031232e+00
   1.0006891e+00
   9.9815682e-01
   9.9552643e-01
   9.9279822e-01
   9.8997244e-01
   9.8704938e-01
   9.8402929e-01
   9.8091247e-01
   9.7769922e-01
   9.7438984e-01
   9.7098465e-01
   9.6748396e-01
   9.6388812e-01
   9.6019746e-01
   9.5641235e-01
   9.5253313e-01
   9.4856019e-01
   9.4449390e-01
   9.4033464e-01
   9.3608283e-01
   9.3173887e-01
   9.2730317e-01
   9.2277616e-01
   9.1815827e-01
   9.1344995e-01
   9.0865165e-01
   9.0376384e-01
   8.9878697e-01
   8.9372154e-01
   8.8856803e-01
   8.8332693e-01
   8.7799875e-01
   8.7258400e-01
   8.6708322e-01
   8.6149691e-01
   8.5582564e-01
   8.5006993e-01
   8.4423036e-01
   8.3830748e-01
   8.3230187e-01
   8.2621410e-01
   8.2004476e-01
   8.1379446e-01
   8.0746379e-01
   8.0105337e-01
   7.9456382e-01
   7.8799577e-01
   7.8134984e-01
   7.7462670e-01
   7.6782698e-01
   7.6095135e-01
   7.5400047e-01
   7.4697502e-01
   7.3987568e-01
   7.3270313e-01
   7.2545807e-01
   7.1814121e-01
   7.1075326e-01
   7.0329493e-01
   6.9576694e-01
   6.8817003e-01
   6.8050494e-01
   6.7277240e-01
   6.6497318e-01
   6.5710802e-01
   6.4917770e-01
   6.4118298e-01
   6.3312464e-01
   6.2500346e-01
   6.1682024e-01
   6.0857577e-01
   6.0027085e-01
   5.9190629e-01
   5.8348290e-01
   5.7500151e-01
   5.6646293e-01
   5.5786801e-01
   5.4921757e-01
   5.4051246e-01
   5.3175352e-01
   5.2294162e-01
   5.1407761e-01
   5.0516234e-01
   4.9619670e-01
   4.8718155e-01
   4.7811777e-01
   4.6900625e-01
   4.5984788e-01
   4.5064354e-01
   4.4139413e-01
   4.3210057e-01
   4.2276374e-01
   4.1338458e-01
   4.0396398e-01
   3.9450286e-01
   3.8500216e-01
   3.7546280e-01
   3.6588571e-01
   3.5627182e-01
   3.4662208e-01
   3.3693742e-01
   3.2721879e-01
   3.1746715e-01
   3.0768343e-01
   2.9786861e-01
   2.8802363e-01
   2.7814946e-01
   2.6824706e-01
   2.5831740e-01
   2.4836146e-01
   2.3838020e-01
   2.2837460e-01
   2.1834564e-01
   2.0829430e-01
   1.9822156e-01
   1.8812841e-01
   1.7801584e-01
   1.6788482e-01
   1.5773636e-01
   1.4757145e-01
   1.3739108e-01
   1.2719625e-01
   1.1698796e-01
   1.0676719e-01
   9.6534969e-02
   8.6292279e-02
   7.6040130e-02
   6.5779523e-02
   5.5511465e-02
   4.5236961e-02
   3.4957016e-02
   2.4672638e-02
   1.4384834e-02
   4.0946124e-03
  -6.1970189e-03
  -1.6489052e-02
  -2.6780477e-02
  -3.7070286e-02
  -4.7357471e-02
  -5.7641023e-02
  -6.7919934e-02
  -7.8193197e-02
  -8.8459803e-02
  -9.8718746e-02
  -1.0896902e-01
  -1.1920962e-01
  -1.2943954e-01
  -1.3965778e-01
  -1.4986333e-01
  -1.6005520e-01
  -1.7023238e-01
  -1.8039387e-01
  -1.9053868e-01
  -2.0066582e-01
  -2.1077428e-01
  -2.2086307e-01
  -2.3093121e-01
  -2.4097771e-01
  -2.5100157e-01
  -2.6100182e-01
  -2.7097747e-01
  -2.8092754e-01
  -2.9085105e-01
  -3.0074704e-01
  -3.1061452e-01
  -3.2045253e-01
  -3.3026010e-01
  -3.4003626e-01
  -3.4978006e-01
  -3.5949053e-01
  -3.6916673e-01
  -3.7880769e-01
  -3.8841248e-01
  -3.9798015e-01
  -4.0750974e-01
  -4.1700034e-01
  -4.2645100e-01
  -4.3586080e-01
  -4.4522880e-01
  -4.5455409e-01
  -4.6383575e-01
  -4.7307286e-01
  -4.8226452e-01
  -4.9140981e-01
  -5.0050784e-01
  -5.0955771e-01
  -5.1855854e-01
  -5.2750943e-01
  -5.3640949e-01
  -5.4525787e-01
  -5.5405367e-01
  -5.6279604e-01
  -5.7148411e-01
  -5.8011703e-01
  -5.8869394e-01
  -5.9721400e-01
  -6.0567637e-01
  -6.1408021e-01
  -6.2242470e-01
  -6.3070900e-01
  -6.3893231e-01
  -6.4709381e-01
  -6.5519269e-01
  -6.6322816e-01
  -6.7119942e-01
  -6.7910568e-01
  -6.8694617e-01
  -6.9472010e-01
  -7.0242671e-01
  -7.1006524e-01
  -7.1763494e-01
  -7.2513504e-01
  -7.3256482e-01
  -7.3992353e-01
  -7.4721045e-01
  -7.5442486e-01
  -7.6156605e-01
  -7.6863330e-01
  -7.7562591e-01
  -7.8254320e-01
  -7.8938448e-01
  -7.9614907e-01
  -8.0283630e-01
  -8.0944551e-01
  -8.1597604e-01
  -8.2242724e-01
  -8.2879848e-01
  -8.3508912e-01
  -8.4129854e-01
  -8.4742612e-01
  -8.5347125e-01
  -8.5943334e-01
  -8.6531178e-01
  -8.7110600e-01
  -8.7681542e-01
  -8.8243947e-01
  -8.8797759e-01
  -8.9342924e-01
  -8.9879386e-01
  -9.0407092e-01
  -9.0925991e-01
  -9.1436029e-01
  -9.1937157e-01
  -9.2429324e-01
  -9.2912481e-01
  -9.3386580e-01
  -9.3851574e-01
  -9.4307416e-01
  -9.4754060e-01
  -9.5191462e-01
  -9.5619579e-01
  -9.6038366e-01
  -9.6447783e-01
  -9.6847788e-01
  -9.7238341e-01
  -9.7619403e-01
  -9.7990936e-01
  -9.8352902e-01
  -9.8705265e-01
  -9.9047990e-01
  -9.9381041e-01
  -9.9704385e-01
  -1.0001799e+00
  -1.0032182e+00
  -1.0061586e+00
  -1.0090006e+00
  -1.0117440e+00
  -1.0143885e+00
  -1.0169339e+00
  -1.0193798e+00
  -1.0217261e+00
  -1.0239725e+00
  -1.0261188e+00
  -1.0281647e+00
  -1.0301101e+00
  -1.0319547e+00
  -1.0336984e+00
  -1.0353409e+00
  -1.0368821e+00
  -1.0383219e+00
  -1.0396600e+00
  -1.0408964e+00
  -1.0420309e+00
  -1.0430634e+00
  -1.0439938e+00
  -1.0448219e+00
  -1.0455478e+00
  -1.0461712e+00
  -1.0466922e+00
  -1.0471107e+00
  -1.0474265e+00
  -1.0476398e+00
  -1.0477504e+00
  -1.0477584e+00
  -1.0476637e+00
  -1.0474662e+00
  -1.0471662e+00
  -1.0467634e+00
  -1.0462581e+00
  -1.0456501e+00
  -1.0449397e+00
  -1.0441267e+00
  -1.0432114e+00
  -1.0421937e+00
  -1.0410738e+00
  -1.0398518e+00
  -1.0385277e+00
  -1.0371017e+00
  -1.0355740e+00
  -1.0339446e+00
  -1.0322137e+00
  -1.0303815e+00
  -1.0284482e+00
  -1.0264138e+00
  -1.0242787e+00
  -1.0220430e+00
  -1.0197069e+00
  -1.0172707e+00
  -1.0147345e+00
  -1.0120986e+00
  -1.0093633e+00
  -1.0065288e+00
  -1.0035954e+00
  -1.0005633e+00
  -9.9743294e-01
  -9.9420447e-01
  -9.9087826e-01
  -9.8745461e-01
  -9.8393386e-01
  -9.8031634e-01
  -9.7660239e-01
  -9.7279237e-01
  -9.6888665e-01
  -9.6488559e-01
  -9.6078958e-01
  -9.5659901e-01
  -9.5231428e-01
  -9.4793581e-01
  -9.4346401e-01
  -9.3889931e-01
  -9.3424215e-01
  -9.2949298e-01
  -9.2465226e-01
  -9.1972044e-01
  -9.1469801e-01
  -9.0958545e-01
  -9.0438324e-01
  -8.9909190e-01
  -8.9371192e-01
  -8.8824384e-01
  -8.8268817e-01
  -8.7704546e-01
  -8.7131624e-01
  -8.6550107e-01
  -8.5960051e-01
  -8.5361513e-01
  -8.4754551e-01
  -8.4139224e-01
  -8.3515590e-01
  -8.2883711e-01
  -8.2243648e-01
  -8.1595462e-01
  -8.0939216e-01
  -8.0274974e-01
  -7.9602800e-01
  -7.8922758e-01
  -7.8234916e-01
  -7.7539339e-01
  -7.6836095e-01
  -7.6125253e-01
  -7.5406880e-01
  -7.4681047e-01
  -7.3947825e-01
  -7.3207283e-01
  -7.2459495e-01
  -7.1704532e-01
  -7.0942468e-01
  -7.0173378e-01
  -6.9397334e-01
  -6.8614414e-01
  -6.7824693e-01
  -6.7028248e-01
  -6.6225156e-01
  -6.5415495e-01
  -6.4599344e-01
  -6.3776783e-01
  -6.2947890e-01
  -6.2112748e-01
  -6.1271436e-01
  -6.0424038e-01
  -5.9570635e-01
  -5.8711310e-01
  -5.7846148e-01
  -5.6975232e-01
  -5.6098646e-01
  -5.5216478e-01
  -5.4328811e-01
  -5.3435734e-01
  -5.2537332e-01
  -5.1633693e-01
  -5.0724906e-01
  -4.9811059e-01
  -4.8892241e-01
  -4.7968541e-01
  -4.7040050e-01
  -4.6106857e-01
  -4.5169055e-01
  -4.4226735e-01
  -4.3279988e-01
  -4.2328906e-01
  -4.1373584e-01
  -4.0414113e-01
  -3.9450587e-01
  -3.8483101e-01
  -3.7511748e-01
  -3.6536625e-01
  -3.5557825e-01
  -3.4575444e-01
  -3.3589579e-01
  -3.2600326e-01
  -3.1607780e-01
  -3.0612040e-01
  -2.9613203e-01
  -2.8611365e-01
  -2.7606625e-01
  -2.6599081e-01
  -2.5588832e-01
  -2.4575976e-01
  -2.3560613e-01
  -2.2542841e-01
  -2.1522760e-01
  -2.0500470e-01
  -1.9476071e-01
  -1.8449662e-01
  -1.7421345e-01
  -1.6391220e-01
  -1.5359388e-01
  -1.4325949e-01
  -1.3291005e-01
  -1.2254657e-01
  -1.1217006e-01
  -1.0178155e-01
  -9.1382044e-02
  -8.0972563e-02
  -7.0554126e-02
  -6.0127755e-02
  -4.9694468e-02
  -3.9255290e-02
  -2.8811241e-02
  -1.8363345e-02
  -7.9126256e-03
   2.5398933e-03
   1.2993188e-02
   2.3446233e-02
   3.3898005e-02
   4.4347480e-02
   5.4793632e-02
   6.5235438e-02
   7.5671875e-02
   8.6101918e-02
   9.6524546e-02
   1.0693874e-01
   1.1734347e-01
   1.2773772e-01
   1.3812047e-01
   1.4849070e-01
   1.5884740e-01
   1.6918954e-01
   1.7951612e-01
   1.8982611e-01
   2.0011852e-01
   2.1039232e-01
   2.2064651e-01
   2.3088008e-01
   2.4109203e-01
   2.5128135e-01
   2.6144704e-01
   2.7158811e-01
   2.8170356e-01
   2.9179239e-01
   3.0185362e-01
   3.1188625e-01
   3.2188929e-01
   3.3186178e-01
   3.4180271e-01
   3.5171113e-01
   3.6158605e-01
   3.7142650e-01
   3.8123151e-01
   3.9100013e-01
   4.0073138e-01
   4.1042432e-01
   4.2007798e-01
   4.2969143e-01
   4.3926370e-01
   4.4879387e-01
   4.5828099e-01
   4.6772412e-01
   4.7712235e-01
   4.8647473e-01
   4.9578036e-01
   5.0503832e-01
   5.1424769e-01
   5.2340756e-01
   5.3251704e-01
   5.4157523e-01
   5.5058122e-01
   5.5953415e-01
   5.6843311e-01
   5.7727725e-01
   5.8606567e-01
   5.9479753e-01
   6.0347194e-01
   6.1208807e-01
   6.2064506e-01
   6.2914206e-01
   6.3757824e-01
   6.4595277e-01
   6.5426481e-01
   6.6251355e-01
   6.7069817e-01
   6.7881786e-01
   6.8687183e-01
   6.9485927e-01
   7.0277940e-01
   7.1063143e-01
   7.1841459e-01
   7.2612810e-01
   7.3377122e-01
   7.4134317e-01
   7.4884321e-01
   7.5627060e-01
   7.6362461e-01
   7.7090450e-01
   7.7810955e-01
   7.8523906e-01
   7.9229231e-01
   7.9926861e-01
   8.0616726e-01
   8.1298759e-01
   8.1972891e-01
   8.2639055e-01
   8.3297187e-01
   8.3947220e-01
   8.4589089e-01
   8.5222732e-01
   8.5848085e-01
   8.6465087e-01
   8.7073675e-01
   8.7673789e-01
   8.8265371e-01
   8.8848360e-01
   8.9422699e-01
   8.9988332e-01
   9.0545200e-01
   9.1093250e-01
   9.1632427e-01
   9.2162676e-01
   9.2683945e-01
   9.3196183e-01
   9.3699337e-01
   9.4193359e-01
   9.4678197e-01
   9.5153805e-01
   9.5620134e-01
   9.6077138e-01
   9.6524772e-01
   9.6962989e-01
   9.7391748e-01
   9.7811004e-01
   9.8220715e-01
   9.8620842e-01
   9.9011342e-01
   9.9392178e-01
   9.9763310e-01
   1.0012470e+00
   1.0047632e+00
   1.0081812e+00
   1.0115008e+00
   1.0147215e+00
   1.0178432e+00
   1.0208654e+00
   1.0237878e+00
   1.0266102e+00
   1.0293323e+00
   1.0319537e+00
   1.0344743e+00
   1.0368938e+00
   1.0392119e+00
   1.0414283e+00
   1.0435429e+00
   1.0455555e+00
   1.0474658e+00
   1.0492736e+00
   1.0509788e+00
   1.0525811e+00
   1.0540805e+00
   1.0554767e+00
   1.0567696e+00
   1.0579590e+00
   1.0590449e+00
   1.0600271e+00
   1.0609056e+00
   1.0616801e+00
   1.0623507e+00
   1.0629172e+00
   1.0633797e+00
   1.0637379e+00
   1.0639920e+00
   1.0641418e+00
   1.0641873e+00
   1.0641285e+00
   1.0639655e+00
   1.0636982e+00
   1.0633266e+00
   1.0628507e+00
   1.0622707e+00
   1.0615865e+00
   1.0607981e+00
   1.0599058e+00
   1.0589095e+00
   1.0578093e+00
   1.0566054e+00
   1.0552978e+00
   1.0538866e+00
   1.0523720e+00
   1.0507542e+00
   1.0490332e+00
   1.0472092e+00
   1.0452824e+00
   1.0432530e+00
   1.0411212e+00
   1.0388871e+00
   1.0365510e+00
   1.0341131e+00
   1.0315736e+00
   1.0289327e+00
   1.0261908e+00
   1.0233480e+00
   1.0204047e+00
   1.0173611e+00
   1.0142174e+00
   1.0109741e+00
   1.0076314e+00
   1.0041896e+00
   1.0006491e+00
   9.9701011e-01
   9.9327309e-01
   9.8943837e-01
   9.8550630e-01
   9.8147727e-01
   9.7735166e-01
   9.7312986e-01
   9.6881229e-01
   9.6439935e-01
   9.5989146e-01
   9.5528906e-01
   9.5059260e-01
   9.4580251e-01
   9.4091927e-01
   9.3594334e-01
   9.3087520e-01
   9.2571534e-01
   9.2046425e-01
   9.1512244e-01
   9.0969042e-01
   9.0416872e-01
   8.9855788e-01
   8.9285842e-01
   8.8707091e-01
   8.8119589e-01
   8.7523395e-01
   8.6918564e-01
   8.6305157e-01
   8.5683231e-01
   8.5052847e-01
   8.4414067e-01
   8.3766951e-01
   8.3111562e-01
   8.2447965e-01
   8.1776222e-01
   8.1096400e-01
   8.0408564e-01
   7.9712780e-01
   7.9009116e-01
   7.8297640e-01
   7.7578421e-01
   7.6851530e-01
   7.6117035e-01
   7.5375009e-01
   7.4625524e-01
   7.3868652e-01
   7.3104466e-01
   7.2333041e-01
   7.1554453e-01
   7.0768775e-01
   6.9976085e-01
   6.9176460e-01
   6.8369977e-01
   6.7556715e-01
   6.6736753e-01
   6.5910170e-01
   6.5077047e-01
   6.4237464e-01
   6.3391505e-01
   6.2539249e-01
   6.1680782e-01
   6.0816186e-01
   5.9945544e-01
   5.9068943e-01
   5.8186468e-01
   5.7298203e-01
   5.6404236e-01
   5.5504654e-01
   5.4599545e-01
   5.3688996e-01
   5.2773096e-01
   5.1851935e-01
   5.0925602e-01
   4.9994187e-01
   4.9057782e-01
   4.8116477e-01
   4.7170365e-01
   4.6219537e-01
   4.5264086e-01
   4.4304106e-01
   4.3339690e-01
   4.2370933e-01
   4.1397928e-01
   4.0420770e-01
   3.9439556e-01
   3.8454381e-01
   3.7465340e-01
   3.6472531e-01
   3.5476050e-01
   3.4475995e-01
   3.3472463e-01
   3.2465553e-01
   3.1455362e-01
   3.0441990e-01
   2.9425535e-01
   2.8406097e-01
   2.7383775e-01
   2.6358669e-01
   2.5330879e-01
   2.4300507e-01
   2.3267652e-01
   2.2232416e-01
   2.1194899e-01
   2.0155204e-01
   1.9113431e-01
   1.8069683e-01
   1.7024063e-01
   1.5976671e-01
   1.4927611e-01
   1.3876985e-01
   1.2824897e-01
   1.1771448e-01
   1.0716743e-01
   9.6608837e-02
   8.6039744e-02
   7.5461184e-02
   6.4874192e-02
   5.4279805e-02
   4.3679060e-02
   3.3072995e-02
   2.2462650e-02
   1.1849064e-02
   1.2332769e-03
  -9.3836717e-03
  -2.0000741e-02
  -3.0616891e-02
  -4.1231081e-02
  -5.1842270e-02
  -6.2449419e-02
  -7.3051487e-02
  -8.3647435e-02
  -9.4236224e-02
  -1.0481682e-01
  -1.1538817e-01
  -1.2594926e-01
  -1.3649903e-01
  -1.4703647e-01
  -1.5756052e-01
  -1.6807017e-01
  -1.7856438e-01
  -1.8904211e-01
  -1.9950235e-01
  -2.0994406e-01
  -2.2036621e-01
  -2.3076780e-01
  -2.4114779e-01
  -2.5150516e-01
  -2.6183890e-01
  -2.7214799e-01
  -2.8243142e-01
  -2.9268819e-01
  -3.0291727e-01
  -3.1311767e-01
  -3.2328839e-01
  -3.3342841e-01
  -3.4353676e-01
  -3.5361243e-01
  -3.6365444e-01
  -3.7366179e-01
  -3.8363350e-01
  -3.9356859e-01
  -4.0346609e-01
  -4.1332501e-01
  -4.2314440e-01
  -4.3292328e-01
  -4.4266070e-01
  -4.5235568e-01
  -4.6200729e-01
  -4.7161457e-01
  -4.8117657e-01
  -4.9069235e-01
  -5.0016097e-01
  -5.0958151e-01
  -5.1895303e-01
  -5.2827461e-01
  -5.3754534e-01
  -5.4676429e-01
  -5.5593057e-01
  -5.6504326e-01
  -5.7410147e-01
  -5.8310431e-01
  -5.9205088e-01
  -6.0094031e-01
  -6.0977172e-01
  -6.1854424e-01
  -6.2725700e-01
  -6.3590914e-01
  -6.4449981e-01
  -6.5302816e-01
  -6.6149335e-01
  -6.6989455e-01
  -6.7823092e-01
  -6.8650163e-01
  -6.9470589e-01
  -7.0284286e-01
  -7.1091175e-01
  -7.1891177e-01
  -7.2684211e-01
  -7.3470201e-01
  -7.4249067e-01
  -7.5020733e-01
  -7.5785122e-01
  -7.6542160e-01
  -7.7291771e-01
  -7.8033880e-01
  -7.8768415e-01
  -7.9495303e-01
  -8.0214471e-01
  -8.0925849e-01
  -8.1629366e-01
  -8.2324952e-01
  -8.3012538e-01
  -8.3692057e-01
  -8.4363440e-01
  -8.5026621e-01
  -8.5681535e-01
  -8.6328116e-01
  -8.6966301e-01
  -8.7596025e-01
  -8.8217227e-01
  -8.8829844e-01
  -8.9433816e-01
  -9.0029082e-01
  -9.0615585e-01
  -9.1193264e-01
  -9.1762063e-01
  -9.2321925e-01
  -9.2872794e-01
  -9.3414616e-01
  -9.3947336e-01
  -9.4470901e-01
  -9.4985260e-01
  -9.5490361e-01
  -9.5986153e-01
  -9.6472586e-01
  -9.6949614e-01
  -9.7417187e-01
  -9.7875259e-01
  -9.8323784e-01
  -9.8762717e-01
  -9.9192015e-01
  -9.9611633e-01
  -1.0002153e+00
  -1.0042167e+00
  -1.0081200e+00
  -1.0119249e+00
  -1.0156311e+00
  -1.0192380e+00
  -1.0227455e+00
  -1.0261530e+00
  -1.0294603e+00
  -1.0326671e+00
  -1.0357729e+00
  -1.0387776e+00
  -1.0416808e+00
  -1.0444821e+00
  -1.0471814e+00
  -1.0497783e+00
  -1.0522726e+00
  -1.0546640e+00
  -1.0569523e+00
  -1.0591372e+00
  -1.0612186e+00
  -1.0631961e+00
  -1.0650697e+00
  -1.0668391e+00
  -1.0685040e+00
  -1.0700645e+00
  -1.0715202e+00
  -1.0728711e+00
  -1.0741169e+00
  -1.0752576e+00
  -1.0762930e+00
  -1.0772231e+00
  -1.0780477e+00
  -1.0787667e+00
  -1.0793801e+00
  -1.0798878e+00
  -1.0802896e+00
  -1.0805857e+00
  -1.0807759e+00
  -1.0808601e+00
  -1.0808385e+00
  -1.0807109e+00
  -1.0804775e+00
  -1.0801381e+00
  -1.0796928e+00
  -1.0791417e+00
  -1.0784847e+00
  -1.0777220e+00
  -1.0768536e+00
  -1.0758796e+00
  -1.0748001e+00
  -1.0736151e+00
  -1.0723248e+00
  -1.0709293e+00
  -1.0694287e+00
  -1.0678231e+00
  -1.0661128e+00
  -1.0642978e+00
  -1.0623783e+00
  -1.0603545e+00
  -1.0582266e+00
  -1.0559948e+00
  -1.0536592e+00
  -1.0512202e+00
  -1.0486780e+00
  -1.0460327e+00
  -1.0432846e+00
  -1.0404340e+00
  -1.0374812e+00
  -1.0344265e+00
  -1.0312700e+00
  -1.0280122e+00
  -1.0246533e+00
  -1.0211937e+00
  -1.0176336e+00
  -1.0139735e+00
  -1.0102136e+00
  -1.0063544e+00
  -1.0023962e+00
  -9.9833936e-01
  -9.9418428e-01
  -9.8993136e-01
  -9.8558102e-01
  -9.8113366e-01
  -9.7658971e-01
  -9.7194961e-01
  -9.6721381e-01
  -9.6238275e-01
  -9.5745691e-01
  -9.5243675e-01
  -9.4732277e-01
  -9.4211544e-01
  -9.3681528e-01
  -9.3142279e-01
  -9.2593849e-01
  -9.2036291e-01
  -9.1469659e-01
  -9.0894008e-01
  -9.0309392e-01
  -8.9715869e-01
  -8.9113496e-01
  -8.8502330e-01
  -8.7882431e-01
  -8.7253859e-01
  -8.6616675e-01
  -8.5970940e-01
  -8.5316716e-01
  -8.4654067e-01
  -8.3983057e-01
  -8.3303751e-01
  -8.2616214e-01
  -8.1920514e-01
  -8.1216718e-01
  -8.0504893e-01
  -7.9785109e-01
  -7.9057435e-01
  -7.8321943e-01
  -7.7578703e-01
  -7.6827787e-01
  -7.6069269e-01
  -7.5303222e-01
  -7.4529719e-01
  -7.3748837e-01
  -7.2960652e-01
  -7.2165238e-01
  -7.1362675e-01
  -7.0553039e-01
  -6.9736410e-01
  -6.8912867e-01
  -6.8082490e-01
  -6.7245359e-01
  -6.6401556e-01
  -6.5551162e-01
  -6.4694262e-01
  -6.3830938e-01
  -6.2961273e-01
  -6.2085353e-01
  -6.1203263e-01
  -6.0315089e-01
  -5.9420916e-01
  -5.8520833e-01
  -5.7614926e-01
  -5.6703285e-01
  -5.5785997e-01
  -5.4863152e-01
  -5.3934840e-01
  -5.3001152e-01
  -5.2062178e-01
  -5.1118010e-01
  -5.0168740e-01
  -4.9214460e-01
  -4.8255264e-01
  -4.7291244e-01
  -4.6322496e-01
  -4.5349113e-01
  -4.4371191e-01
  -4.3388824e-01
  -4.2402109e-01
  -4.1411142e-01
  -4.0416019e-01
  -3.9416838e-01
  -3.8413697e-01
  -3.7406692e-01
  -3.6395923e-01
  -3.5381488e-01
  -3.4363487e-01
  -3.3342018e-01
  -3.2317181e-01
  -3.1289077e-01
  -3.0257805e-01
  -2.9223468e-01
  -2.8186165e-01
  -2.7145998e-01
  -2.6103069e-01
  -2.5057480e-01
  -2.4009332e-01
  -2.2958729e-01
  -2.1905773e-01
  -2.0850567e-01
  -1.9793215e-01
  -1.8733819e-01
  -1.7672483e-01
  -1.6609311e-01
  -1.5544407e-01
  -1.4477876e-01
  -1.3409821e-01
  -1.2340348e-01
  -1.1269560e-01
  -1.0197563e-01
  -9.1244618e-02
  -8.0503610e-02
  -6.9753660e-02
  -5.8995820e-02
  -4.8231145e-02
  -3.7460688e-02
  -2.6685505e-02
  -1.5906650e-02
  -5.1251803e-03
   5.6578484e-03
   1.6441379e-02
   2.7224356e-02
   3.8005721e-02
   4.8784418e-02
   5.9559391e-02
   7.0329583e-02
   8.1093938e-02
   9.1851401e-02
   1.0260092e-01
   1.1334143e-01
   1.2407189e-01
   1.3479124e-01
   1.4549843e-01
   1.5619242e-01
   1.6687214e-01
   1.7753656e-01
   1.8818462e-01
   1.9881529e-01
   2.0942751e-01
   2.2002025e-01
   2.3059247e-01
   2.4114312e-01
   2.5167117e-01
   2.6217560e-01
   2.7265536e-01
   2.8310942e-01
   2.9353677e-01
   3.0393637e-01
   3.1430721e-01
   3.2464826e-01
   3.3495850e-01
   3.4523693e-01
   3.5548254e-01
   3.6569431e-01
   3.7587125e-01
   3.8601234e-01
   3.9611661e-01
   4.0618304e-01
   4.1621065e-01
   4.2619846e-01
   4.3614548e-01
   4.4605073e-01
   4.5591324e-01
   4.6573203e-01
   4.7550615e-01
   4.8523462e-01
   4.9491650e-01
   5.0455082e-01
   5.1413664e-01
   5.2367301e-01
   5.3315900e-01
   5.4259367e-01
   5.5197609e-01
   5.6130533e-01
   5.7058049e-01
   5.7980063e-01
   5.8896486e-01
   5.9807226e-01
   6.0712195e-01
   6.1611303e-01
   6.2504460e-01
   6.3391580e-01
   6.4272575e-01
   6.5147357e-01
   6.6015840e-01
   6.6877939e-01
   6.7733569e-01
   6.8582644e-01
   6.9425082e-01
   7.0260798e-01
   7.1089711e-01
   7.1911738e-01
   7.2726798e-01
   7.3534811e-01
   7.4335697e-01
   7.5129377e-01
   7.5915771e-01
   7.6694803e-01
   7.7466395e-01
   7.8230471e-01
   7.8986955e-01
   7.9735773e-01
   8.0476850e-01
   8.1210113e-01
   8.1935489e-01
   8.2652906e-01
   8.3362294e-01
   8.4063582e-01
   8.4756701e-01
   8.5441581e-01
   8.6118155e-01
   8.6786355e-01
   8.7446117e-01
   8.8097373e-01
   8.8740059e-01
   8.9374112e-01
   8.9999468e-01
   9.0616066e-01
   9.1223843e-01
   9.1822741e-01
   9.2412698e-01
   9.2993657e-01
   9.3565559e-01
   9.4128348e-01
   9.4681967e-01
   9.5226362e-01
   9.5761478e-01
   9.6287262e-01
   9.6803661e-01
   9.7310625e-01
   9.7808101e-01
   9.8296041e-01
   9.8774396e-01
   9.9243117e-01
   9.9702159e-01
   1.0015148e+00
   1.0059102e+00
   1.0102075e+00
   1.0144062e+00
   1.0185060e+00
   1.0225063e+00
   1.0264068e+00
   1.0302071e+00
   1.0339068e+00
   1.0375055e+00
   1.0410029e+00
   1.0443987e+00
   1.0476924e+00
   1.0508838e+00
   1.0539725e+00
   1.0569582e+00
   1.0598406e+00
   1.0626195e+00
   1.0652945e+00
   1.0678653e+00
   1.0703317e+00
   1.0726935e+00
   1.0749504e+00
   1.0771022e+00
   1.0791486e+00
   1.0810895e+00
   1.0829246e+00
   1.0846538e+00
   1.0862769e+00
   1.0877936e+00
   1.0892039e+00
   1.0905076e+00
   1.0917046e+00
   1.0927946e+00
   1.0937777e+00
   1.0946537e+00
   1.0954225e+00
   1.0960841e+00
   1.0966383e+00
   1.0970850e+00
   1.0974243e+00
   1.0976561e+00
   1.0977803e+00
   1.0977970e+00
   1.0977061e+00
   1.0975076e+00
   1.0972015e+00
   1.0967878e+00
   1.0962667e+00
   1.0956380e+00
   1.0949020e+00
   1.0940585e+00
   1.0931078e+00
   1.0920498e+00
   1.0908847e+00
   1.0896126e+00
   1.0882336e+00
   1.0867477e+00
   1.0851553e+00
   1.0834563e+00
   1.0816510e+00
   1.0797396e+00
   1.0777221e+00
   1.0755988e+00
   1.0733699e+00
   1.0710356e+00
   1.0685961e+00
   1.0660516e+00
   1.0634024e+00
   1.0606487e+00
   1.0577908e+00
   1.0548290e+00
   1.0517635e+00
   1.0485947e+00
   1.0453227e+00
   1.0419481e+00
   1.0384709e+00
   1.0348917e+00
   1.0312106e+00
   1.0274282e+00
   1.0235447e+00
   1.0195605e+00
   1.0154760e+00
   1.0112916e+00
   1.0070077e+00
   1.0026247e+00
   9.9814296e-01
   9.9356299e-01
   9.8888519e-01
   9.8411003e-01
   9.7923796e-01
   9.7426944e-01
   9.6920496e-01
   9.6404500e-01
   9.5879006e-01
   9.5344064e-01
   9.4799726e-01
   9.4246045e-01
   9.3683073e-01
   9.3110865e-01
   9.2529476e-01
   9.1938962e-01
   9.1339380e-01
   9.0730788e-01
   9.0113245e-01
   8.9486810e-01
   8.8851544e-01
   8.8207509e-01
   8.7554766e-01
   8.6893378e-01
   8.6223411e-01
   8.5544927e-01
   8.4857994e-01
   8.4162678e-01
   8.3459045e-01
   8.2747165e-01
   8.2027105e-01
   8.1298936e-01
   8.0562729e-01
   7.9818554e-01
   7.9066484e-01
   7.8306592e-01
   7.7538952e-01
   7.6763637e-01
   7.5980723e-01
   7.5190287e-01
   7.4392405e-01
   7.3587154e-01
   7.2774612e-01
   7.1954859e-01
   7.1127974e-01
   7.0294038e-01
   6.9453131e-01
   6.8605335e-01
   6.7750732e-01
   6.6889407e-01
   6.6021441e-01
   6.5146921e-01
   6.4265931e-01
   6.3378556e-01
   6.2484883e-01
   6.1584999e-01
   6.0678991e-01
   5.9766948e-01
   5.8848959e-01
   5.7925112e-01
   5.6995499e-01
   5.6060208e-01
   5.5119332e-01
   5.4172962e-01
   5.3221191e-01
   5.2264110e-01
   5.1301814e-01
   5.0334396e-01
   4.9361950e-01
   4.8384572e-01
   4.7402356e-01
   4.6415398e-01
   4.5423795e-01
   4.4427643e-01
   4.3427040e-01
   4.2422083e-01
   4.1412870e-01
   4.0399500e-01
   3.9382071e-01
   3.8360683e-01
   3.7335435e-01
   3.6306428e-01
   3.5273763e-01
   3.4237539e-01
   3.3197858e-01
   3.2154823e-01
   3.1108533e-01
   3.0059093e-01
   2.9006604e-01
   2.7951169e-01
   2.6892892e-01
   2.5831875e-01
   2.4768223e-01
   2.3702039e-01
   2.2633428e-01
   2.1562494e-01
   2.0489343e-01
   1.9414078e-01
   1.8336805e-01
   1.7257629e-01
   1.6176657e-01
   1.5093993e-01
   1.4009744e-01
   1.2924016e-01
   1.1836914e-01
   1.0748546e-01
   9.6590187e-02
   8.5684375e-02
   7.4769097e-02
   6.3845423e-02
   5.2914421e-02
   4.1977162e-02
   3.1034717e-02
   2.0088159e-02
   9.1385594e-03
  -1.8130090e-03
  -1.2765473e-02
  -2.3717759e-02
  -3.4668794e-02
  -4.5617505e-02
  -5.6562818e-02
  -6.7503661e-02
  -7.8438961e-02
  -8.9367645e-02
  -1.0028864e-01
  -1.1120088e-01
  -1.2210329e-01
  -1.3299481e-01
  -1.4387435e-01
  -1.5474087e-01
  -1.6559328e-01
  -1.7643053e-01
  -1.8725155e-01
  -1.9805528e-01
  -2.0884066e-01
  -2.1960663e-01
  -2.3035214e-01
  -2.4107612e-01
  -2.5177753e-01
  -2.6245531e-01
  -2.7310842e-01
  -2.8373581e-01
  -2.9433643e-01
  -3.0490925e-01
  -3.1545322e-01
  -3.2596732e-01
  -3.3645049e-01
  -3.4690173e-01
  -3.5731999e-01
  -3.6770425e-01
  -3.7805350e-01
  -3.8836671e-01
  -3.9864287e-01
  -4.0888097e-01
  -4.1908001e-01
  -4.2923897e-01
  -4.3935687e-01
  -4.4943270e-01
  -4.5946547e-01
  -4.6945420e-01
  -4.7939790e-01
  -4.8929559e-01
  -4.9914631e-01
  -5.0894907e-01
  -5.1870291e-01
  -5.2840688e-01
  -5.3806002e-01
  -5.4766137e-01
  -5.5720999e-01
  -5.6670494e-01
  -5.7614529e-01
  -5.8553010e-01
  -5.9485844e-01
  -6.0412940e-01
  -6.1334207e-01
  -6.2249554e-01
  -6.3158889e-01
  -6.4062124e-01
  -6.4959170e-01
  -6.5849937e-01
  -6.6734338e-01
  -6.7612287e-01
  -6.8483695e-01
  -6.9348477e-01
  -7.0206548e-01
  -7.1057822e-01
  -7.1902216e-01
  -7.2739647e-01
  -7.3570031e-01
  -7.4393287e-01
  -7.5209333e-01
  -7.6018088e-01
  -7.6819473e-01
  -7.7613408e-01
  -7.8399815e-01
  -7.9178616e-01
  -7.9949733e-01
  -8.0713091e-01
  -8.1468614e-01
  -8.2216227e-01
  -8.2955856e-01
  -8.3687428e-01
  -8.4410870e-01
  -8.5126111e-01
  -8.5833080e-01
  -8.6531706e-01
  -8.7221921e-01
  -8.7903655e-01
  -8.8576842e-01
  -8.9241414e-01
  -8.9897306e-01
  -9.0544452e-01
  -9.1182788e-01
  -9.1812251e-01
  -9.2432777e-01
  -9.3044307e-01
  -9.3646777e-01
  -9.4240130e-01
  -9.4824305e-01
  -9.5399244e-01
  -9.5964891e-01
  -9.6521189e-01
  -9.7068082e-01
  -9.7605516e-01
  -9.8133437e-01
  -9.8651793e-01
  -9.9160532e-01
  -9.9659603e-01
  -1.0014896e+00
  -1.0062854e+00
  -1.0109831e+00
  -1.0155823e+00
  -1.0200823e+00
  -1.0244828e+00
  -1.0287833e+00
  -1.0329834e+00
  -1.0370828e+00
  -1.0410808e+00
  -1.0449773e+00
  -1.0487717e+00
  -1.0524637e+00
  -1.0560530e+00
  -1.0595390e+00
  -1.0629216e+00
  -1.0662004e+00
  -1.0693750e+00
  -1.0724451e+00
  -1.0754104e+00
  -1.0782706e+00
  -1.0810255e+00
  -1.0836746e+00
  -1.0862178e+00
  -1.0886548e+00
  -1.0909854e+00
  -1.0932093e+00
  -1.0953262e+00
  -1.0973360e+00
  -1.0992385e+00
  -1.1010335e+00
  -1.1027207e+00
  -1.1043000e+00
  -1.1057712e+00
  -1.1071343e+00
  -1.1083889e+00
  -1.1095351e+00
  -1.1105726e+00
  -1.1115014e+00
  -1.1123214e+00
  -1.1130324e+00
  -1.1136345e+00
  -1.1141274e+00
  -1.1145112e+00
  -1.1147859e+00
  -1.1149513e+00
  -1.1150075e+00
  -1.1149544e+00
  -1.1147920e+00
  -1.1145203e+00
  -1.1141395e+00
  -1.1136494e+00
  -1.1130501e+00
  -1.1123416e+00
  -1.1115241e+00
  -1.1105976e+00
  -1.1095621e+00
  -1.1084179e+00
  -1.1071648e+00
  -1.1058032e+00
  -1.1043330e+00
  -1.1027545e+00
  -1.1010678e+00
  -1.0992729e+00
  -1.0973702e+00
  -1.0953598e+00
  -1.0932418e+00
  -1.0910164e+00
  -1.0886840e+00
  -1.0862446e+00
  -1.0836985e+00
  -1.0810459e+00
  -1.0782872e+00
  -1.0754225e+00
  -1.0724522e+00
  -1.0693764e+00
  -1.0661956e+00
  -1.0629099e+00
  -1.0595198e+00
  -1.0560255e+00
  -1.0524274e+00
  -1.0487257e+00
  -1.0449210e+00
  -1.0410135e+00
  -1.0370035e+00
  -1.0328916e+00
  -1.0286780e+00
  -1.0243632e+00
  -1.0199476e+00
  -1.0154316e+00
  -1.0108156e+00
  -1.0061001e+00
  -1.0012856e+00
  -9.9637247e-01
  -9.9136121e-01
  -9.8625231e-01
  -9.8104626e-01
  -9.7574356e-01
  -9.7034471e-01
  -9.6485024e-01
  -9.5926067e-01
  -9.5357655e-01
  -9.4779843e-01
  -9.4192685e-01
  -9.3596239e-01
  -9.2990562e-01
  -9.2375712e-01
  -9.1751750e-01
  -9.1118734e-01
  -9.0476727e-01
  -8.9825791e-01
  -8.9165987e-01
  -8.8497381e-01
  -8.7820036e-01
  -8.7134019e-01
  -8.6439395e-01
  -8.5736232e-01
  -8.5024598e-01
  -8.4304562e-01
  -8.3576194e-01
  -8.2839563e-01
  -8.2094743e-01
  -8.1341804e-01
  -8.0580819e-01
  -7.9811863e-01
  -7.9035011e-01
  -7.8250336e-01
  -7.7457917e-01
  -7.6657828e-01
  -7.5850149e-01
  -7.5034957e-01
  -7.4212332e-01
  -7.3382354e-01
  -7.2545103e-01
  -7.1700660e-01
  -7.0849108e-01
  -6.9990529e-01
  -6.9125007e-01
  -6.8252626e-01
  -6.7373471e-01
  -6.6487627e-01
  -6.5595180e-01
  -6.4696218e-01
  -6.3790827e-01
  -6.2879096e-01
  -6.1961114e-01
  -6.1036969e-01
  -6.0106752e-01
  -5.9170554e-01
  -5.8228465e-01
  -5.7280577e-01
  -5.6326983e-01
  -5.5367776e-01
  -5.4403048e-01
  -5.3432895e-01
  -5.2457410e-01
  -5.1476688e-01
  -5.0490826e-01
  -4.9499919e-01
  -4.8504064e-01
  -4.7503357e-01
  -4.6497898e-01
  -4.5487783e-01
  -4.4473111e-01
  -4.3453982e-01
  -4.2430494e-01
  -4.1402748e-01
  -4.0370843e-01
  -3.9334881e-01
  -3.8294963e-01
  -3.7251190e-01
  -3.6203664e-01
  -3.5152487e-01
  -3.4097762e-01
  -3.3039593e-01
  -3.1978082e-01
  -3.0913333e-01
  -2.9845450e-01
  -2.8774537e-01
  -2.7700700e-01
  -2.6624043e-01
  -2.5544671e-01
  -2.4462690e-01
  -2.3378206e-01
  -2.2291324e-01
  -2.1202151e-01
  -2.0110794e-01
  -1.9017359e-01
  -1.7921953e-01
  -1.6824683e-01
  -1.5725657e-01
  -1.4624982e-01
  -1.3522766e-01
  -1.2419117e-01
  -1.1314143e-01
  -1.0207951e-01
  -9.1006508e-02
  -7.9923502e-02
  -6.8831576e-02
  -5.7731818e-02
  -4.6625315e-02
  -3.5513153e-02
  -2.4396423e-02
  -1.3276212e-02
  -2.1536105e-03
   8.9702922e-03
   2.0094406e-02
   3.1217641e-02
   4.2338906e-02
   5.3457112e-02
   6.4571169e-02
   7.5679987e-02
   8.6782477e-02
   9.7877551e-02
   1.0896412e-01
   1.2004110e-01
   1.3110739e-01
   1.4216193e-01
   1.5320361e-01
   1.6423137e-01
   1.7524411e-01
   1.8624075e-01
   1.9722022e-01
   2.0818144e-01
   2.1912334e-01
   2.3004483e-01
   2.4094484e-01
   2.5182232e-01
   2.6267617e-01
   2.7350536e-01
   2.8430879e-01
   2.9508543e-01
   3.0583420e-01
   3.1655406e-01
   3.2724394e-01
   3.3790280e-01
   3.4852959e-01
   3.5912326e-01
   3.6968278e-01
   3.8020711e-01
   3.9069521e-01
   4.0114604e-01
   4.1155859e-01
   4.2193183e-01
   4.3226473e-01
   4.4255629e-01
   4.5280548e-01
   4.6301130e-01
   4.7317275e-01
   4.8328882e-01
   4.9335852e-01
   5.0338086e-01
   5.1335485e-01
   5.2327950e-01
   5.3315385e-01
   5.4297692e-01
   5.5274774e-01
   5.6246535e-01
   5.7212878e-01
   5.8173710e-01
   5.9128935e-01
   6.0078459e-01
   6.1022188e-01
   6.1960029e-01
   6.2891890e-01
   6.3817679e-01
   6.4737305e-01
   6.5650677e-01
   6.6557704e-01
   6.7458298e-01
   6.8352369e-01
   6.9239829e-01
   7.0120590e-01
   7.0994566e-01
   7.1861670e-01
   7.2721817e-01
   7.3574921e-01
   7.4420899e-01
   7.5259666e-01
   7.6091140e-01
   7.6915238e-01
   7.7731880e-01
   7.8540984e-01
   7.9342470e-01
   8.0136259e-01
   8.0922272e-01
   8.1700433e-01
   8.2470662e-01
   8.3232886e-01
   8.3987027e-01
   8.4733011e-01
   8.5470764e-01
   8.6200214e-01
   8.6921288e-01
   8.7633913e-01
   8.8338021e-01
   8.9033541e-01
   8.9720403e-01
   9.0398540e-01
   9.1067884e-01
   9.1728370e-01
   9.2379931e-01
   9.3022502e-01
   9.3656020e-01
   9.4280422e-01
   9.4895646e-01
   9.5501630e-01
   9.6098314e-01
   9.6685640e-01
   9.7263547e-01
   9.7831980e-01
   9.8390880e-01
   9.8940193e-01
   9.9479864e-01
   1.0000984e+00
   1.0053006e+00
   1.0104049e+00
   1.0154106e+00
   1.0203173e+00
   1.0251245e+00
   1.0298317e+00
   1.0344385e+00
   1.0389443e+00
   1.0433487e+00
   1.0476514e+00
   1.0518517e+00
   1.0559495e+00
   1.0599441e+00
   1.0638352e+00
   1.0676225e+00
   1.0713055e+00
   1.0748839e+00
   1.0783573e+00
   1.0817254e+00
   1.0849877e+00
   1.0881441e+00
   1.0911942e+00
   1.0941376e+00
   1.0969740e+00
   1.0997033e+00
   1.1023250e+00
   1.1048390e+00
   1.1072449e+00
   1.1095426e+00
   1.1117318e+00
   1.1138122e+00
   1.1157837e+00
   1.1176460e+00
   1.1193990e+00
   1.1210424e+00
   1.1225761e+00
   1.1240000e+00
   1.1253139e+00
   1.1265176e+00
   1.1276110e+00
   1.1285941e+00
   1.1294666e+00
   1.1302285e+00
   1.1308798e+00
   1.1314203e+00
   1.1318499e+00
   1.1321687e+00
   1.1323765e+00
   1.1324734e+00
   1.1324594e+00
   1.1323343e+00
   1.1320983e+00
   1.1317513e+00
   1.1312933e+00
   1.1307244e+00
   1.1300447e+00
   1.1292542e+00
   1.1283529e+00
   1.1273409e+00
   1.1262184e+00
   1.1249854e+00
   1.1236420e+00
   1.1221884e+00
   1.1206246e+00
   1.1189509e+00
   1.1171674e+00
   1.1152742e+00
   1.1132715e+00
   1.1111595e+00
   1.1089384e+00
   1.1066085e+00
   1.1041698e+00
   1.1016227e+00
   1.0989674e+00
   1.0962042e+00
   1.0933332e+00
   1.0903548e+00
   1.0872693e+00
   1.0840769e+00
   1.0807779e+00
   1.0773727e+00
   1.0738616e+00
   1.0702450e+00
   1.0665230e+00
   1.0626962e+00
   1.0587649e+00
   1.0547295e+00
   1.0505902e+00
   1.0463476e+00
   1.0420021e+00
   1.0375540e+00
   1.0330038e+00
   1.0283519e+00
   1.0235988e+00
   1.0187449e+00
   1.0137907e+00
   1.0087366e+00
   1.0035832e+00
   9.9833096e-01
   9.9298035e-01
   9.8753191e-01
   9.8198615e-01
   9.7634362e-01
   9.7060485e-01
   9.6477040e-01
   9.5884083e-01
   9.5281671e-01
   9.4669862e-01
   9.4048716e-01
   9.3418293e-01
   9.2778652e-01
   9.2129857e-01
   9.1471969e-01
   9.0805053e-01
   9.0129172e-01
   8.9444392e-01
   8.8750780e-01
   8.8048402e-01
   8.7337327e-01
   8.6617623e-01
   8.5889359e-01
   8.5152608e-01
   8.4407439e-01
   8.3653925e-01
   8.2892139e-01
   8.2122155e-01
   8.1344048e-01
   8.0557893e-01
   7.9763766e-01
   7.8961744e-01
   7.8151905e-01
   7.7334329e-01
   7.6509093e-01
   7.5676279e-01
   7.4835966e-01
   7.3988238e-01
   7.3133175e-01
   7.2270862e-01
   7.1401381e-01
   7.0524819e-01
   6.9641258e-01
   6.8750787e-01
   6.7853490e-01
   6.6949456e-01
   6.6038772e-01
   6.5121527e-01
   6.4197811e-01
   6.3267712e-01
   6.2331322e-01
   6.1388732e-01
   6.0440033e-01
   5.9485319e-01
   5.8524681e-01
   5.7558213e-01
   5.6586011e-01
   5.5608167e-01
   5.4624778e-01
   5.3635940e-01
   5.2641748e-01
   5.1642300e-01
   5.0637693e-01
   4.9628025e-01
   4.8613394e-01
   4.7593900e-01
   4.6569642e-01
   4.5540720e-01
   4.4507234e-01
   4.3469285e-01
   4.2426974e-01
   4.1380403e-01
   4.0329674e-01
   3.9274890e-01
   3.8216154e-01
   3.7153569e-01
   3.6087239e-01
   3.5017267e-01
   3.3943759e-01
   3.2866820e-01
   3.1786553e-01
   3.0703066e-01
   2.9616464e-01
   2.8526853e-01
   2.7434340e-01
   2.6339031e-01
   2.5241033e-01
   2.4140454e-01
   2.3037401e-01
   2.1931983e-01
   2.0824307e-01
   1.9714482e-01
   1.8602616e-01
   1.7488818e-01
   1.6373196e-01
   1.5255861e-01
   1.4136922e-01
   1.3016487e-01
   1.1894667e-01
   1.0771571e-01
   9.6473098e-02
   8.5219928e-02
   7.3957303e-02
   6.2686327e-02
   5.1408103e-02
   4.0123735e-02
   2.8834330e-02
   1.7540993e-02
   6.2448294e-03
  -5.0530528e-03
  -1.6351547e-02
  -2.7649546e-02
  -3.8945943e-02
  -5.0239630e-02
  -6.1529500e-02
  -7.2814446e-02
  -8.4093363e-02
  -9.5365144e-02
  -1.0662868e-01
  -1.1788288e-01
  -1.2912662e-01
  -1.4035881e-01
  -1.5157835e-01
  -1.6278413e-01
  -1.7397506e-01
  -1.8515004e-01
  -1.9630796e-01
  -2.0744774e-01
  -2.1856829e-01
  -2.2966850e-01
  -2.4074729e-01
  -2.5180358e-01
  -2.6283627e-01
  -2.7384428e-01
  -2.8482654e-01
  -2.9578196e-01
  -3.0670947e-01
  -3.1760799e-01
  -3.2847645e-01
  -3.3931379e-01
  -3.5011894e-01
  -3.6089083e-01
  -3.7162842e-01
  -3.8233063e-01
  -3.9299643e-01
  -4.0362475e-01
  -4.1421457e-01
  -4.2476483e-01
  -4.3527449e-01
  -4.4574253e-01
  -4.5616791e-01
  -4.6654961e-01
  -4.7688661e-01
  -4.8717788e-01
  -4.9742242e-01
  -5.0761921e-01
  -5.1776726e-01
  -5.2786556e-01
  -5.3791312e-01
  -5.4790895e-01
  -5.5785206e-01
  -5.6774148e-01
  -5.7757622e-01
  -5.8735533e-01
  -5.9707784e-01
  -6.0674279e-01
  -6.1634922e-01
  -6.2589619e-01
  -6.3538276e-01
  -6.4480799e-01
  -6.5417096e-01
  -6.6347073e-01
  -6.7270640e-01
  -6.8187704e-01
  -6.9098176e-01
  -7.0001965e-01
  -7.0898983e-01
  -7.1789141e-01
  -7.2672350e-01
  -7.3548525e-01
  -7.4417577e-01
  -7.5279422e-01
  -7.6133973e-01
  -7.6981148e-01
  -7.7820861e-01
  -7.8653030e-01
  -7.9477572e-01
  -8.0294407e-01
  -8.1103453e-01
  -8.1904630e-01
  -8.2697858e-01
  -8.3483061e-01
  -8.4260158e-01
  -8.5029075e-01
  -8.5789734e-01
  -8.6542060e-01
  -8.7285978e-01
  -8.8021416e-01
  -8.8748299e-01
  -8.9466557e-01
  -9.0176117e-01
  -9.0876909e-01
  -9.1568864e-01
  -9.2251914e-01
  -9.2925989e-01
  -9.3591024e-01
  -9.4246952e-01
  -9.4893708e-01
  -9.5531228e-01
  -9.6159448e-01
  -9.6778306e-01
  -9.7387741e-01
  -9.7987691e-01
  -9.8578097e-01
  -9.9158901e-01
  -9.9730044e-01
  -1.0029147e+00
  -1.0084312e+00
  -1.0138494e+00
  -1.0191688e+00
  -1.0243889e+00
  -1.0295091e+00
  -1.0345288e+00
  -1.0394477e+00
  -1.0442652e+00
  -1.0489809e+00
  -1.0535942e+00
  -1.0581047e+00
  -1.0625119e+00
  -1.0668155e+00
  -1.0710149e+00
  -1.0751098e+00
  -1.0790997e+00
  -1.0829843e+00
  -1.0867631e+00
  -1.0904357e+00
  -1.0940019e+00
  -1.0974612e+00
  -1.1008133e+00
  -1.1040579e+00
  -1.1071945e+00
  -1.1102230e+00
  -1.1131430e+00
  -1.1159541e+00
  -1.1186562e+00
  -1.1212489e+00
  -1.1237320e+00
  -1.1261052e+00
  -1.1283683e+00
  -1.1305210e+00
  -1.1325631e+00
  -1.1344945e+00
  -1.1363148e+00
  -1.1380240e+00
  -1.1396218e+00
  -1.1411081e+00
  -1.1424827e+00
  -1.1437455e+00
  -1.1448963e+00
  -1.1459350e+00
  -1.1468615e+00
  -1.1476758e+00
  -1.1483776e+00
  -1.1489670e+00
  -1.1494438e+00
  -1.1498080e+00
  -1.1500596e+00
  -1.1501985e+00
  -1.1502246e+00
  -1.1501381e+00
  -1.1499389e+00
  -1.1496269e+00
  -1.1492022e+00
  -1.1486649e+00
  -1.1480150e+00
  -1.1472524e+00
  -1.1463774e+00
  -1.1453900e+00
  -1.1442902e+00
  -1.1430781e+00
  -1.1417539e+00
  -1.1403177e+00
  -1.1387696e+00
  -1.1371098e+00
  -1.1353383e+00
  -1.1334554e+00
  -1.1314613e+00
  -1.1293561e+00
  -1.1271400e+00
  -1.1248132e+00
  -1.1223759e+00
  -1.1198284e+00
  -1.1171710e+00
  -1.1144037e+00
  -1.1115270e+00
  -1.1085411e+00
  -1.1054463e+00
  -1.1022428e+00
  -1.0989310e+00
  -1.0955112e+00
  -1.0919837e+00
  -1.0883488e+00
  -1.0846069e+00
  -1.0807583e+00
  -1.0768035e+00
  -1.0727427e+00
  -1.0685764e+00
  -1.0643050e+00
  -1.0599288e+00
  -1.0554484e+00
  -1.0508641e+00
  -1.0461763e+00
  -1.0413856e+00
  -1.0364923e+00
  -1.0314970e+00
  -1.0264001e+00
  -1.0212022e+00
  -1.0159036e+00
  -1.0105049e+00
  -1.0050067e+00
  -9.9940951e-01
  -9.9371379e-01
  -9.8792013e-01
  -9.8202908e-01
  -9.7604122e-01
  -9.6995711e-01
  -9.6377736e-01
  -9.5750255e-01
  -9.5113329e-01
  -9.4467019e-01
  -9.3811388e-01
  -9.3146500e-01
  -9.2472418e-01
  -9.1789208e-01
  -9.1096935e-01
  -9.0395667e-01
  -8.9685472e-01
  -8.8966417e-01
  -8.8238574e-01
  -8.7502012e-01
  -8.6756802e-01
  -8.6003017e-01
  -8.5240730e-01
  -8.4470015e-01
  -8.3690947e-01
  -8.2903600e-01
  -8.2108051e-01
  -8.1304378e-01
  -8.0492658e-01
  -7.9672971e-01
  -7.8845395e-01
  -7.8010011e-01
  -7.7166901e-01
  -7.6316145e-01
  -7.5457827e-01
  -7.4592030e-01
  -7.3718838e-01
  -7.2838336e-01
  -7.1950610e-01
  -7.1055746e-01
  -7.0153830e-01
  -6.9244951e-01
  -6.8329197e-01
  -6.7406657e-01
  -6.6477421e-01
  -6.5541578e-01
  -6.4599221e-01
  -6.3650441e-01
  -6.2695330e-01
  -6.1733982e-01
  -6.0766489e-01
  -5.9792946e-01
  -5.8813449e-01
  -5.7828091e-01
  -5.6836970e-01
  -5.5840182e-01
  -5.4837823e-01
  -5.3829993e-01
  -5.2816788e-01
  -5.1798308e-01
  -5.0774652e-01
  -4.9745919e-01
  -4.8712211e-01
  -4.7673627e-01
  -4.6630270e-01
  -4.5582241e-01
  -4.4529642e-01
  -4.3472576e-01
  -4.2411146e-01
  -4.1345456e-01
  -4.0275609e-01
  -3.9201710e-01
  -3.8123865e-01
  -3.7042178e-01
  -3.5956754e-01
  -3.4867701e-01
  -3.3775124e-01
  -3.2679129e-01
  -3.1579825e-01
  -3.0477318e-01
  -2.9371717e-01
  -2.8263128e-01
  -2.7151662e-01
  -2.6037425e-01
  -2.4920527e-01
  -2.3801078e-01
  -2.2679187e-01
  -2.1554963e-01
  -2.0428517e-01
  -1.9299958e-01
  -1.8169397e-01
  -1.7036945e-01
  -1.5902712e-01
  -1.4766810e-01
  -1.3629349e-01
  -1.2490441e-01
  -1.1350197e-01
  -1.0208729e-01
  -9.0661491e-02
  -7.9225686e-02
  -6.7780995e-02
  -5.6328541e-02
  -4.4869444e-02
  -3.3404827e-02
  -2.1935812e-02
  -1.0463524e-02
   1.0109136e-03
   1.2486377e-02
   2.3961741e-02
   3.5435881e-02
   4.6907674e-02
   5.8375993e-02
   6.9839716e-02
   8.1297717e-02
   9.2748875e-02
   1.0419206e-01
   1.1562617e-01
   1.2705006e-01
   1.3846261e-01
   1.4986272e-01
   1.6124926e-01
   1.7262111e-01
   1.8397716e-01
   1.9531629e-01
   2.0663740e-01
   2.1793936e-01
   2.2922107e-01
   2.4048142e-01
   2.5171931e-01
   2.6293364e-01
   2.7412329e-01
   2.8528718e-01
   2.9642420e-01
   3.0753326e-01
   3.1861328e-01
   3.2966315e-01
   3.4068181e-01
   3.5166815e-01
   3.6262111e-01
   3.7353960e-01
   3.8442256e-01
   3.9526891e-01
   4.0607759e-01
   4.1684753e-01
   4.2757768e-01
   4.3826697e-01
   4.4891437e-01
   4.5951881e-01
   4.7007926e-01
   4.8059467e-01
   4.9106402e-01
   5.0148627e-01
   5.1186040e-01
   5.2218537e-01
   5.3246019e-01
   5.4268384e-01
   5.5285530e-01
   5.6297358e-01
   5.7303768e-01
   5.8304660e-01
   5.9299937e-01
   6.0289501e-01
   6.1273252e-01
   6.2251096e-01
   6.3222934e-01
   6.4188672e-01
   6.5148214e-01
   6.6101466e-01
   6.7048333e-01
   6.7988722e-01
   6.8922541e-01
   6.9849696e-01
   7.0770098e-01
   7.1683653e-01
   7.2590274e-01
   7.3489869e-01
   7.4382351e-01
   7.5267630e-01
   7.6145621e-01
   7.7016234e-01
   7.7879386e-01
   7.8734990e-01
   7.9582962e-01
   8.0423218e-01
   8.1255674e-01
   8.2080249e-01
   8.2896862e-01
   8.3705430e-01
   8.4505874e-01
   8.5298116e-01
   8.6082075e-01
   8.6857676e-01
   8.7624840e-01
   8.8383492e-01
   8.9133558e-01
   8.9874961e-01
   9.0607630e-01
   9.1331490e-01
   9.2046471e-01
   9.2752502e-01
   9.3449512e-01
   9.4137433e-01
   9.4816195e-01
   9.5485732e-01
   9.6145977e-01
   9.6796864e-01
   9.7438329e-01
   9.8070308e-01
   9.8692738e-01
   9.9305557e-01
   9.9908704e-01
   1.0050212e+00
   1.0108574e+00
   1.0165952e+00
   1.0222339e+00
   1.0277729e+00
   1.0332118e+00
   1.0385500e+00
   1.0437869e+00
   1.0489220e+00
   1.0539548e+00
   1.0588849e+00
   1.0637116e+00
   1.0684346e+00
   1.0730533e+00
   1.0775674e+00
   1.0819762e+00
   1.0862795e+00
   1.0904767e+00
   1.0945675e+00
   1.0985514e+00
   1.1024281e+00
   1.1061971e+00
   1.1098580e+00
   1.1134106e+00
   1.1168544e+00
   1.1201890e+00
   1.1234142e+00
   1.1265297e+00
   1.1295350e+00
   1.1324299e+00
   1.1352142e+00
   1.1378875e+00
   1.1404495e+00
   1.1429000e+00
   1.1452387e+00
   1.1474654e+00
   1.1495799e+00
   1.1515820e+00
   1.1534714e+00
   1.1552479e+00
   1.1569114e+00
   1.1584617e+00
   1.1598986e+00
   1.1612220e+00
   1.1624317e+00
   1.1635276e+00
   1.1645096e+00
   1.1653775e+00
   1.1661314e+00
   1.1667710e+00
   1.1672963e+00
   1.1677074e+00
   1.1680040e+00
   1.1681861e+00
   1.1682539e+00
   1.1682071e+00
   1.1680458e+00
   1.1677701e+00
   1.1673799e+00
   1.1668752e+00
   1.1662562e+00
   1.1655228e+00
   1.1646750e+00
   1.1637131e+00
   1.1626371e+00
   1.1614470e+00
   1.1601429e+00
   1.1587250e+00
   1.1571935e+00
   1.1555484e+00
   1.1537898e+00
   1.1519181e+00
   1.1499332e+00
   1.1478355e+00
   1.1456251e+00
   1.1433022e+00
   1.1408670e+00
   1.1383198e+00
   1.1356608e+00
   1.1328902e+00
   1.1300083e+00
   1.1270154e+00
   1.1239118e+00
   1.1206977e+00
   1.1173735e+00
   1.1139394e+00
   1.1103958e+00
   1.1067431e+00
   1.1029816e+00
   1.0991116e+00
   1.0951335e+00
   1.0910477e+00
   1.0868545e+00
   1.0825545e+00
   1.0781479e+00
   1.0736352e+00
   1.0690169e+00
   1.0642934e+00
   1.0594651e+00
   1.0545325e+00
   1.0494961e+00
   1.0443563e+00
   1.0391137e+00
   1.0337687e+00
   1.0283219e+00
   1.0227738e+00
   1.0171249e+00
   1.0113758e+00
   1.0055270e+00
   9.9957908e-01
   9.9353262e-01
   9.8738821e-01
   9.8114643e-01
   9.7480789e-01
   9.6837320e-01
   9.6184297e-01
   9.5521785e-01
   9.4849846e-01
   9.4168546e-01
   9.3477951e-01
   9.2778128e-01
   9.2069143e-01
   9.1351067e-01
   9.0623967e-01
   8.9887915e-01
   8.9142982e-01
   8.8389240e-01
   8.7626762e-01
   8.6855622e-01
   8.6075895e-01
   8.5287655e-01
   8.4490980e-01
   8.3685947e-01
   8.2872634e-01
   8.2051119e-01
   8.1221484e-01
   8.0383807e-01
   7.9538170e-01
   7.8684656e-01
   7.7823347e-01
   7.6954327e-01
   7.6077680e-01
   7.5193491e-01
   7.4301848e-01
   7.3402835e-01
   7.2496540e-01
   7.1583052e-01
   7.0662460e-01
   6.9734852e-01
   6.8800319e-01
   6.7858953e-01
   6.6910843e-01
   6.5956084e-01
   6.4994768e-01
   6.4026987e-01
   6.3052838e-01
   6.2072413e-01
   6.1085810e-01
   6.0093123e-01
   5.9094450e-01
   5.8089888e-01
   5.7079534e-01
   5.6063488e-01
   5.5041848e-01
   5.4014714e-01
   5.2982185e-01
   5.1944364e-01
   5.0901349e-01
   4.9853245e-01
   4.8800152e-01
   4.7742173e-01
   4.6679412e-01
   4.5611973e-01
   4.4539958e-01
   4.3463474e-01
   4.2382625e-01
   4.1297516e-01
   4.0208254e-01
   3.9114945e-01
   3.8017695e-01
   3.6916612e-01
   3.5811804e-01
   3.4703377e-01
   3.3591441e-01
   3.2476104e-01
   3.1357475e-01
   3.0235664e-01
   2.9110779e-01
   2.7982931e-01
   2.6852231e-01
   2.5718788e-01
   2.4582713e-01
   2.3444118e-01
   2.2303114e-01
   2.1159813e-01
   2.0014326e-01
   1.8866765e-01
   1.7717242e-01
   1.6565871e-01
   1.5412764e-01
   1.4258033e-01
   1.3101791e-01
   1.1944153e-01
   1.0785230e-01
   9.6251368e-02
   8.4639866e-02
   7.3018932e-02
   6.1389703e-02
   4.9753318e-02
   3.8110917e-02
   2.6463641e-02
   1.4812629e-02
   3.1590239e-03
  -8.4960328e-03
  -2.0151399e-02
  -3.1805933e-02
  -4.3458492e-02
  -5.5107934e-02
  -6.6753117e-02
  -7.8392899e-02
  -9.0026139e-02
  -1.0165170e-01
  -1.1326843e-01
  -1.2487521e-01
  -1.3647088e-01
  -1.4805432e-01
  -1.5962438e-01
  -1.7117993e-01
  -1.8271984e-01
  -1.9424297e-01
  -2.0574820e-01
  -2.1723439e-01
  -2.2870042e-01
  -2.4014516e-01
  -2.5156748e-01
  -2.6296627e-01
  -2.7434041e-01
  -2.8568878e-01
  -2.9701026e-01
  -3.0830375e-01
  -3.1956812e-01
  -3.3080229e-01
  -3.4200513e-01
  -3.5317556e-01
  -3.6431247e-01
  -3.7541477e-01
  -3.8648137e-01
  -3.9751117e-01
  -4.0850311e-01
  -4.1945608e-01
  -4.3036902e-01
  -4.4124086e-01
  -4.5207052e-01
  -4.6285694e-01
  -4.7359905e-01
  -4.8429580e-01
  -4.9494615e-01
  -5.0554903e-01
  -5.1610340e-01
  -5.2660824e-01
  -5.3706249e-01
  -5.4746514e-01
  -5.5781515e-01
  -5.6811151e-01
  -5.7835321e-01
  -5.8853923e-01
  -5.9866858e-01
  -6.0874024e-01
  -6.1875324e-01
  -6.2870658e-01
  -6.3859928e-01
  -6.4843037e-01
  -6.5819888e-01
  -6.6790384e-01
  -6.7754430e-01
  -6.8711930e-01
  -6.9662790e-01
  -7.0606917e-01
  -7.1544217e-01
  -7.2474597e-01
  -7.3397965e-01
  -7.4314232e-01
  -7.5223305e-01
  -7.6125095e-01
  -7.7019514e-01
  -7.7906472e-01
  -7.8785883e-01
  -7.9657658e-01
  -8.0521713e-01
  -8.1377961e-01
  -8.2226318e-01
  -8.3066700e-01
  -8.3899024e-01
  -8.4723207e-01
  -8.5539168e-01
  -8.6346827e-01
  -8.7146102e-01
  -8.7936915e-01
  -8.8719189e-01
  -8.9492844e-01
  -9.0257805e-01
  -9.1013995e-01
  -9.1761340e-01
  -9.2499766e-01
  -9.3229200e-01
  -9.3949568e-01
  -9.4660800e-01
  -9.5362824e-01
  -9.6055572e-01
  -9.6738975e-01
  -9.7412964e-01
  -9.8077473e-01
  -9.8732435e-01
  -9.9377785e-01
  -1.0001346e+00
  -1.0063940e+00
  -1.0125553e+00
  -1.0186180e+00
  -1.0245815e+00
  -1.0304452e+00
  -1.0362084e+00
  -1.0418707e+00
  -1.0474314e+00
  -1.0528900e+00
  -1.0582460e+00
  -1.0634988e+00
  -1.0686479e+00
  -1.0736927e+00
  -1.0786329e+00
  -1.0834678e+00
  -1.0881970e+00
  -1.0928200e+00
  -1.0973364e+00
  -1.1017456e+00
  -1.1060474e+00
  -1.1102411e+00
  -1.1143265e+00
  -1.1183031e+00
  -1.1221705e+00
  -1.1259282e+00
  -1.1295761e+00
  -1.1331135e+00
  -1.1365403e+00
  -1.1398560e+00
  -1.1430603e+00
  -1.1461530e+00
  -1.1491336e+00
  -1.1520019e+00
  -1.1547575e+00
  -1.1574003e+00
  -1.1599299e+00
  -1.1623461e+00
  -1.1646486e+00
  -1.1668372e+00
  -1.1689117e+00
  -1.1708718e+00
  -1.1727174e+00
  -1.1744482e+00
  -1.1760641e+00
  -1.1775649e+00
  -1.1789504e+00
  -1.1802206e+00
  -1.1813752e+00
  -1.1824141e+00
  -1.1833373e+00
  -1.1841446e+00
  -1.1848359e+00
  -1.1854112e+00
  -1.1858704e+00
  -1.1862134e+00
  -1.1864401e+00
  -1.1865507e+00
  -1.1865449e+00
  -1.1864229e+00
  -1.1861846e+00
  -1.1858300e+00
  -1.1853592e+00
  -1.1847722e+00
  -1.1840690e+00
  -1.1832497e+00
  -1.1823143e+00
  -1.1812630e+00
  -1.1800959e+00
  -1.1788129e+00
  -1.1774143e+00
  -1.1759002e+00
  -1.1742707e+00
  -1.1725260e+00
  -1.1706662e+00
  -1.1686915e+00
  -1.1666021e+00
  -1.1643981e+00
  -1.1620798e+00
  -1.1596474e+00
  -1.1571011e+00
  -1.1544411e+00
  -1.1516678e+00
  -1.1487813e+00
  -1.1457820e+00
  -1.1426701e+00
  -1.1394459e+00
  -1.1361097e+00
  -1.1326618e+00
  -1.1291026e+00
  -1.1254325e+00
  -1.1216516e+00
  -1.1177605e+00
  -1.1137594e+00
  -1.1096488e+00
  -1.1054291e+00
  -1.1011006e+00
  -1.0966638e+00
  -1.0921190e+00
  -1.0874668e+00
  -1.0827076e+00
  -1.0778418e+00
  -1.0728699e+00
  -1.0677924e+00
  -1.0626097e+00
  -1.0573224e+00
  -1.0519309e+00
  -1.0464358e+00
  -1.0408377e+00
  -1.0351370e+00
  -1.0293342e+00
  -1.0234301e+00
  -1.0174250e+00
  -1.0113197e+00
  -1.0051147e+00
  -9.9881053e-01
  -9.9240788e-01
  -9.8590735e-01
  -9.7930956e-01
  -9.7261515e-01
  -9.6582477e-01
  -9.5893908e-01
  -9.5195873e-01
  -9.4488441e-01
  -9.3771679e-01
  -9.3045658e-01
  -9.2310447e-01
  -9.1566118e-01
  -9.0812742e-01
  -9.0050392e-01
  -8.9279143e-01
  -8.8499069e-01
  -8.7710246e-01
  -8.6912750e-01
  -8.6106658e-01
  -8.5292049e-01
  -8.4469001e-01
  -8.3637595e-01
  -8.2797910e-01
  -8.1950030e-01
  -8.1094035e-01
  -8.0230009e-01
  -7.9358035e-01
  -7.8478200e-01
  -7.7590587e-01
  -7.6695283e-01
  -7.5792375e-01
  -7.4881951e-01
  -7.3964100e-01
  -7.3038910e-01
  -7.2106472e-01
  -7.1166875e-01
  -7.0220213e-01
  -6.9266576e-01
  -6.8306057e-01
  -6.7338751e-01
  -6.6364750e-01
  -6.5384150e-01
  -6.4397047e-01
  -6.3403535e-01
  -6.2403713e-01
  -6.1397677e-01
  -6.0385526e-01
  -5.9367358e-01
  -5.8343272e-01
  -5.7313368e-01
  -5.6277746e-01
  -5.5236508e-01
  -5.4189754e-01
  -5.3137587e-01
  -5.2080110e-01
  -5.1017425e-01
  -4.9949636e-01
  -4.8876848e-01
  -4.7799165e-01
  -4.6716691e-01
  -4.5629533e-01
  -4.4537797e-01
  -4.3441590e-01
  -4.2341017e-01
  -4.1236188e-01
  -4.0127209e-01
  -3.9014189e-01
  -3.7897236e-01
  -3.6776460e-01
  -3.5651970e-01
  -3.4523876e-01
  -3.3392288e-01
  -3.2257316e-01
  -3.1119073e-01
  -2.9977668e-01
  -2.8833213e-01
  -2.7685821e-01
  -2.6535602e-01
  -2.5382671e-01
  -2.4227139e-01
  -2.3069120e-01
  -2.1908726e-01
  -2.0746072e-01
  -1.9581271e-01
  -1.8414436e-01
  -1.7245683e-01
  -1.6075125e-01
  -1.4902876e-01
  -1.3729053e-01
  -1.2553769e-01
  -1.1377139e-01
  -1.0199280e-01
  -9.0203049e-02
  -7.8403307e-02
  -6.6594725e-02
  -5.4778459e-02
  -4.2955667e-02
  -3.1127507e-02
  -1.9295137e-02
  -7.4597167e-03
   4.3775946e-03
   1.6215637e-02
   2.8053250e-02
   3.9889275e-02
   5.1722550e-02
   6.3551915e-02
   7.5376213e-02
   8.7194281e-02
   9.9004964e-02
   1.1080710e-01
   1.2259954e-01
   1.3438111e-01
   1.4615067e-01
   1.5790706e-01
   1.6964913e-01
   1.8137573e-01
   1.9308569e-01
   2.0477789e-01
   2.1645116e-01
   2.2810436e-01
   2.3973635e-01
   2.5134599e-01
   2.6293213e-01
   2.7449364e-01
   2.8602938e-01
   2.9753822e-01
   3.0901904e-01
   3.2047069e-01
   3.3189206e-01
   3.4328202e-01
   3.5463946e-01
   3.6596325e-01
   3.7725229e-01
   3.8850547e-01
   3.9972168e-01
   4.1089981e-01
   4.2203877e-01
   4.3313746e-01
   4.4419479e-01
   4.5520968e-01
   4.6618103e-01
   4.7710777e-01
   4.8798883e-01
   4.9882313e-01
   5.0960961e-01
   5.2034720e-01
   5.3103485e-01
   5.4167151e-01
   5.5225612e-01
   5.6278765e-01
   5.7326507e-01
   5.8368732e-01
   5.9405340e-01
   6.0436228e-01
   6.1461294e-01
   6.2480437e-01
   6.3493557e-01
   6.4500553e-01
   6.5501328e-01
   6.6495781e-01
   6.7483816e-01
   6.8465333e-01
   6.9440238e-01
   7.0408432e-01
   7.1369822e-01
   7.2324311e-01
   7.3271807e-01
   7.4212214e-01
   7.5145441e-01
   7.6071395e-01
   7.6989985e-01
   7.7901120e-01
   7.8804710e-01
   7.9700665e-01
   8.0588898e-01
   8.1469320e-01
   8.2341844e-01
   8.3206384e-01
   8.4062855e-01
   8.4911171e-01
   8.5751250e-01
   8.6583007e-01
   8.7406360e-01
   8.8221229e-01
   8.9027531e-01
   8.9825188e-01
   9.0614120e-01
   9.1394249e-01
   9.2165498e-01
   9.2927791e-01
   9.3681051e-01
   9.4425204e-01
   9.5160177e-01
   9.5885896e-01
   9.6602289e-01
   9.7309285e-01
   9.8006814e-01
   9.8694808e-01
   9.9373196e-01
   1.0004191e+00
   1.0070089e+00
   1.0135006e+00
   1.0198937e+00
   1.0261874e+00
   1.0323812e+00
   1.0384744e+00
   1.0444664e+00
   1.0503567e+00
   1.0561446e+00
   1.0618296e+00
   1.0674111e+00
   1.0728885e+00
   1.0782613e+00
   1.0835289e+00
   1.0886909e+00
   1.0937467e+00
   1.0986958e+00
   1.1035378e+00
   1.1082720e+00
   1.1128981e+00
   1.1174156e+00
   1.1218241e+00
   1.1261230e+00
   1.1303120e+00
   1.1343906e+00
   1.1383585e+00
   1.1422152e+00
   1.1459603e+00
   1.1495935e+00
   1.1531144e+00
   1.1565226e+00
   1.1598178e+00
   1.1629997e+00
   1.1660679e+00
   1.1690222e+00
   1.1718622e+00
   1.1745876e+00
   1.1771981e+00
   1.1796936e+00
   1.1820737e+00
   1.1843382e+00
   1.1864868e+00
   1.1885194e+00
   1.1904357e+00
   1.1922355e+00
   1.1939186e+00
   1.1954850e+00
   1.1969343e+00
   1.1982664e+00
   1.1994813e+00
   1.2005787e+00
   1.2015586e+00
   1.2024208e+00
   1.2031653e+00
   1.2037919e+00
   1.2043007e+00
   1.2046914e+00
   1.2049641e+00
   1.2051188e+00
   1.2051554e+00
   1.2050739e+00
   1.2048742e+00
   1.2045565e+00
   1.2041207e+00
   1.2035669e+00
   1.2028950e+00
   1.2021052e+00
   1.2011976e+00
   1.2001721e+00
   1.1990289e+00
   1.1977680e+00
   1.1963897e+00
   1.1948940e+00
   1.1932810e+00
   1.1915510e+00
   1.1897040e+00
   1.1877402e+00
   1.1856599e+00
   1.1834631e+00
   1.1811502e+00
   1.1787212e+00
   1.1761765e+00
   1.1735163e+00
   1.1707409e+00
   1.1678504e+00
   1.1648452e+00
   1.1617256e+00
   1.1584918e+00
   1.1551441e+00
   1.1516829e+00
   1.1481085e+00
   1.1444213e+00
   1.1406215e+00
   1.1367096e+00
   1.1326859e+00
   1.1285508e+00
   1.1243047e+00
   1.1199480e+00
   1.1154811e+00
   1.1109044e+00
   1.1062185e+00
   1.1014237e+00
   1.0965204e+00
   1.0915092e+00
   1.0863906e+00
   1.0811650e+00
   1.0758329e+00
   1.0703949e+00
   1.0648515e+00
   1.0592031e+00
   1.0534504e+00
   1.0475939e+00
   1.0416341e+00
   1.0355717e+00
   1.0294072e+00
   1.0231413e+00
   1.0167744e+00
   1.0103073e+00
   1.0037405e+00
   9.9707472e-01
   9.9031057e-01
   9.8344871e-01
   9.7648980e-01
   9.6943451e-01
   9.6228352e-01
   9.5503753e-01
   9.4769723e-01
   9.4026335e-01
   9.3273658e-01
   9.2511767e-01
   9.1740736e-01
   9.0960638e-01
   9.0171550e-01
   8.9373547e-01
   8.8566708e-01
   8.7751110e-01
   8.6926832e-01
   8.6093955e-01
   8.5252559e-01
   8.4402726e-01
   8.3544538e-01
   8.2678078e-01
   8.1803432e-01
   8.0920683e-01
   8.0029917e-01
   7.9131220e-01
   7.8224681e-01
   7.7310387e-01
   7.6388427e-01
   7.5458891e-01
   7.4521869e-01
   7.3577451e-01
   7.2625731e-01
   7.1666799e-01
   7.0700751e-01
   6.9727679e-01
   6.8747679e-01
   6.7760845e-01
   6.6767274e-01
   6.5767062e-01
   6.4760307e-01
   6.3747107e-01
   6.2727561e-01
   6.1701767e-01
   6.0669826e-01
   5.9631838e-01
   5.8587904e-01
   5.7538127e-01
   5.6482608e-01
   5.5421450e-01
   5.4354757e-01
   5.3282633e-01
   5.2205182e-01
   5.1122509e-01
   5.0034720e-01
   4.8941921e-01
   4.7844219e-01
   4.6741720e-01
   4.5634533e-01
   4.4522765e-01
   4.3406525e-01
   4.2285921e-01
   4.1161064e-01
   4.0032063e-01
   3.8899028e-01
   3.7762069e-01
   3.6621299e-01
   3.5476828e-01
   3.4328768e-01
   3.3177231e-01
   3.2022330e-01
   3.0864178e-01
   2.9702888e-01
   2.8538573e-01
   2.7371347e-01
   2.6201324e-01
   2.5028619e-01
   2.3853346e-01
   2.2675620e-01
   2.1495557e-01
   2.0313271e-01
   1.9128879e-01
   1.7942496e-01
   1.6754239e-01
   1.5564223e-01
   1.4372565e-01
   1.3179382e-01
   1.1984791e-01
   1.0788908e-01
   9.5918501e-02
   8.3937352e-02
   7.1946803e-02
   5.9948028e-02
   4.7942202e-02
   3.5930501e-02
   2.3914102e-02
   1.1894181e-02
  -1.2808247e-04
  -1.2151512e-02
  -2.4174929e-02
  -3.6197155e-02
  -4.8217012e-02
  -6.0233322e-02
  -7.2244906e-02
  -8.4250588e-02
  -9.6249189e-02
  -1.0823953e-01
  -1.2022045e-01
  -1.3219075e-01
  -1.4414928e-01
  -1.5609484e-01
  -1.6802629e-01
  -1.7994243e-01
  -1.9184211e-01
  -2.0372415e-01
  -2.1558740e-01
  -2.2743068e-01
  -2.3925283e-01
  -2.5105269e-01
  -2.6282911e-01
  -2.7458092e-01
  -2.8630697e-01
  -2.9800612e-01
  -3.0967721e-01
  -3.2131909e-01
  -3.3293063e-01
  -3.4451067e-01
  -3.5605809e-01
  -3.6757175e-01
  -3.7905051e-01
  -3.9049325e-01
  -4.0189885e-01
  -4.1326618e-01
  -4.2459411e-01
  -4.3588155e-01
  -4.4712738e-01
  -4.5833050e-01
  -4.6948979e-01
  -4.8060417e-01
  -4.9167254e-01
  -5.0269381e-01
  -5.1366689e-01
  -5.2459071e-01
  -5.3546420e-01
  -5.4628627e-01
  -5.5705586e-01
  -5.6777193e-01
  -5.7843339e-01
  -5.8903922e-01
  -5.9958836e-01
  -6.1007978e-01
  -6.2051243e-01
  -6.3088530e-01
  -6.4119736e-01
  -6.5144759e-01
  -6.6163498e-01
  -6.7175853e-01
  -6.8181724e-01
  -6.9181012e-01
  -7.0173618e-01
  -7.1159445e-01
  -7.2138394e-01
  -7.3110370e-01
  -7.4075276e-01
  -7.5033017e-01
  -7.5983499e-01
  -7.6926628e-01
  -7.7862310e-01
  -7.8790454e-01
  -7.9710966e-01
  -8.0623758e-01
  -8.1528738e-01
  -8.2425817e-01
  -8.3314906e-01
  -8.4195917e-01
  -8.5068763e-01
  -8.5933358e-01
  -8.6789617e-01
  -8.7637453e-01
  -8.8476785e-01
  -8.9307528e-01
  -9.0129600e-01
  -9.0942921e-01
  -9.1747408e-01
  -9.2542983e-01
  -9.3329567e-01
  -9.4107082e-01
  -9.4875450e-01
  -9.5634596e-01
  -9.6384444e-01
  -9.7124920e-01
  -9.7855950e-01
  -9.8577462e-01
  -9.9289384e-01
  -9.9991645e-01
  -1.0068418e+00
  -1.0136691e+00
  -1.0203977e+00
  -1.0270270e+00
  -1.0335564e+00
  -1.0399850e+00
  -1.0463124e+00
  -1.0525378e+00
  -1.0586608e+00
  -1.0646805e+00
  -1.0705965e+00
  -1.0764082e+00
  -1.0821150e+00
  -1.0877163e+00
  -1.0932115e+00
  -1.0986001e+00
  -1.1038816e+00
  -1.1090554e+00
  -1.1141211e+00
  -1.1190781e+00
  -1.1239258e+00
  -1.1286639e+00
  -1.1332919e+00
  -1.1378093e+00
  -1.1422156e+00
  -1.1465104e+00
  -1.1506932e+00
  -1.1547637e+00
  -1.1587214e+00
  -1.1625660e+00
  -1.1662970e+00
  -1.1699141e+00
  -1.1734168e+00
  -1.1768050e+00
  -1.1800781e+00
  -1.1832359e+00
  -1.1862781e+00
  -1.1892043e+00
  -1.1920142e+00
  -1.1947076e+00
  -1.1972842e+00
  -1.1997437e+00
  -1.2020858e+00
  -1.2043104e+00
  -1.2064172e+00
  -1.2084060e+00
  -1.2102765e+00
  -1.2120286e+00
  -1.2136622e+00
  -1.2151769e+00
  -1.2165727e+00
  -1.2178494e+00
  -1.2190068e+00
  -1.2200450e+00
  -1.2209636e+00
  -1.2217627e+00
  -1.2224422e+00
  -1.2230019e+00
  -1.2234418e+00
  -1.2237619e+00
  -1.2239620e+00
  -1.2240423e+00
  -1.2240026e+00
  -1.2238429e+00
  -1.2235633e+00
  -1.2231637e+00
  -1.2226442e+00
  -1.2220049e+00
  -1.2212457e+00
  -1.2203668e+00
  -1.2193682e+00
  -1.2182500e+00
  -1.2170124e+00
  -1.2156553e+00
  -1.2141789e+00
  -1.2125835e+00
  -1.2108690e+00
  -1.2090357e+00
  -1.2070837e+00
  -1.2050133e+00
  -1.2028245e+00
  -1.2005177e+00
  -1.1980930e+00
  -1.1955506e+00
  -1.1928908e+00
  -1.1901139e+00
  -1.1872200e+00
  -1.1842095e+00
  -1.1810827e+00
  -1.1778398e+00
  -1.1744812e+00
  -1.1710072e+00
  -1.1674180e+00
  -1.1637141e+00
  -1.1598958e+00
  -1.1559634e+00
  -1.1519174e+00
  -1.1477581e+00
  -1.1434859e+00
  -1.1391012e+00
  -1.1346045e+00
  -1.1299961e+00
  -1.1252765e+00
  -1.1204462e+00
  -1.1155056e+00
  -1.1104552e+00
  -1.1052955e+00
  -1.1000270e+00
  -1.0946501e+00
  -1.0891655e+00
  -1.0835735e+00
  -1.0778749e+00
  -1.0720700e+00
  -1.0661595e+00
  -1.0601440e+00
  -1.0540239e+00
  -1.0478000e+00
  -1.0414728e+00
  -1.0350429e+00
  -1.0285109e+00
  -1.0218775e+00
  -1.0151433e+00
  -1.0083089e+00
  -1.0013751e+00
  -9.9434247e-01
  -9.8721169e-01
  -9.7998347e-01
  -9.7265849e-01
  -9.6523748e-01
  -9.5772115e-01
  -9.5011023e-01
  -9.4240545e-01
  -9.3460756e-01
  -9.2671731e-01
  -9.1873547e-01
  -9.1066282e-01
  -9.0250012e-01
  -8.9424819e-01
  -8.8590780e-01
  -8.7747978e-01
  -8.6896495e-01
  -8.6036411e-01
  -8.5167812e-01
  -8.4290782e-01
  -8.3405405e-01
  -8.2511767e-01
  -8.1609956e-01
  -8.0700059e-01
  -7.9782164e-01
  -7.8856360e-01
  -7.7922738e-01
  -7.6981387e-01
  -7.6032400e-01
  -7.5075870e-01
  -7.4111887e-01
  -7.3140548e-01
  -7.2161945e-01
  -7.1176175e-01
  -7.0183333e-01
  -6.9183516e-01
  -6.8176820e-01
  -6.7163345e-01
  -6.6143188e-01
  -6.5116449e-01
  -6.4083229e-01
  -6.3043627e-01
  -6.1997744e-01
  -6.0945684e-01
  -5.9887547e-01
  -5.8823438e-01
  -5.7753460e-01
  -5.6677718e-01
  -5.5596315e-01
  -5.4509358e-01
  -5.3416953e-01
  -5.2319205e-01
  -5.1216223e-01
  -5.0108114e-01
  -4.8994985e-01
  -4.7876946e-01
  -4.6754105e-01
  -4.5626572e-01
  -4.4494458e-01
  -4.3357872e-01
  -4.2216925e-01
  -4.1071730e-01
  -3.9922397e-01
  -3.8769039e-01
  -3.7611769e-01
  -3.6450699e-01
  -3.5285944e-01
  -3.4117616e-01
  -3.2945830e-01
  -3.1770701e-01
  -3.0592343e-01
  -2.9410872e-01
  -2.8226402e-01
  -2.7039050e-01
  -2.5848932e-01
  -2.4656165e-01
  -2.3460864e-01
  -2.2263146e-01
  -2.1063130e-01
  -1.9860932e-01
  -1.8656669e-01
  -1.7450460e-01
  -1.6242423e-01
  -1.5032676e-01
  -1.3821337e-01
  -1.2608524e-01
  -1.1394358e-01
  -1.0178955e-01
  -8.9624363e-02
  -7.7449197e-02
  -6.5265248e-02
  -5.3073709e-02
  -4.0875774e-02
  -2.8672637e-02
  -1.6465495e-02
  -4.2555433e-03
   7.9560223e-03
   2.0168005e-02
   3.2379208e-02
   4.4588434e-02
   5.6794488e-02
   6.8996171e-02
   8.1192289e-02
   9.3381645e-02
   1.0556304e-01
   1.1773529e-01
   1.2989720e-01
   1.4204756e-01
   1.5418519e-01
   1.6630891e-01
   1.7841751e-01
   1.9050982e-01
   2.0258464e-01
   2.1464079e-01
   2.2667709e-01
   2.3869235e-01
   2.5068540e-01
   2.6265506e-01
   2.7460014e-01
   2.8651949e-01
   2.9841193e-01
   3.1027629e-01
   3.2211141e-01
   3.3391611e-01
   3.4568926e-01
   3.5742967e-01
   3.6913621e-01
   3.8080772e-01
   3.9244306e-01
   4.0404108e-01
   4.1560064e-01
   4.2712060e-01
   4.3859983e-01
   4.5003721e-01
   4.6143160e-01
   4.7278189e-01
   4.8408695e-01
   4.9534569e-01
   5.0655698e-01
   5.1771974e-01
   5.2883284e-01
   5.3989522e-01
   5.5090576e-01
   5.6186340e-01
   5.7276705e-01
   5.8361563e-01
   5.9440809e-01
   6.0514335e-01
   6.1582036e-01
   6.2643806e-01
   6.3699541e-01
   6.4749138e-01
   6.5792491e-01
   6.6829500e-01
   6.7860060e-01
   6.8884071e-01
   6.9901433e-01
   7.0912043e-01
   7.1915803e-01
   7.2912614e-01
   7.3902377e-01
   7.4884994e-01
   7.5860369e-01
   7.6828406e-01
   7.7789008e-01
   7.8742080e-01
   7.9687530e-01
   8.0625263e-01
   8.1555186e-01
   8.2477208e-01
   8.3391238e-01
   8.4297185e-01
   8.5194960e-01
   8.6084473e-01
   8.6965637e-01
   8.7838366e-01
   8.8702571e-01
   8.9558168e-01
   9.0405073e-01
   9.1243201e-01
   9.2072469e-01
   9.2892795e-01
   9.3704098e-01
   9.4506298e-01
   9.5299314e-01
   9.6083069e-01
   9.6857485e-01
   9.7622485e-01
   9.8377992e-01
   9.9123933e-01
   9.9860232e-01
   1.0058682e+00
   1.0130362e+00
   1.0201056e+00
   1.0270757e+00
   1.0339459e+00
   1.0407154e+00
   1.0473836e+00
   1.0539498e+00
   1.0604133e+00
   1.0667736e+00
   1.0730299e+00
   1.0791817e+00
   1.0852284e+00
   1.0911693e+00
   1.0970038e+00
   1.1027314e+00
   1.1083515e+00
   1.1138635e+00
   1.1192669e+00
   1.1245612e+00
   1.1297457e+00
   1.1348201e+00
   1.1397837e+00
   1.1446362e+00
   1.1493769e+00
   1.1540054e+00
   1.1585213e+00
   1.1629242e+00
   1.1672134e+00
   1.1713888e+00
   1.1754497e+00
   1.1793958e+00
   1.1832268e+00
   1.1869421e+00
   1.1905415e+00
   1.1940246e+00
   1.1973910e+00
   1.2006404e+00
   1.2037725e+00
   1.2067869e+00
   1.2096833e+00
   1.2124614e+00
   1.2151210e+00
   1.2176618e+00
   1.2200835e+00
   1.2223859e+00
   1.2245687e+00
   1.2266317e+00
   1.2285747e+00
   1.2303975e+00
   1.2320999e+00
   1.2336817e+00
   1.2351428e+00
   1.2364830e+00
   1.2377021e+00
   1.2388000e+00
   1.2397767e+00
   1.2406319e+00
   1.2413657e+00
   1.2419778e+00
   1.2424684e+00
   1.2428372e+00
   1.2430842e+00
   1.2432094e+00
   1.2432129e+00
   1.2430944e+00
   1.2428542e+00
   1.2424921e+00
   1.2420082e+00
   1.2414026e+00
   1.2406753e+00
   1.2398262e+00
   1.2388557e+00
   1.2377636e+00
   1.2365500e+00
   1.2352152e+00
   1.2337592e+00
   1.2321822e+00
   1.2304842e+00
   1.2286655e+00
   1.2267263e+00
   1.2246666e+00
   1.2224866e+00
   1.2201867e+00
   1.2177670e+00
   1.2152276e+00
   1.2125690e+00
   1.2097912e+00
   1.2068946e+00
   1.2038795e+00
   1.2007461e+00
   1.1974947e+00
   1.1941256e+00
   1.1906392e+00
   1.1870357e+00
   1.1833156e+00
   1.1794791e+00
   1.1755267e+00
   1.1714587e+00
   1.1672755e+00
   1.1629774e+00
   1.1585650e+00
   1.1540386e+00
   1.1493987e+00
   1.1446457e+00
   1.1397800e+00
   1.1348022e+00
   1.1297126e+00
   1.1245119e+00
   1.1192004e+00
   1.1137788e+00
   1.1082474e+00
   1.1026069e+00
   1.0968578e+00
   1.0910007e+00
   1.0850360e+00
   1.0789645e+00
   1.0727866e+00
   1.0665029e+00
   1.0601141e+00
   1.0536208e+00
   1.0470237e+00
   1.0403232e+00
   1.0335202e+00
   1.0266152e+00
   1.0196089e+00
   1.0125020e+00
   1.0052952e+00
   9.9798917e-01
   9.9058462e-01
   9.8308226e-01
   9.7548282e-01
   9.6778705e-01
   9.5999567e-01
   9.5210945e-01
   9.4412916e-01
   9.3605555e-01
   9.2788942e-01
   9.1963156e-01
   9.1128276e-01
   9.0284384e-01
   8.9431562e-01
   8.8569892e-01
   8.7699457e-01
   8.6820342e-01
   8.5932633e-01
   8.5036416e-01
   8.4131777e-01
   8.3218804e-01
   8.2297587e-01
   8.1368214e-01
   8.0430776e-01
   7.9485364e-01
   7.8532070e-01
   7.7570986e-01
   7.6602206e-01
   7.5625824e-01
   7.4641935e-01
   7.3650635e-01
   7.2652020e-01
   7.1646187e-01
   7.0633234e-01
   6.9613260e-01
   6.8586364e-01
   6.7552645e-01
   6.6512206e-01
   6.5465146e-01
   6.4411568e-01
   6.3351574e-01
   6.2285268e-01
   6.1212753e-01
   6.0134135e-01
   5.9049517e-01
   5.7959007e-01
   5.6862710e-01
   5.5760732e-01
   5.4653183e-01
   5.3540168e-01
   5.2421798e-01
   5.1298180e-01
   5.0169426e-01
   4.9035644e-01
   4.7896945e-01
   4.6753441e-01
   4.5605243e-01
   4.4452464e-01
   4.3295215e-01
   4.2133609e-01
   4.0967761e-01
   3.9797783e-01
   3.8623791e-01
   3.7445899e-01
   3.6264221e-01
   3.5078874e-01
   3.3889973e-01
   3.2697634e-01
   3.1501974e-01
   3.0303109e-01
   2.9101158e-01
   2.7896236e-01
   2.6688463e-01
   2.5477956e-01
   2.4264833e-01
   2.3049214e-01
   2.1831216e-01
   2.0610960e-01
   1.9388564e-01
   1.8164149e-01
   1.6937833e-01
   1.5709738e-01
   1.4479982e-01
   1.3248687e-01
   1.2015973e-01
   1.0781960e-01
   9.5467698e-02
   8.3105230e-02
   7.0733407e-02
   5.8353439e-02
   4.5966539e-02
   3.3573921e-02
   2.1176797e-02
   8.7763840e-03
  -3.6261047e-03
  -1.6029454e-02
  -2.8432447e-02
  -4.0833870e-02
  -5.3232506e-02
  -6.5627140e-02
  -7.8016558e-02
  -9.0399544e-02
  -1.0277488e-01
  -1.1514137e-01
  -1.2749778e-01
  -1.3984290e-01
  -1.5217553e-01
  -1.6449446e-01
  -1.7679847e-01
  -1.8908636e-01
  -2.0135693e-01
  -2.1360897e-01
  -2.2584127e-01
  -2.3805264e-01
  -2.5024188e-01
  -2.6240778e-01
  -2.7454917e-01
  -2.8666484e-01
  -2.9875360e-01
  -3.1081427e-01
  -3.2284566e-01
  -3.3484659e-01
  -3.4681588e-01
  -3.5875236e-01
  -3.7065485e-01
  -3.8252218e-01
  -3.9435319e-01
  -4.0614671e-01
  -4.1790158e-01
  -4.2961665e-01
  -4.4129077e-01
  -4.5292279e-01
  -4.6451155e-01
  -4.7605594e-01
  -4.8755480e-01
  -4.9900700e-01
  -5.1041143e-01
  -5.2176695e-01
  -5.3307245e-01
  -5.4432682e-01
  -5.5552895e-01
  -5.6667774e-01
  -5.7777208e-01
  -5.8881089e-01
  -5.9979307e-01
  -6.1071756e-01
  -6.2158326e-01
  -6.3238911e-01
  -6.4313405e-01
  -6.5381701e-01
  -6.6443695e-01
  -6.7499281e-01
  -6.8548356e-01
  -6.9590816e-01
  -7.0626558e-01
  -7.1655480e-01
  -7.2677481e-01
  -7.3692460e-01
  -7.4700316e-01
  -7.5700950e-01
  -7.6694264e-01
  -7.7680159e-01
  -7.8658538e-01
  -7.9629304e-01
  -8.0592362e-01
  -8.1547616e-01
  -8.2494972e-01
  -8.3434336e-01
  -8.4365616e-01
  -8.5288719e-01
  -8.6203555e-01
  -8.7110032e-01
  -8.8008061e-01
  -8.8897554e-01
  -8.9778421e-01
  -9.0650577e-01
  -9.1513935e-01
  -9.2368408e-01
  -9.3213913e-01
  -9.4050367e-01
  -9.4877685e-01
  -9.5695786e-01
  -9.6504589e-01
  -9.7304014e-01
  -9.8093982e-01
  -9.8874414e-01
  -9.9645233e-01
  -1.0040636e+00
  -1.0115773e+00
  -1.0189925e+00
  -1.0263086e+00
  -1.0335248e+00
  -1.0406405e+00
  -1.0476549e+00
  -1.0545673e+00
  -1.0613770e+00
  -1.0680834e+00
  -1.0746857e+00
  -1.0811834e+00
  -1.0875758e+00
  -1.0938622e+00
  -1.1000421e+00
  -1.1061147e+00
  -1.1120795e+00
  -1.1179360e+00
  -1.1236834e+00
  -1.1293213e+00
  -1.1348491e+00
  -1.1402662e+00
  -1.1455720e+00
  -1.1507662e+00
  -1.1558480e+00
  -1.1608171e+00
  -1.1656730e+00
  -1.1704150e+00
  -1.1750428e+00
  -1.1795560e+00
  -1.1839539e+00
  -1.1882363e+00
  -1.1924027e+00
  -1.1964526e+00
  -1.2003856e+00
  -1.2042014e+00
  -1.2078995e+00
  -1.2114797e+00
  -1.2149415e+00
  -1.2182845e+00
  -1.2215085e+00
  -1.2246131e+00
  -1.2275979e+00
  -1.2304628e+00
  -1.2332074e+00
  -1.2358313e+00
  -1.2383345e+00
  -1.2407165e+00
  -1.2429771e+00
  -1.2451162e+00
  -1.2471334e+00
  -1.2490287e+00
  -1.2508017e+00
  -1.2524523e+00
  -1.2539803e+00
  -1.2553856e+00
  -1.2566680e+00
  -1.2578274e+00
  -1.2588636e+00
  -1.2597765e+00
  -1.2605661e+00
  -1.2612322e+00
  -1.2617748e+00
  -1.2621938e+00
  -1.2624891e+00
  -1.2626608e+00
  -1.2627087e+00
  -1.2626329e+00
  -1.2624333e+00
  -1.2621100e+00
  -1.2616630e+00
  -1.2610922e+00
  -1.2603979e+00
  -1.2595799e+00
  -1.2586385e+00
  -1.2575736e+00
  -1.2563853e+00
  -1.2550738e+00
  -1.2536392e+00
  -1.2520816e+00
  -1.2504011e+00
  -1.2485979e+00
  -1.2466722e+00
  -1.2446241e+00
  -1.2424539e+00
  -1.2401617e+00
  -1.2377477e+00
  -1.2352122e+00
  -1.2325553e+00
  -1.2297775e+00
  -1.2268788e+00
  -1.2238596e+00
  -1.2207202e+00
  -1.2174608e+00
  -1.2140819e+00
  -1.2105836e+00
  -1.2069663e+00
  -1.2032304e+00
  -1.1993762e+00
  -1.1954041e+00
  -1.1913144e+00
  -1.1871076e+00
  -1.1827841e+00
  -1.1783442e+00
  -1.1737884e+00
  -1.1691171e+00
  -1.1643308e+00
  -1.1594299e+00
  -1.1544150e+00
  -1.1492863e+00
  -1.1440446e+00
  -1.1386902e+00
  -1.1332237e+00
  -1.1276457e+00
  -1.1219565e+00
  -1.1161569e+00
  -1.1102473e+00
  -1.1042283e+00
  -1.0981005e+00
  -1.0918645e+00
  -1.0855209e+00
  -1.0790703e+00
  -1.0725133e+00
  -1.0658506e+00
  -1.0590827e+00
  -1.0522104e+00
  -1.0452343e+00
  -1.0381551e+00
  -1.0309734e+00
  -1.0236901e+00
  -1.0163056e+00
  -1.0088209e+00
  -1.0012366e+00
  -9.9355336e-01
  -9.8577204e-01
  -9.7789335e-01
  -9.6991805e-01
  -9.6184692e-01
  -9.5368073e-01
  -9.4542029e-01
  -9.3706638e-01
  -9.2861983e-01
  -9.2008144e-01
  -9.1145204e-01
  -9.0273248e-01
  -8.9392360e-01
  -8.8502625e-01
  -8.7604129e-01
  -8.6696960e-01
  -8.5781206e-01
  -8.4856956e-01
  -8.3924299e-01
  -8.2983326e-01
  -8.2034128e-01
  -8.1076798e-01
  -8.0111429e-01
  -7.9138114e-01
  -7.8156949e-01
  -7.7168027e-01
  -7.6171447e-01
  -7.5167304e-01
  -7.4155696e-01
  -7.3136722e-01
  -7.2110480e-01
  -7.1077071e-01
  -7.0036596e-01
  -6.8989154e-01
  -6.7934849e-01
  -6.6873784e-01
  -6.5806060e-01
  -6.4731783e-01
  -6.3651057e-01
  -6.2563987e-01
  -6.1470680e-01
  -6.0371241e-01
  -5.9265778e-01
  -5.8154399e-01
  -5.7037211e-01
  -5.5914325e-01
  -5.4785848e-01
  -5.3651893e-01
  -5.2512568e-01
  -5.1367985e-01
  -5.0218256e-01
  -4.9063493e-01
  -4.7903809e-01
  -4.6739316e-01
  -4.5570129e-01
  -4.4396362e-01
  -4.3218128e-01
  -4.2035544e-01
  -4.0848724e-01
  -3.9657785e-01
  -3.8462843e-01
  -3.7264014e-01
  -3.6061416e-01
  -3.4855165e-01
  -3.3645381e-01
  -3.2432182e-01
  -3.1215684e-01
  -2.9996009e-01
  -2.8773274e-01
  -2.7547600e-01
  -2.6319106e-01
  -2.5087912e-01
  -2.3854139e-01
  -2.2617908e-01
  -2.1379339e-01
  -2.0138553e-01
  -1.8895672e-01
  -1.7650817e-01
  -1.6404111e-01
  -1.5155675e-01
  -1.3905631e-01
  -1.2654102e-01
  -1.1401210e-01
  -1.0147078e-01
  -8.8918293e-02
  -7.6355857e-02
  -6.3784708e-02
  -5.1206075e-02
  -3.8621191e-02
  -2.6031290e-02
  -1.3437603e-02
  -8.4136546e-04
   1.1756189e-02
   2.4353826e-02
   3.6950311e-02
   4.9544409e-02
   6.2134886e-02
   7.4720508e-02
   8.7300040e-02
   9.9872250e-02
   1.1243590e-01
   1.2498977e-01
   1.3753262e-01
   1.5006322e-01
   1.6258034e-01
   1.7508276e-01
   1.8756924e-01
   2.0003856e-01
   2.1248950e-01
   2.2492084e-01
   2.3733136e-01
   2.4971983e-01
   2.6208504e-01
   2.7442578e-01
   2.8674084e-01
   2.9902900e-01
   3.1128907e-01
   3.2351982e-01
   3.3572007e-01
   3.4788862e-01
   3.6002427e-01
   3.7212582e-01
   3.8419209e-01
   3.9622189e-01
   4.0821404e-01
   4.2016736e-01
   4.3208068e-01
   4.4395282e-01
   4.5578262e-01
   4.6756891e-01
   4.7931053e-01
   4.9100633e-01
   5.0265516e-01
   5.1425587e-01
   5.2580731e-01
   5.3730837e-01
   5.4875789e-01
   5.6015476e-01
   5.7149784e-01
   5.8278604e-01
   5.9401822e-01
   6.0519330e-01
   6.1631016e-01
   6.2736771e-01
   6.3836486e-01
   6.4930053e-01
   6.6017364e-01
   6.7098312e-01
   6.8172790e-01
   6.9240693e-01
   7.0301914e-01
   7.1356350e-01
   7.2403897e-01
   7.3444450e-01
   7.4477908e-01
   7.5504169e-01
   7.6523130e-01
   7.7534692e-01
   7.8538755e-01
   7.9535220e-01
   8.0523987e-01
   8.1504961e-01
   8.2478043e-01
   8.3443137e-01
   8.4400149e-01
   8.5348983e-01
   8.6289546e-01
   8.7221744e-01
   8.8145487e-01
   8.9060681e-01
   8.9967238e-01
   9.0865066e-01
   9.1754078e-01
