   0.0000000e+00
  -9.8000000e-03
  -1.9600000e-02
  -2.9399040e-02
  -3.9196158e-02
  -4.8990396e-02
  -5.8780793e-02
  -6.8566388e-02
  -7.8346223e-02
  -8.8119338e-02
  -9.7884776e-02
  -1.0764158e-01
  -1.1738879e-01
  -1.2712545e-01
  -1.3685060e-01
  -1.4656330e-01
  -1.5626259e-01
  -1.6594751e-01
  -1.7561712e-01
  -1.8527047e-01
  -1.9490660e-01
  -2.0452458e-01
  -2.1412346e-01
  -2.2370230e-01
  -2.3326015e-01
  -2.4279608e-01
  -2.5230915e-01
  -2.6179842e-01
  -2.7126297e-01
  -2.8070186e-01
  -2.9011417e-01
  -2.9949897e-01
  -3.0885534e-01
  -3.1818236e-01
  -3.2747911e-01
  -3.3674467e-01
  -3.4597815e-01
  -3.5517862e-01
  -3.6434519e-01
  -3.7347695e-01
  -3.8257301e-01
  -3.9163246e-01
  -4.0065442e-01
  -4.0963801e-01
  -4.1858232e-01
  -4.2748650e-01
  -4.3634965e-01
  -4.4517091e-01
  -4.5394940e-01
  -4.6268427e-01
  -4.7137466e-01
  -4.8001970e-01
  -4.8861854e-01
  -4.9717034e-01
  -5.0567426e-01
  -5.1412946e-01
  -5.2253510e-01
  -5.3089035e-01
  -5.3919440e-01
  -5.4744642e-01
  -5.5564560e-01
  -5.6379112e-01
  -5.7188220e-01
  -5.7991802e-01
  -5.8789780e-01
  -5.9582075e-01
  -6.0368608e-01
  -6.1149303e-01
  -6.1924081e-01
  -6.2692866e-01
  -6.3455583e-01
  -6.4212156e-01
  -6.4962511e-01
  -6.5706572e-01
  -6.6444268e-01
  -6.7175524e-01
  -6.7900268e-01
  -6.8618429e-01
  -6.9329936e-01
  -7.0034719e-01
  -7.0732707e-01
  -7.1423832e-01
  -7.2108025e-01
  -7.2785218e-01
  -7.3455345e-01
  -7.4118339e-01
  -7.4774134e-01
  -7.5422666e-01
  -7.6063869e-01
  -7.6697682e-01
  -7.7324040e-01
  -7.7942882e-01
  -7.8554146e-01
  -7.9157771e-01
  -7.9753698e-01
  -8.0341868e-01
  -8.0922222e-01
  -8.1494703e-01
  -8.2059253e-01
  -8.2615816e-01
  -8.3164338e-01
  -8.3704763e-01
  -8.4237039e-01
  -8.4761111e-01
  -8.5276928e-01
  -8.5784438e-01
  -8.6283592e-01
  -8.6774338e-01
  -8.7256629e-01
  -8.7730415e-01
  -8.8195651e-01
  -8.8652289e-01
  -8.9100284e-01
  -8.9539591e-01
  -8.9970166e-01
  -9.0391966e-01
  -9.0804949e-01
  -9.1209074e-01
  -9.1604300e-01
  -9.1990587e-01
  -9.2367897e-01
  -9.2736192e-01
  -9.3095435e-01
  -9.3445590e-01
  -9.3786621e-01
  -9.4118495e-01
  -9.4441178e-01
  -9.4754637e-01
  -9.5058841e-01
  -9.5353759e-01
  -9.5639361e-01
  -9.5915618e-01
  -9.6182503e-01
  -9.6439988e-01
  -9.6688048e-01
  -9.6926656e-01
  -9.7155788e-01
  -9.7375422e-01
  -9.7585535e-01
  -9.7786105e-01
  -9.7977111e-01
  -9.8158534e-01
  -9.8330356e-01
  -9.8492558e-01
  -9.8645124e-01
  -9.8788037e-01
  -9.8921283e-01
  -9.9044848e-01
  -9.9158719e-01
  -9.9262883e-01
  -9.9357330e-01
  -9.9442049e-01
  -9.9517031e-01
  -9.9582268e-01
  -9.9637752e-01
  -9.9683477e-01
  -9.9719437e-01
  -9.9745629e-01
  -9.9762047e-01
  -9.9768691e-01
  -9.9765559e-01
  -9.9752648e-01
  -9.9729961e-01
  -9.9697498e-01
  -9.9655262e-01
  -9.9603255e-01
  -9.9541482e-01
  -9.9469948e-01
  -9.9388659e-01
  -9.9297621e-01
  -9.9196844e-01
  -9.9086335e-01
  -9.8966105e-01
  -9.8836165e-01
  -9.8696526e-01
  -9.8547201e-01
  -9.8388204e-01
  -9.8219549e-01
  -9.8041253e-01
  -9.7853330e-01
  -9.7655800e-01
  -9.7448680e-01
  -9.7231989e-01
  -9.7005749e-01
  -9.6769980e-01
  -9.6524705e-01
  -9.6269946e-01
  -9.6005727e-01
  -9.5732074e-01
  -9.5449013e-01
  -9.5156570e-01
  -9.4854772e-01
  -9.4543650e-01
  -9.4223232e-01
  -9.3893548e-01
  -9.3554630e-01
  -9.3206511e-01
  -9.2849224e-01
  -9.2482802e-01
  -9.2107282e-01
  -9.1722697e-01
  -9.1329087e-01
  -9.0926487e-01
  -9.0514937e-01
  -9.0094477e-01
  -8.9665146e-01
  -8.9226986e-01
  -8.8780038e-01
  -8.8324346e-01
  -8.7859954e-01
  -8.7386906e-01
  -8.6905248e-01
  -8.6415026e-01
  -8.5916287e-01
  -8.5409080e-01
  -8.4893452e-01
  -8.4369455e-01
  -8.3837138e-01
  -8.3296553e-01
  -8.2747752e-01
  -8.2190787e-01
  -8.1625714e-01
  -8.1052586e-01
  -8.0471458e-01
  -7.9882387e-01
  -7.9285430e-01
  -7.8680645e-01
  -7.8068090e-01
  -7.7447824e-01
  -7.6819907e-01
  -7.6184400e-01
  -7.5541365e-01
  -7.4890864e-01
  -7.4232960e-01
  -7.3567717e-01
  -7.2895198e-01
  -7.2215470e-01
  -7.1528599e-01
  -7.0834650e-01
  -7.0133692e-01
  -6.9425791e-01
  -6.8711018e-01
  -6.7989441e-01
  -6.7261130e-01
  -6.6526156e-01
  -6.5784591e-01
  -6.5036506e-01
  -6.4281974e-01
  -6.3521069e-01
  -6.2753863e-01
  -6.1980433e-01
  -6.1200853e-01
  -6.0415199e-01
  -5.9623548e-01
  -5.8825975e-01
  -5.8022560e-01
  -5.7213379e-01
  -5.6398512e-01
  -5.5578039e-01
  -5.4752038e-01
  -5.3920591e-01
  -5.3083778e-01
  -5.2241680e-01
  -5.1394381e-01
  -5.0541962e-01
  -4.9684506e-01
  -4.8822097e-01
  -4.7954819e-01
  -4.7082757e-01
  -4.6205995e-01
  -4.5324618e-01
  -4.4438714e-01
  -4.3548368e-01
  -4.2653666e-01
  -4.1754697e-01
  -4.0851548e-01
  -3.9944307e-01
  -3.9033063e-01
  -3.8117904e-01
  -3.7198920e-01
  -3.6276200e-01
  -3.5349835e-01
  -3.4419914e-01
  -3.3486530e-01
  -3.2549772e-01
  -3.1609733e-01
  -3.0666503e-01
  -2.9720176e-01
  -2.8770844e-01
  -2.7818599e-01
  -2.6863534e-01
  -2.5905744e-01
  -2.4945320e-01
  -2.3982358e-01
  -2.3016951e-01
  -2.2049194e-01
  -2.1079182e-01
  -2.0107008e-01
  -1.9132769e-01
  -1.8156559e-01
  -1.7178474e-01
  -1.6198610e-01
  -1.5217063e-01
  -1.4233927e-01
  -1.3249301e-01
  -1.2263280e-01
  -1.1275960e-01
  -1.0287439e-01
  -9.2978121e-02
  -8.3071773e-02
  -7.3156314e-02
  -6.3232714e-02
  -5.3301945e-02
  -4.3364979e-02
  -3.3422789e-02
  -2.3476349e-02
  -1.3526634e-02
  -3.5746185e-03
   6.3787228e-03
   1.6332414e-02
   2.6285481e-02
   3.6236947e-02
   4.6185837e-02
   5.6131176e-02
   6.6071988e-02
   7.6007300e-02
   8.5936136e-02
   9.5857524e-02
   1.0577049e-01
   1.1567406e-01
   1.2556727e-01
   1.3544914e-01
   1.4531870e-01
   1.5517500e-01
   1.6501705e-01
   1.7484389e-01
   1.8465456e-01
   1.9444809e-01
   2.0422353e-01
   2.1397992e-01
   2.2371629e-01
   2.3343169e-01
   2.4312517e-01
   2.5279577e-01
   2.6244254e-01
   2.7206454e-01
   2.8166082e-01
   2.9123044e-01
   3.0077245e-01
   3.1028593e-01
   3.1976992e-01
   3.2922351e-01
   3.3864577e-01
   3.4803576e-01
   3.5739256e-01
   3.6671525e-01
   3.7600292e-01
   3.8525466e-01
   3.9446954e-01
   4.0364667e-01
   4.1278514e-01
   4.2188405e-01
   4.3094251e-01
   4.3995963e-01
   4.4893451e-01
   4.5786628e-01
   4.6675405e-01
   4.7559695e-01
   4.8439411e-01
   4.9314466e-01
   5.0184774e-01
   5.1050249e-01
   5.1910806e-01
   5.2766360e-01
   5.3616827e-01
   5.4462123e-01
   5.5302164e-01
   5.6136868e-01
   5.6966153e-01
   5.7789936e-01
   5.8608136e-01
   5.9420673e-01
   6.0227466e-01
   6.1028437e-01
   6.1823504e-01
   6.2612591e-01
   6.3395620e-01
   6.4172512e-01
   6.4943191e-01
   6.5707582e-01
   6.6465608e-01
   6.7217195e-01
   6.7962268e-01
   6.8700754e-01
   6.9432580e-01
   7.0157673e-01
   7.0875961e-01
   7.1587374e-01
   7.2291842e-01
   7.2989293e-01
   7.3679660e-01
   7.4362874e-01
   7.5038868e-01
   7.5707574e-01
   7.6368926e-01
   7.7022859e-01
   7.7669307e-01
   7.8308208e-01
   7.8939497e-01
   7.9563111e-01
   8.0178990e-01
   8.0787071e-01
   8.1387295e-01
   8.1979602e-01
   8.2563932e-01
   8.3140229e-01
   8.3708435e-01
   8.4268492e-01
   8.4820347e-01
   8.5363943e-01
   8.5899226e-01
   8.6426144e-01
   8.6944644e-01
   8.7454674e-01
   8.7956184e-01
   8.8449122e-01
   8.8933442e-01
   8.9409093e-01
   8.9876028e-01
   9.0334202e-01
   9.0783568e-01
   9.1224081e-01
   9.1655697e-01
   9.2078373e-01
   9.2492067e-01
   9.2896738e-01
   9.3292344e-01
   9.3678846e-01
   9.4056206e-01
   9.4424385e-01
   9.4783346e-01
   9.5133054e-01
   9.5473473e-01
   9.5804569e-01
   9.6126309e-01
   9.6438660e-01
   9.6741591e-01
   9.7035070e-01
   9.7319069e-01
   9.7593558e-01
   9.7858511e-01
   9.8113899e-01
   9.8359696e-01
   9.8595879e-01
   9.8822422e-01
   9.9039303e-01
   9.9246500e-01
   9.9443991e-01
   9.9631755e-01
   9.9809774e-01
   9.9978029e-01
   1.0013650e+00
   1.0028518e+00
   1.0042404e+00
   1.0055308e+00
   1.0067227e+00
   1.0078161e+00
   1.0088108e+00
   1.0097068e+00
   1.0105039e+00
   1.0112020e+00
   1.0118011e+00
   1.0123011e+00
   1.0127020e+00
   1.0130037e+00
   1.0132061e+00
   1.0133092e+00
   1.0133131e+00
   1.0132176e+00
   1.0130228e+00
   1.0127288e+00
   1.0123354e+00
   1.0118429e+00
   1.0112511e+00
   1.0105601e+00
   1.0097701e+00
   1.0088810e+00
   1.0078929e+00
   1.0068060e+00
   1.0056203e+00
   1.0043360e+00
   1.0029531e+00
   1.0014717e+00
   9.9989209e-01
   9.9821433e-01
   9.9643857e-01
   9.9456499e-01
   9.9259376e-01
   9.9052506e-01
   9.8835908e-01
   9.8609604e-01
   9.8373613e-01
   9.8127959e-01
   9.7872664e-01
   9.7607752e-01
   9.7333250e-01
   9.7049181e-01
   9.6755574e-01
   9.6452456e-01
   9.6139856e-01
   9.5817804e-01
   9.5486330e-01
   9.5145465e-01
   9.4795243e-01
   9.4435697e-01
   9.4066861e-01
   9.3688771e-01
   9.3301461e-01
   9.2904970e-01
   9.2499336e-01
   9.2084597e-01
   9.1660793e-01
   9.1227965e-01
   9.0786154e-01
   9.0335403e-01
   8.9875754e-01
   8.9407253e-01
   8.8929944e-01
   8.8443873e-01
   8.7949087e-01
   8.7445633e-01
   8.6933560e-01
   8.6412918e-01
   8.5883756e-01
   8.5346126e-01
   8.4800079e-01
   8.4245668e-01
   8.3682947e-01
   8.3111970e-01
   8.2532792e-01
   8.1945468e-01
   8.1350057e-01
   8.0746615e-01
   8.0135201e-01
   7.9515873e-01
   7.8888692e-01
   7.8253719e-01
   7.7611014e-01
   7.6960641e-01
   7.6302662e-01
   7.5637141e-01
   7.4964142e-01
   7.4283730e-01
   7.3595972e-01
   7.2900935e-01
   7.2198685e-01
   7.1489290e-01
   7.0772820e-01
   7.0049344e-01
   6.9318933e-01
   6.8581656e-01
   6.7837587e-01
   6.7086796e-01
   6.6329357e-01
   6.5565344e-01
   6.4794831e-01
   6.4017892e-01
   6.3234603e-01
   6.2445040e-01
   6.1649281e-01
   6.0847402e-01
   6.0039481e-01
   5.9225597e-01
   5.8405829e-01
   5.7580257e-01
   5.6748962e-01
   5.5912023e-01
   5.5069523e-01
   5.4221544e-01
   5.3368168e-01
   5.2509478e-01
   5.1645559e-01
   5.0776493e-01
   4.9902366e-01
   4.9023263e-01
   4.8139269e-01
   4.7250471e-01
   4.6356956e-01
   4.5458810e-01
   4.4556121e-01
   4.3648977e-01
   4.2737466e-01
   4.1821678e-01
   4.0901702e-01
   3.9977627e-01
   3.9049544e-01
   3.8117543e-01
   3.7181715e-01
   3.6242151e-01
   3.5298944e-01
   3.4352185e-01
   3.3401967e-01
   3.2448382e-01
   3.1491524e-01
   3.0531486e-01
   2.9568361e-01
   2.8602245e-01
   2.7633231e-01
   2.6661414e-01
   2.5686889e-01
   2.4709751e-01
   2.3730095e-01
   2.2748019e-01
   2.1763616e-01
   2.0776984e-01
   1.9788220e-01
   1.8797419e-01
   1.7804679e-01
   1.6810097e-01
   1.5813770e-01
   1.4815796e-01
   1.3816272e-01
   1.2815296e-01
   1.1812966e-01
   1.0809380e-01
   9.8046365e-02
   8.7988336e-02
   7.7920699e-02
   6.7844439e-02
   5.7760542e-02
   4.7669997e-02
   3.7573791e-02
   2.7472913e-02
   1.7368354e-02
   7.2611015e-03
  -2.8478526e-03
  -1.2957518e-02
  -2.3066905e-02
  -3.3175022e-02
  -4.3280878e-02
  -5.3383483e-02
  -6.3481847e-02
  -7.3574979e-02
  -8.3661890e-02
  -9.3741590e-02
  -1.0381309e-01
  -1.1387541e-01
  -1.2392755e-01
  -1.3396853e-01
  -1.4399737e-01
  -1.5401307e-01
  -1.6401467e-01
  -1.7400117e-01
  -1.8397160e-01
  -1.9392498e-01
  -2.0386033e-01
  -2.1377667e-01
  -2.2367303e-01
  -2.3354845e-01
  -2.4340194e-01
  -2.5323255e-01
  -2.6303930e-01
  -2.7282124e-01
  -2.8257740e-01
  -2.9230682e-01
  -3.0200855e-01
  -3.1168164e-01
  -3.2132512e-01
  -3.3093807e-01
  -3.4051952e-01
  -3.5006854e-01
  -3.5958419e-01
  -3.6906553e-01
  -3.7851163e-01
  -3.8792157e-01
  -3.9729441e-01
  -4.0662924e-01
  -4.1592513e-01
  -4.2518117e-01
  -4.3439645e-01
  -4.4357006e-01
  -4.5270110e-01
  -4.6178867e-01
  -4.7083188e-01
  -4.7982983e-01
  -4.8878164e-01
  -4.9768642e-01
  -5.0654331e-01
  -5.1535142e-01
  -5.2410989e-01
  -5.3281786e-01
  -5.4147446e-01
  -5.5007885e-01
  -5.5863017e-01
  -5.6712759e-01
  -5.7557026e-01
  -5.8395735e-01
  -5.9228803e-01
  -6.0056149e-01
  -6.0877691e-01
  -6.1693346e-01
  -6.2503036e-01
  -6.3306680e-01
  -6.4104199e-01
  -6.4895513e-01
  -6.5680545e-01
  -6.6459218e-01
  -6.7231454e-01
  -6.7997177e-01
  -6.8756311e-01
  -6.9508781e-01
  -7.0254514e-01
  -7.0993434e-01
  -7.1725470e-01
  -7.2450548e-01
  -7.3168597e-01
  -7.3879546e-01
  -7.4583324e-01
  -7.5279862e-01
  -7.5969091e-01
  -7.6650943e-01
  -7.7325350e-01
  -7.7992244e-01
  -7.8651561e-01
  -7.9303235e-01
  -7.9947201e-01
  -8.0583395e-01
  -8.1211754e-01
  -8.1832217e-01
  -8.2444720e-01
  -8.3049204e-01
  -8.3645608e-01
  -8.4233873e-01
  -8.4813942e-01
  -8.5385755e-01
  -8.5949256e-01
  -8.6504390e-01
  -8.7051101e-01
  -8.7589334e-01
  -8.8119036e-01
  -8.8640155e-01
  -8.9152637e-01
  -8.9656433e-01
  -9.0151492e-01
  -9.0637765e-01
  -9.1115203e-01
  -9.1583759e-01
  -9.2043385e-01
  -9.2494036e-01
  -9.2935666e-01
  -9.3368233e-01
  -9.3791691e-01
  -9.4206000e-01
  -9.4611116e-01
  -9.5007001e-01
  -9.5393614e-01
  -9.5770916e-01
  -9.6138870e-01
  -9.6497438e-01
  -9.6846584e-01
  -9.7186274e-01
  -9.7516472e-01
  -9.7837147e-01
  -9.8148265e-01
  -9.8449794e-01
  -9.8741706e-01
  -9.9023969e-01
  -9.9296555e-01
  -9.9559437e-01
  -9.9812588e-01
  -1.0005598e+00
  -1.0028960e+00
  -1.0051340e+00
  -1.0072738e+00
  -1.0093151e+00
  -1.0112577e+00
  -1.0131013e+00
  -1.0148459e+00
  -1.0164912e+00
  -1.0180370e+00
  -1.0194832e+00
  -1.0208296e+00
  -1.0220761e+00
  -1.0232226e+00
  -1.0242689e+00
  -1.0252150e+00
  -1.0260606e+00
  -1.0268058e+00
  -1.0274505e+00
  -1.0279945e+00
  -1.0284378e+00
  -1.0287804e+00
  -1.0290222e+00
  -1.0291631e+00
  -1.0292033e+00
  -1.0291425e+00
  -1.0289809e+00
  -1.0287185e+00
  -1.0283552e+00
  -1.0278911e+00
  -1.0273262e+00
  -1.0266606e+00
  -1.0258943e+00
  -1.0250274e+00
  -1.0240600e+00
  -1.0229921e+00
  -1.0218238e+00
  -1.0205553e+00
  -1.0191867e+00
  -1.0177180e+00
  -1.0161495e+00
  -1.0144812e+00
  -1.0127133e+00
  -1.0108460e+00
  -1.0088795e+00
  -1.0068139e+00
  -1.0046495e+00
  -1.0023863e+00
  -1.0000248e+00
  -9.9756495e-01
  -9.9500713e-01
  -9.9235155e-01
  -9.8959846e-01
  -9.8674812e-01
  -9.8380080e-01
  -9.8075678e-01
  -9.7761634e-01
  -9.7437979e-01
  -9.7104744e-01
  -9.6761959e-01
  -9.6409658e-01
  -9.6047875e-01
  -9.5676644e-01
  -9.5295999e-01
  -9.4905979e-01
  -9.4506619e-01
  -9.4097959e-01
  -9.3680037e-01
  -9.3252893e-01
  -9.2816569e-01
  -9.2371106e-01
  -9.1916547e-01
  -9.1452936e-01
  -9.0980316e-01
  -9.0498735e-01
  -9.0008237e-01
  -8.9508871e-01
  -8.9000683e-01
  -8.8483724e-01
  -8.7958043e-01
  -8.7423690e-01
  -8.6880717e-01
  -8.6329177e-01
  -8.5769123e-01
  -8.5200608e-01
  -8.4623688e-01
  -8.4038418e-01
  -8.3444855e-01
  -8.2843057e-01
  -8.2233081e-01
  -8.1614986e-01
  -8.0988832e-01
  -8.0354680e-01
  -7.9712591e-01
  -7.9062628e-01
  -7.8404852e-01
  -7.7739329e-01
  -7.7066122e-01
  -7.6385296e-01
  -7.5696918e-01
  -7.5001054e-01
  -7.4297771e-01
  -7.3587139e-01
  -7.2869226e-01
  -7.2144101e-01
  -7.1411834e-01
  -7.0672498e-01
  -6.9926163e-01
  -6.9172903e-01
  -6.8412789e-01
  -6.7645897e-01
  -6.6872300e-01
  -6.6092074e-01
  -6.5305294e-01
  -6.4512038e-01
  -6.3712381e-01
  -6.2906403e-01
  -6.2094180e-01
  -6.1275793e-01
  -6.0451320e-01
  -5.9620843e-01
  -5.8784441e-01
  -5.7942196e-01
  -5.7094191e-01
  -5.6240507e-01
  -5.5381228e-01
  -5.4516437e-01
  -5.3646219e-01
  -5.2770658e-01
  -5.1889840e-01
  -5.1003851e-01
  -5.0112776e-01
  -4.9216703e-01
  -4.8315719e-01
  -4.7409911e-01
  -4.6499369e-01
  -4.5584181e-01
  -4.4664435e-01
  -4.3740222e-01
  -4.2811633e-01
  -4.1878756e-01
  -4.0941684e-01
  -4.0000509e-01
  -3.9055320e-01
  -3.8106212e-01
  -3.7153276e-01
  -3.6196606e-01
  -3.5236295e-01
  -3.4272436e-01
  -3.3305125e-01
  -3.2334454e-01
  -3.1360520e-01
  -3.0383417e-01
  -2.9403241e-01
  -2.8420087e-01
  -2.7434052e-01
  -2.6445231e-01
  -2.5453722e-01
  -2.4459621e-01
  -2.3463026e-01
  -2.2464034e-01
  -2.1462742e-01
  -2.0459249e-01
  -1.9453653e-01
  -1.8446051e-01
  -1.7436543e-01
  -1.6425228e-01
  -1.5412203e-01
  -1.4397569e-01
  -1.3381425e-01
  -1.2363869e-01
  -1.1345002e-01
  -1.0324924e-01
  -9.3037337e-02
  -8.2815316e-02
  -7.2584177e-02
  -6.2344922e-02
  -5.2098554e-02
  -4.1846076e-02
  -3.1588493e-02
  -2.1326808e-02
  -1.1062028e-02
  -7.9515802e-04
   9.4727962e-03
   1.9740828e-02
   3.0007932e-02
   4.0273101e-02
   5.0535330e-02
   6.0793612e-02
   7.1046941e-02
   8.1294312e-02
   9.1534721e-02
   1.0176716e-01
   1.1199063e-01
   1.2220413e-01
   1.3240666e-01
   1.4259720e-01
   1.5277478e-01
   1.6293837e-01
   1.7308700e-01
   1.8321965e-01
   1.9333535e-01
   2.0343309e-01
   2.1351188e-01
   2.2357074e-01
   2.3360867e-01
   2.4362469e-01
   2.5361782e-01
   2.6358707e-01
   2.7353147e-01
   2.8345003e-01
   2.9334180e-01
   3.0320578e-01
   3.1304101e-01
   3.2284653e-01
   3.3262138e-01
   3.4236458e-01
   3.5207519e-01
   3.6175224e-01
   3.7139479e-01
   3.8100189e-01
   3.9057260e-01
   4.0010596e-01
   4.0960105e-01
   4.1905693e-01
   4.2847267e-01
   4.3784734e-01
   4.4718002e-01
   4.5646979e-01
   4.6571574e-01
   4.7491695e-01
   4.8407252e-01
   4.9318155e-01
   5.0224315e-01
   5.1125641e-01
   5.2022045e-01
   5.2913438e-01
   5.3799734e-01
   5.4680844e-01
   5.5556682e-01
   5.6427161e-01
   5.7292195e-01
   5.8151700e-01
   5.9005590e-01
   5.9853781e-01
   6.0696189e-01
   6.1532732e-01
   6.2363327e-01
   6.3187891e-01
   6.4006344e-01
   6.4818604e-01
   6.5624592e-01
   6.6424227e-01
   6.7217432e-01
   6.8004126e-01
   6.8784234e-01
   6.9557677e-01
   7.0324379e-01
   7.1084265e-01
   7.1837258e-01
   7.2583286e-01
   7.3322273e-01
   7.4054148e-01
   7.4778836e-01
   7.5496268e-01
   7.6206371e-01
   7.6909075e-01
   7.7604311e-01
   7.8292010e-01
   7.8972104e-01
   7.9644525e-01
   8.0309207e-01
   8.0966084e-01
   8.1615091e-01
   8.2256163e-01
   8.2889236e-01
   8.3514249e-01
   8.4131138e-01
   8.4739843e-01
   8.5340303e-01
   8.5932459e-01
   8.6516251e-01
   8.7091622e-01
   8.7658514e-01
   8.8216871e-01
   8.8766638e-01
   8.9307759e-01
   8.9840182e-01
   9.0363852e-01
   9.0878718e-01
   9.1384728e-01
   9.1881832e-01
   9.2369980e-01
   9.2849124e-01
   9.3319216e-01
   9.3780209e-01
   9.4232056e-01
   9.4674713e-01
   9.5108135e-01
   9.5532278e-01
   9.5947102e-01
   9.6352563e-01
   9.6748621e-01
   9.7135237e-01
   9.7512371e-01
   9.7879986e-01
   9.8238045e-01
   9.8586512e-01
   9.8925351e-01
   9.9254529e-01
   9.9574012e-01
   9.9883769e-01
   1.0018377e+00
   1.0047398e+00
   1.0075437e+00
   1.0102491e+00
   1.0128558e+00
   1.0153635e+00
   1.0177720e+00
   1.0200809e+00
   1.0222901e+00
   1.0243994e+00
   1.0264084e+00
   1.0283171e+00
   1.0301251e+00
   1.0318324e+00
   1.0334388e+00
   1.0349440e+00
   1.0363479e+00
   1.0376504e+00
   1.0388514e+00
   1.0399507e+00
   1.0409481e+00
   1.0418437e+00
   1.0426372e+00
   1.0433286e+00
   1.0439179e+00
   1.0444049e+00
   1.0447896e+00
   1.0450719e+00
   1.0452519e+00
   1.0453294e+00
   1.0453045e+00
   1.0451772e+00
   1.0449474e+00
   1.0446152e+00
   1.0441806e+00
   1.0436437e+00
   1.0430043e+00
   1.0422628e+00
   1.0414190e+00
   1.0404730e+00
   1.0394250e+00
   1.0382751e+00
   1.0370232e+00
   1.0356696e+00
   1.0342144e+00
   1.0326577e+00
   1.0309997e+00
   1.0292404e+00
   1.0273801e+00
   1.0254190e+00
   1.0233571e+00
   1.0211948e+00
   1.0189322e+00
   1.0165695e+00
   1.0141069e+00
   1.0115447e+00
   1.0088832e+00
   1.0061225e+00
   1.0032629e+00
   1.0003047e+00
   9.9724824e-01
   9.9409373e-01
   9.9084148e-01
   9.8749182e-01
   9.8404505e-01
   9.8050150e-01
   9.7686152e-01
   9.7312546e-01
   9.6929365e-01
   9.6536649e-01
   9.6134433e-01
   9.5722756e-01
   9.5301659e-01
   9.4871180e-01
   9.4431362e-01
   9.3982247e-01
   9.3523877e-01
   9.3056297e-01
   9.2579552e-01
   9.2093687e-01
   9.1598750e-01
   9.1094787e-01
   9.0581848e-01
   9.0059981e-01
   8.9529237e-01
   8.8989668e-01
   8.8441324e-01
   8.7884260e-01
   8.7318528e-01
   8.6744184e-01
   8.6161282e-01
   8.5569880e-01
   8.4970033e-01
   8.4361801e-01
   8.3745242e-01
   8.3120415e-01
   8.2487382e-01
   8.1846202e-01
   8.1196939e-01
   8.0539655e-01
   7.9874413e-01
   7.9201279e-01
   7.8520317e-01
   7.7831593e-01
   7.7135174e-01
   7.6431128e-01
   7.5719522e-01
   7.5000426e-01
   7.4273910e-01
   7.3540044e-01
   7.2798899e-01
   7.2050546e-01
   7.1295060e-01
   7.0532513e-01
   6.9762978e-01
   6.8986532e-01
   6.8203249e-01
   6.7413205e-01
   6.6616477e-01
   6.5813143e-01
   6.5003280e-01
   6.4186967e-01
   6.3364285e-01
   6.2535312e-01
   6.1700129e-01
   6.0858818e-01
   6.0011460e-01
   5.9158138e-01
   5.8298935e-01
   5.7433934e-01
   5.6563220e-01
   5.5686878e-01
   5.4804992e-01
   5.3917649e-01
   5.3024935e-01
   5.2126937e-01
   5.1223743e-01
   5.0315440e-01
   4.9402118e-01
   4.8483864e-01
   4.7560769e-01
   4.6632923e-01
   4.5700416e-01
   4.4763339e-01
   4.3821783e-01
   4.2875840e-01
   4.1925603e-01
   4.0971163e-01
   4.0012616e-01
   3.9050053e-01
   3.8083568e-01
   3.7113257e-01
   3.6139214e-01
   3.5161533e-01
   3.4180311e-01
   3.3195643e-01
   3.2207626e-01
   3.1216355e-01
   3.0221928e-01
   2.9224442e-01
   2.8223994e-01
   2.7220681e-01
   2.6214603e-01
   2.5205858e-01
   2.4194543e-01
   2.3180758e-01
   2.2164602e-01
   2.1146175e-01
   2.0125575e-01
   1.9102903e-01
   1.8078259e-01
   1.7051742e-01
   1.6023454e-01
   1.4993495e-01
   1.3961965e-01
   1.2928966e-01
   1.1894599e-01
   1.0858965e-01
   9.8221653e-02
   8.7843013e-02
   7.7454747e-02
   6.7057872e-02
   5.6653407e-02
   4.6242370e-02
   3.5825781e-02
   2.5404661e-02
   1.4980029e-02
   4.5529080e-03
  -5.8756813e-03
  -1.6304717e-02
  -2.6733176e-02
  -3.7160038e-02
  -4.7584280e-02
  -5.8004880e-02
  -6.8420817e-02
  -7.8831070e-02
  -8.9234617e-02
  -9.9630439e-02
  -1.1001752e-01
  -1.2039483e-01
  -1.3076136e-01
  -1.4111609e-01
  -1.5145801e-01
  -1.6178610e-01
  -1.7209934e-01
  -1.8239674e-01
  -1.9267726e-01
  -2.0293991e-01
  -2.1318368e-01
  -2.2340756e-01
  -2.3361055e-01
  -2.4379164e-01
  -2.5394984e-01
  -2.6408415e-01
  -2.7419357e-01
  -2.8427711e-01
  -2.9433378e-01
  -3.0436259e-01
  -3.1436256e-01
  -3.2433269e-01
  -3.3427203e-01
  -3.4417957e-01
  -3.5405436e-01
  -3.6389542e-01
  -3.7370178e-01
  -3.8347248e-01
  -3.9320655e-01
  -4.0290305e-01
  -4.1256101e-01
  -4.2217949e-01
  -4.3175753e-01
  -4.4129421e-01
  -4.5078857e-01
  -4.6023968e-01
  -4.6964662e-01
  -4.7900845e-01
  -4.8832426e-01
  -4.9759312e-01
  -5.0681413e-01
  -5.1598638e-01
  -5.2510895e-01
  -5.3418096e-01
  -5.4320151e-01
  -5.5216971e-01
  -5.6108468e-01
  -5.6994553e-01
  -5.7875140e-01
  -5.8750141e-01
  -5.9619471e-01
  -6.0483043e-01
  -6.1340772e-01
  -6.2192574e-01
  -6.3038364e-01
  -6.3878060e-01
  -6.4711578e-01
  -6.5538836e-01
  -6.6359752e-01
  -6.7174245e-01
  -6.7982235e-01
  -6.8783642e-01
  -6.9578387e-01
  -7.0366391e-01
  -7.1147576e-01
  -7.1921866e-01
  -7.2689182e-01
  -7.3449451e-01
  -7.4202596e-01
  -7.4948543e-01
  -7.5687218e-01
  -7.6418548e-01
  -7.7142461e-01
  -7.7858885e-01
  -7.8567748e-01
  -7.9268982e-01
  -7.9962516e-01
  -8.0648282e-01
  -8.1326211e-01
  -8.1996237e-01
  -8.2658293e-01
  -8.3312313e-01
  -8.3958232e-01
  -8.4595988e-01
  -8.5225515e-01
  -8.5846751e-01
  -8.6459636e-01
  -8.7064108e-01
  -8.7660106e-01
  -8.8247573e-01
  -8.8826448e-01
  -8.9396676e-01
  -8.9958198e-01
  -9.0510960e-01
  -9.1054905e-01
  -9.1589981e-01
  -9.2116133e-01
  -9.2633309e-01
  -9.3141458e-01
  -9.3640529e-01
  -9.4130472e-01
  -9.4611238e-01
  -9.5082780e-01
  -9.5545049e-01
  -9.5998001e-01
  -9.6441589e-01
  -9.6875769e-01
  -9.7300498e-01
  -9.7715733e-01
  -9.8121433e-01
  -9.8517557e-01
  -9.8904064e-01
  -9.9280917e-01
  -9.9648077e-01
  -1.0000551e+00
  -1.0035317e+00
  -1.0069104e+00
  -1.0101907e+00
  -1.0133723e+00
  -1.0164549e+00
  -1.0194382e+00
  -1.0223220e+00
  -1.0251057e+00
  -1.0277894e+00
  -1.0303725e+00
  -1.0328549e+00
  -1.0352364e+00
  -1.0375166e+00
  -1.0396954e+00
  -1.0417725e+00
  -1.0437477e+00
  -1.0456208e+00
  -1.0473916e+00
  -1.0490600e+00
  -1.0506257e+00
  -1.0520886e+00
  -1.0534486e+00
  -1.0547054e+00
  -1.0558590e+00
  -1.0569093e+00
  -1.0578560e+00
  -1.0586992e+00
  -1.0594387e+00
  -1.0600745e+00
  -1.0606064e+00
  -1.0610345e+00
  -1.0613586e+00
  -1.0615787e+00
  -1.0616949e+00
  -1.0617069e+00
  -1.0616150e+00
  -1.0614190e+00
  -1.0611189e+00
  -1.0607149e+00
  -1.0602068e+00
  -1.0595948e+00
  -1.0588789e+00
  -1.0580592e+00
  -1.0571356e+00
  -1.0561084e+00
  -1.0549776e+00
  -1.0537433e+00
  -1.0524056e+00
  -1.0509647e+00
  -1.0494206e+00
  -1.0477735e+00
  -1.0460236e+00
  -1.0441710e+00
  -1.0422158e+00
  -1.0401584e+00
  -1.0379988e+00
  -1.0357373e+00
  -1.0333740e+00
  -1.0309093e+00
  -1.0283433e+00
  -1.0256762e+00
  -1.0229084e+00
  -1.0200400e+00
  -1.0170714e+00
  -1.0140029e+00
  -1.0108347e+00
  -1.0075671e+00
  -1.0042004e+00
  -1.0007350e+00
  -9.9717119e-01
  -9.9350930e-01
  -9.8974970e-01
  -9.8589272e-01
  -9.8193876e-01
  -9.7788817e-01
  -9.7374136e-01
  -9.6949871e-01
  -9.6516063e-01
  -9.6072755e-01
  -9.5619988e-01
  -9.5157805e-01
  -9.4686252e-01
  -9.4205374e-01
  -9.3715216e-01
  -9.3215826e-01
  -9.2707252e-01
  -9.2189543e-01
  -9.1662749e-01
  -9.1126920e-01
  -9.0582108e-01
  -9.0028365e-01
  -8.9465746e-01
  -8.8894304e-01
  -8.8314094e-01
  -8.7725172e-01
  -8.7127596e-01
  -8.6521423e-01
  -8.5906711e-01
  -8.5283520e-01
  -8.4651910e-01
  -8.4011942e-01
  -8.3363679e-01
  -8.2707182e-01
  -8.2042516e-01
  -8.1369744e-01
  -8.0688933e-01
  -8.0000147e-01
  -7.9303453e-01
  -7.8598919e-01
  -7.7886614e-01
  -7.7166606e-01
  -7.6438965e-01
  -7.5703762e-01
  -7.4961068e-01
  -7.4210955e-01
  -7.3453495e-01
  -7.2688763e-01
  -7.1916833e-01
  -7.1137779e-01
  -7.0351677e-01
  -6.9558604e-01
  -6.8758636e-01
  -6.7951852e-01
  -6.7138329e-01
  -6.6318147e-01
  -6.5491385e-01
  -6.4658124e-01
  -6.3818445e-01
  -6.2972429e-01
  -6.2120160e-01
  -6.1261719e-01
  -6.0397190e-01
  -5.9526657e-01
  -5.8650206e-01
  -5.7767921e-01
  -5.6879888e-01
  -5.5986194e-01
  -5.5086926e-01
  -5.4182171e-01
  -5.3272018e-01
  -5.2356554e-01
  -5.1435871e-01
  -5.0510056e-01
  -4.9579200e-01
  -4.8643395e-01
  -4.7702730e-01
  -4.6757299e-01
  -4.5807193e-01
  -4.4852504e-01
  -4.3893327e-01
  -4.2929754e-01
  -4.1961879e-01
  -4.0989797e-01
  -4.0013603e-01
  -3.9033392e-01
  -3.8049260e-01
  -3.7061302e-01
  -3.6069616e-01
  -3.5074298e-01
  -3.4075444e-01
  -3.3073154e-01
  -3.2067524e-01
  -3.1058653e-01
  -3.0046639e-01
  -2.9031581e-01
  -2.8013579e-01
  -2.6992732e-01
  -2.5969140e-01
  -2.4942902e-01
  -2.3914119e-01
  -2.2882892e-01
  -2.1849321e-01
  -2.0813508e-01
  -1.9775554e-01
  -1.8735559e-01
  -1.7693627e-01
  -1.6649859e-01
  -1.5604357e-01
  -1.4557223e-01
  -1.3508560e-01
  -1.2458470e-01
  -1.1407056e-01
  -1.0354422e-01
  -9.3006691e-02
  -8.2459019e-02
  -7.1902233e-02
  -6.1337365e-02
  -5.0765451e-02
  -4.0187526e-02
  -2.9604626e-02
  -1.9017788e-02
  -8.4280484e-03
   2.1635550e-03
   1.2755984e-02
   2.3348202e-02
   3.3939169e-02
   4.4527848e-02
   5.5113201e-02
   6.5694190e-02
   7.6269778e-02
   8.6838929e-02
   9.7400604e-02
   1.0795377e-01
   1.1849739e-01
   1.2903043e-01
   1.3955186e-01
   1.5006064e-01
   1.6055575e-01
   1.7103615e-01
   1.8150082e-01
   1.9194872e-01
   2.0237884e-01
   2.1279015e-01
   2.2318162e-01
   2.3355224e-01
   2.4390099e-01
   2.5422685e-01
   2.6452881e-01
   2.7480585e-01
   2.8505697e-01
   2.9528116e-01
   3.0547742e-01
   3.1564473e-01
   3.2578211e-01
   3.3588856e-01
   3.4596308e-01
   3.5600468e-01
   3.6601238e-01
   3.7598519e-01
   3.8592213e-01
   3.9582222e-01
   4.0568449e-01
   4.1550798e-01
   4.2529170e-01
   4.3503471e-01
   4.4473604e-01
   4.5439473e-01
   4.6400984e-01
   4.7358042e-01
   4.8310552e-01
   4.9258422e-01
   5.0201557e-01
   5.1139865e-01
   5.2073253e-01
   5.3001629e-01
   5.3924902e-01
   5.4842981e-01
   5.5755776e-01
   5.6663195e-01
   5.7565151e-01
   5.8461554e-01
   5.9352315e-01
   6.0237347e-01
   6.1116563e-01
   6.1989875e-01
   6.2857198e-01
   6.3718445e-01
   6.4573533e-01
   6.5422377e-01
   6.6264892e-01
   6.7100996e-01
   6.7930606e-01
   6.8753640e-01
   6.9570016e-01
   7.0379655e-01
   7.1182476e-01
   7.1978400e-01
   7.2767348e-01
   7.3549242e-01
   7.4324005e-01
   7.5091560e-01
   7.5851831e-01
   7.6604744e-01
   7.7350222e-01
   7.8088194e-01
   7.8818585e-01
   7.9541324e-01
   8.0256338e-01
   8.0963558e-01
   8.1662912e-01
   8.2354332e-01
   8.3037748e-01
   8.3713094e-01
   8.4380303e-01
   8.5039307e-01
   8.5690043e-01
   8.6332444e-01
   8.6966448e-01
   8.7591991e-01
   8.8209011e-01
   8.8817448e-01
   8.9417240e-01
   9.0008328e-01
   9.0590653e-01
   9.1164157e-01
   9.1728783e-01
   9.2284475e-01
   9.2831178e-01
   9.3368837e-01
   9.3897398e-01
   9.4416810e-01
   9.4927019e-01
   9.5427976e-01
   9.5919629e-01
   9.6401931e-01
   9.6874833e-01
   9.7338287e-01
   9.7792247e-01
   9.8236669e-01
   9.8671506e-01
   9.9096717e-01
   9.9512257e-01
   9.9918087e-01
   1.0031416e+00
   1.0070045e+00
   1.0107690e+00
   1.0144349e+00
   1.0180017e+00
   1.0214691e+00
   1.0248367e+00
   1.0281042e+00
   1.0312713e+00
   1.0343376e+00
   1.0373029e+00
   1.0401668e+00
   1.0429290e+00
   1.0455893e+00
   1.0481474e+00
   1.0506031e+00
   1.0529560e+00
   1.0552059e+00
   1.0573527e+00
   1.0593961e+00
   1.0613358e+00
   1.0631717e+00
   1.0649036e+00
   1.0665313e+00
   1.0680547e+00
   1.0694735e+00
   1.0707877e+00
   1.0719970e+00
   1.0731014e+00
   1.0741008e+00
   1.0749950e+00
   1.0757839e+00
   1.0764675e+00
   1.0770457e+00
   1.0775184e+00
   1.0778855e+00
   1.0781470e+00
   1.0783029e+00
   1.0783531e+00
   1.0782976e+00
   1.0781365e+00
   1.0778697e+00
   1.0774973e+00
   1.0770192e+00
   1.0764355e+00
   1.0757463e+00
   1.0749515e+00
   1.0740514e+00
   1.0730459e+00
   1.0719352e+00
   1.0707193e+00
   1.0693983e+00
   1.0679724e+00
   1.0664417e+00
   1.0648064e+00
   1.0630665e+00
   1.0612223e+00
   1.0592739e+00
   1.0572215e+00
   1.0550653e+00
   1.0528055e+00
   1.0504423e+00
   1.0479760e+00
   1.0454066e+00
   1.0427346e+00
   1.0399601e+00
   1.0370835e+00
   1.0341049e+00
   1.0310247e+00
   1.0278431e+00
   1.0245606e+00
   1.0211772e+00
   1.0176935e+00
   1.0141097e+00
   1.0104262e+00
   1.0066432e+00
   1.0027613e+00
   9.9878070e-01
   9.9470184e-01
   9.9052509e-01
   9.8625087e-01
   9.8187957e-01
   9.7741162e-01
   9.7284745e-01
   9.6818749e-01
   9.6343219e-01
   9.5858201e-01
   9.5363741e-01
   9.4859887e-01
   9.4346687e-01
   9.3824191e-01
   9.3292450e-01
   9.2751513e-01
   9.2201434e-01
   9.1642265e-01
   9.1074060e-01
   9.0496875e-01
   8.9910764e-01
   8.9315784e-01
   8.8711994e-01
   8.8099450e-01
   8.7478212e-01
   8.6848341e-01
   8.6209897e-01
   8.5562942e-01
   8.4907538e-01
   8.4243749e-01
   8.3571639e-01
   8.2891273e-01
   8.2202718e-01
   8.1506038e-01
   8.0801303e-01
   8.0088581e-01
   7.9367940e-01
   7.8639450e-01
   7.7903182e-01
   7.7159207e-01
   7.6407598e-01
   7.5648428e-01
   7.4881769e-01
   7.4107697e-01
   7.3326286e-01
   7.2537613e-01
   7.1741754e-01
   7.0938786e-01
   7.0128788e-01
   6.9311837e-01
   6.8488014e-01
   6.7657399e-01
   6.6820071e-01
   6.5976113e-01
   6.5125607e-01
   6.4268635e-01
   6.3405281e-01
   6.2535628e-01
   6.1659762e-01
   6.0777767e-01
   5.9889730e-01
   5.8995736e-01
   5.8095873e-01
   5.7190229e-01
   5.6278891e-01
   5.5361948e-01
   5.4439490e-01
   5.3511607e-01
   5.2578389e-01
   5.1639926e-01
   5.0696311e-01
   4.9747635e-01
   4.8793991e-01
   4.7835472e-01
   4.6872171e-01
   4.5904181e-01
   4.4931599e-01
   4.3954518e-01
   4.2973033e-01
   4.1987241e-01
   4.0997238e-01
   4.0003120e-01
   3.9004984e-01
   3.8002928e-01
   3.6997049e-01
   3.5987446e-01
   3.4974218e-01
   3.3957462e-01
   3.2937279e-01
   3.1913769e-01
   3.0887030e-01
   2.9857164e-01
   2.8824271e-01
   2.7788452e-01
   2.6749808e-01
   2.5708441e-01
   2.4664453e-01
   2.3617945e-01
   2.2569019e-01
   2.1517780e-01
   2.0464328e-01
   1.9408768e-01
   1.8351203e-01
   1.7291735e-01
   1.6230469e-01
   1.5167508e-01
   1.4102957e-01
   1.3036919e-01
   1.1969499e-01
   1.0900802e-01
   9.8309311e-02
   8.7599923e-02
   7.6880901e-02
   6.6153295e-02
   5.5418154e-02
   4.4676530e-02
   3.3929475e-02
   2.3178042e-02
   1.2423284e-02
   1.6662543e-03
  -9.0919929e-03
  -1.9850403e-02
  -3.0607923e-02
  -4.1363497e-02
  -5.2116071e-02
  -6.2864592e-02
  -7.3608006e-02
  -8.4345259e-02
  -9.5075298e-02
  -1.0579707e-01
  -1.1650953e-01
  -1.2721162e-01
  -1.3790229e-01
  -1.4858049e-01
  -1.5924518e-01
  -1.6989531e-01
  -1.8052983e-01
  -1.9114770e-01
  -2.0174788e-01
  -2.1232933e-01
  -2.2289100e-01
  -2.3343187e-01
  -2.4395090e-01
  -2.5444705e-01
  -2.6491929e-01
  -2.7536659e-01
  -2.8578794e-01
  -2.9618229e-01
  -3.0654864e-01
  -3.1688597e-01
  -3.2719325e-01
  -3.3746948e-01
  -3.4771364e-01
  -3.5792473e-01
  -3.6810175e-01
  -3.7824369e-01
  -3.8834955e-01
  -3.9841835e-01
  -4.0844908e-01
  -4.1844078e-01
  -4.2839244e-01
  -4.3830310e-01
  -4.4817178e-01
  -4.5799750e-01
  -4.6777930e-01
  -4.7751622e-01
  -4.8720729e-01
  -4.9685157e-01
  -5.0644810e-01
  -5.1599594e-01
  -5.2549415e-01
  -5.3494179e-01
  -5.4433793e-01
  -5.5368165e-01
  -5.6297203e-01
  -5.7220814e-01
  -5.8138908e-01
  -5.9051394e-01
  -5.9958183e-01
  -6.0859185e-01
  -6.1754311e-01
  -6.2643473e-01
  -6.3526583e-01
  -6.4403553e-01
  -6.5274298e-01
  -6.6138732e-01
  -6.6996769e-01
  -6.7848324e-01
  -6.8693313e-01
  -6.9531654e-01
  -7.0363262e-01
  -7.1188056e-01
  -7.2005955e-01
  -7.2816877e-01
  -7.3620743e-01
  -7.4417472e-01
  -7.5206987e-01
  -7.5989209e-01
  -7.6764060e-01
  -7.7531465e-01
  -7.8291347e-01
  -7.9043630e-01
  -7.9788241e-01
  -8.0525106e-01
  -8.1254152e-01
  -8.1975306e-01
  -8.2688497e-01
  -8.3393655e-01
  -8.4090709e-01
  -8.4779590e-01
  -8.5460231e-01
  -8.6132563e-01
  -8.6796521e-01
  -8.7452037e-01
  -8.8099047e-01
  -8.8737487e-01
  -8.9367293e-01
  -8.9988403e-01
  -9.0600754e-01
  -9.1204287e-01
  -9.1798942e-01
  -9.2384658e-01
  -9.2961377e-01
  -9.3529044e-01
  -9.4087599e-01
  -9.4636990e-01
  -9.5177159e-01
  -9.5708054e-01
  -9.6229622e-01
  -9.6741810e-01
  -9.7244568e-01
  -9.7737845e-01
  -9.8221592e-01
  -9.8695761e-01
  -9.9160304e-01
  -9.9615175e-01
  -1.0006033e+00
  -1.0049572e+00
  -1.0092130e+00
  -1.0133704e+00
  -1.0174289e+00
  -1.0213880e+00
  -1.0252475e+00
  -1.0290068e+00
  -1.0326657e+00
  -1.0362237e+00
  -1.0396805e+00
  -1.0430358e+00
  -1.0462892e+00
  -1.0494404e+00
  -1.0524890e+00
  -1.0554348e+00
  -1.0582775e+00
  -1.0610167e+00
  -1.0636522e+00
  -1.0661837e+00
  -1.0686110e+00
  -1.0709338e+00
  -1.0731519e+00
  -1.0752650e+00
  -1.0772729e+00
  -1.0791755e+00
  -1.0809725e+00
  -1.0826638e+00
  -1.0842491e+00
  -1.0857283e+00
  -1.0871012e+00
  -1.0883678e+00
  -1.0895278e+00
  -1.0905812e+00
  -1.0915278e+00
  -1.0923675e+00
  -1.0931002e+00
  -1.0937259e+00
  -1.0942445e+00
  -1.0946558e+00
  -1.0949600e+00
  -1.0951568e+00
  -1.0952464e+00
  -1.0952286e+00
  -1.0951035e+00
  -1.0948711e+00
  -1.0945313e+00
  -1.0940843e+00
  -1.0935300e+00
  -1.0928684e+00
  -1.0920997e+00
  -1.0912239e+00
  -1.0902411e+00
  -1.0891513e+00
  -1.0879547e+00
  -1.0866514e+00
  -1.0852414e+00
  -1.0837249e+00
  -1.0821021e+00
  -1.0803731e+00
  -1.0785380e+00
  -1.0765971e+00
  -1.0745505e+00
  -1.0723983e+00
  -1.0701409e+00
  -1.0677783e+00
  -1.0653109e+00
  -1.0627388e+00
  -1.0600624e+00
  -1.0572818e+00
  -1.0543973e+00
  -1.0514092e+00
  -1.0483177e+00
  -1.0451232e+00
  -1.0418260e+00
  -1.0384264e+00
  -1.0349246e+00
  -1.0313211e+00
  -1.0276162e+00
  -1.0238102e+00
  -1.0199035e+00
  -1.0158965e+00
  -1.0117895e+00
  -1.0075830e+00
  -1.0032773e+00
  -9.9887283e-01
  -9.9437006e-01
  -9.8976941e-01
  -9.8507131e-01
  -9.8027622e-01
  -9.7538458e-01
  -9.7039688e-01
  -9.6531359e-01
  -9.6013521e-01
  -9.5486222e-01
  -9.4949514e-01
  -9.4403448e-01
  -9.3848077e-01
  -9.3283455e-01
  -9.2709635e-01
  -9.2126674e-01
  -9.1534627e-01
  -9.0933552e-01
  -9.0323506e-01
  -8.9704549e-01
  -8.9076740e-01
  -8.8440140e-01
  -8.7794811e-01
  -8.7140815e-01
  -8.6478214e-01
  -8.5807074e-01
  -8.5127459e-01
  -8.4439435e-01
  -8.3743068e-01
  -8.3038426e-01
  -8.2325578e-01
  -8.1604591e-01
  -8.0875537e-01
  -8.0138486e-01
  -7.9393509e-01
  -7.8640678e-01
  -7.7880066e-01
  -7.7111748e-01
  -7.6335798e-01
  -7.5552290e-01
  -7.4761302e-01
  -7.3962910e-01
  -7.3157191e-01
  -7.2344223e-01
  -7.1524086e-01
  -7.0696860e-01
  -6.9862624e-01
  -6.9021460e-01
  -6.8173449e-01
  -6.7318674e-01
  -6.6457218e-01
  -6.5589165e-01
  -6.4714599e-01
  -6.3833606e-01
  -6.2946270e-01
  -6.2052679e-01
  -6.1152919e-01
  -6.0247078e-01
  -5.9335243e-01
  -5.8417505e-01
  -5.7493952e-01
  -5.6564674e-01
  -5.5629761e-01
  -5.4689305e-01
  -5.3743397e-01
  -5.2792130e-01
  -5.1835596e-01
  -5.0873888e-01
  -4.9907101e-01
  -4.8935328e-01
  -4.7958664e-01
  -4.6977204e-01
  -4.5991044e-01
  -4.5000281e-01
  -4.4005010e-01
  -4.3005329e-01
  -4.2001336e-01
  -4.0993129e-01
  -3.9980805e-01
  -3.8964464e-01
  -3.7944204e-01
  -3.6920127e-01
  -3.5892330e-01
  -3.4860916e-01
  -3.3825984e-01
  -3.2787636e-01
  -3.1745973e-01
  -3.0701096e-01
  -2.9653109e-01
  -2.8602113e-01
  -2.7548210e-01
  -2.6491505e-01
  -2.5432100e-01
  -2.4370099e-01
  -2.3305606e-01
  -2.2238724e-01
  -2.1169558e-01
  -2.0098213e-01
  -1.9024793e-01
  -1.7949404e-01
  -1.6872150e-01
  -1.5793138e-01
  -1.4712471e-01
  -1.3630257e-01
  -1.2546601e-01
  -1.1461610e-01
  -1.0375389e-01
  -9.2880444e-02
  -8.1996832e-02
  -7.1104118e-02
  -6.0203368e-02
  -4.9295650e-02
  -3.8382033e-02
  -2.7463584e-02
  -1.6541374e-02
  -5.6164721e-03
   5.3100505e-03
   1.6237124e-02
   2.7163676e-02
   3.8088638e-02
   4.9010937e-02
   5.9929504e-02
   7.0843268e-02
   8.1751158e-02
   9.2652106e-02
   1.0354504e-01
   1.1442890e-01
   1.2530261e-01
   1.3616510e-01
   1.4701532e-01
   1.5785219e-01
   1.6867465e-01
   1.7948165e-01
   1.9027211e-01
   2.0104499e-01
   2.1179921e-01
   2.2253374e-01
   2.3324751e-01
   2.4393947e-01
   2.5460857e-01
   2.6525377e-01
   2.7587402e-01
   2.8646827e-01
   2.9703548e-01
   3.0757462e-01
   3.1808465e-01
   3.2856454e-01
   3.3901326e-01
   3.4942977e-01
   3.5981307e-01
   3.7016212e-01
   3.8047591e-01
   3.9075342e-01
   4.0099364e-01
   4.1119558e-01
   4.2135821e-01
   4.3148055e-01
   4.4156159e-01
   4.5160035e-01
   4.6159584e-01
   4.7154707e-01
   4.8145306e-01
   4.9131284e-01
   5.0112544e-01
   5.1088989e-01
   5.2060523e-01
   5.3027050e-01
   5.3988476e-01
   5.4944704e-01
   5.5895642e-01
   5.6841195e-01
   5.7781271e-01
   5.8715776e-01
   5.9644618e-01
   6.0567707e-01
   6.1484950e-01
   6.2396257e-01
   6.3301539e-01
   6.4200706e-01
   6.5093670e-01
   6.5980342e-01
   6.6860635e-01
   6.7734461e-01
   6.8601736e-01
   6.9462372e-01
   7.0316285e-01
   7.1163391e-01
   7.2003607e-01
   7.2836848e-01
   7.3663032e-01
   7.4482079e-01
   7.5293907e-01
   7.6098435e-01
   7.6895585e-01
   7.7685277e-01
   7.8467433e-01
   7.9241976e-01
   8.0008830e-01
   8.0767917e-01
   8.1519164e-01
   8.2262495e-01
   8.2997838e-01
   8.3725119e-01
   8.4444266e-01
   8.5155208e-01
   8.5857874e-01
   8.6552196e-01
   8.7238103e-01
   8.7915528e-01
   8.8584404e-01
   8.9244664e-01
   8.9896242e-01
   9.0539075e-01
   9.1173098e-01
   9.1798248e-01
   9.2414463e-01
   9.3021682e-01
   9.3619845e-01
   9.4208891e-01
   9.4788762e-01
   9.5359401e-01
   9.5920751e-01
   9.6472755e-01
   9.7015359e-01
   9.7548509e-01
   9.8072152e-01
   9.8586234e-01
   9.9090706e-01
   9.9585516e-01
   1.0007062e+00
   1.0054595e+00
   1.0101149e+00
   1.0146717e+00
   1.0191295e+00
   1.0234878e+00
   1.0277463e+00
   1.0319045e+00
   1.0359620e+00
   1.0399183e+00
   1.0437731e+00
   1.0475261e+00
   1.0511767e+00
   1.0547246e+00
   1.0581696e+00
   1.0615112e+00
   1.0647490e+00
   1.0678829e+00
   1.0709124e+00
   1.0738372e+00
   1.0766572e+00
   1.0793718e+00
   1.0819810e+00
   1.0844844e+00
   1.0868817e+00
   1.0891728e+00
   1.0913573e+00
   1.0934351e+00
   1.0954060e+00
   1.0972697e+00
   1.0990260e+00
   1.1006749e+00
   1.1022160e+00
   1.1036492e+00
   1.1049744e+00
   1.1061915e+00
   1.1073003e+00
   1.1083007e+00
   1.1091925e+00
   1.1099758e+00
   1.1106503e+00
   1.1112161e+00
   1.1116730e+00
   1.1120211e+00
   1.1122602e+00
   1.1123903e+00
   1.1124114e+00
   1.1123235e+00
   1.1121265e+00
   1.1118206e+00
   1.1114057e+00
   1.1108818e+00
   1.1102490e+00
   1.1095073e+00
   1.1086569e+00
   1.1076977e+00
   1.1066298e+00
   1.1054534e+00
   1.1041686e+00
   1.1027754e+00
   1.1012740e+00
   1.0996645e+00
   1.0979471e+00
   1.0961220e+00
   1.0941892e+00
   1.0921490e+00
   1.0900016e+00
   1.0877472e+00
   1.0853859e+00
   1.0829181e+00
   1.0803438e+00
   1.0776635e+00
   1.0748773e+00
   1.0719854e+00
   1.0689883e+00
   1.0658860e+00
   1.0626790e+00
   1.0593676e+00
   1.0559520e+00
   1.0524326e+00
   1.0488097e+00
   1.0450837e+00
   1.0412549e+00
   1.0373236e+00
   1.0332903e+00
   1.0291554e+00
   1.0249192e+00
   1.0205822e+00
   1.0161447e+00
   1.0116072e+00
   1.0069701e+00
   1.0022338e+00
   9.9739893e-01
   9.9246580e-01
   9.8743492e-01
   9.8230678e-01
   9.7708187e-01
   9.7176070e-01
   9.6634377e-01
   9.6083161e-01
   9.5522475e-01
   9.4952372e-01
   9.4372909e-01
   9.3784140e-01
   9.3186122e-01
   9.2578914e-01
   9.1962574e-01
   9.1337160e-01
   9.0702735e-01
   9.0059358e-01
   8.9407093e-01
   8.8746001e-01
   8.8076148e-01
   8.7397598e-01
   8.6710416e-01
   8.6014669e-01
   8.5310425e-01
   8.4597751e-01
   8.3876717e-01
   8.3147392e-01
   8.2409847e-01
   8.1664154e-01
   8.0910385e-01
   8.0148612e-01
   7.9378911e-01
   7.8601355e-01
   7.7816019e-01
   7.7022981e-01
   7.6222317e-01
   7.5414104e-01
   7.4598422e-01
   7.3775349e-01
   7.2944966e-01
   7.2107352e-01
   7.1262590e-01
   7.0410761e-01
   6.9551949e-01
   6.8686236e-01
   6.7813708e-01
   6.6934448e-01
   6.6048542e-01
   6.5156077e-01
   6.4257139e-01
   6.3351815e-01
   6.2440195e-01
   6.1522366e-01
   6.0598418e-01
   5.9668440e-01
   5.8732524e-01
   5.7790761e-01
   5.6843242e-01
   5.5890059e-01
   5.4931306e-01
   5.3967075e-01
   5.2997461e-01
   5.2022558e-01
   5.1042462e-01
   5.0057267e-01
   4.9067071e-01
   4.8071968e-01
   4.7072057e-01
   4.6067435e-01
   4.5058200e-01
   4.4044450e-01
   4.3026285e-01
   4.2003803e-01
   4.0977105e-01
   3.9946290e-01
   3.8911460e-01
   3.7872714e-01
   3.6830156e-01
   3.5783886e-01
   3.4734007e-01
   3.3680620e-01
   3.2623830e-01
   3.1563739e-01
   3.0500451e-01
   2.9434070e-01
   2.8364700e-01
   2.7292445e-01
   2.6217410e-01
   2.5139701e-01
   2.4059423e-01
   2.2976680e-01
   2.1891580e-01
   2.0804229e-01
   1.9714731e-01
   1.8623195e-01
   1.7529728e-01
   1.6434434e-01
   1.5337423e-01
   1.4238802e-01
   1.3138677e-01
   1.2037157e-01
   1.0934350e-01
   9.8303624e-02
   8.7253036e-02
   7.6192814e-02
   6.5124041e-02
   5.4047801e-02
   4.2965180e-02
   3.1877261e-02
   2.0785132e-02
   9.6898789e-03
  -1.4074111e-03
  -1.2505651e-02
  -2.3603752e-02
  -3.4700628e-02
  -4.5795191e-02
  -5.6886354e-02
  -6.7973028e-02
  -7.9054128e-02
  -9.0128566e-02
  -1.0119526e-01
  -1.1225311e-01
  -1.2330106e-01
  -1.3433800e-01
  -1.4536285e-01
  -1.5637454e-01
  -1.6737199e-01
  -1.7835411e-01
  -1.8931983e-01
  -2.0026807e-01
  -2.1119776e-01
  -2.2210782e-01
  -2.3299718e-01
  -2.4386478e-01
  -2.5470954e-01
  -2.6553041e-01
  -2.7632631e-01
  -2.8709619e-01
  -2.9783899e-01
  -3.0855366e-01
  -3.1923913e-01
  -3.2989437e-01
  -3.4051832e-01
  -3.5110995e-01
  -3.6166820e-01
  -3.7219205e-01
  -3.8268045e-01
  -3.9313237e-01
  -4.0354680e-01
  -4.1392269e-01
  -4.2425904e-01
  -4.3455482e-01
  -4.4480903e-01
  -4.5502065e-01
  -4.6518868e-01
  -4.7531212e-01
  -4.8538997e-01
  -4.9542123e-01
  -5.0540493e-01
  -5.1534008e-01
  -5.2522570e-01
  -5.3506082e-01
  -5.4484446e-01
  -5.5457567e-01
  -5.6425348e-01
  -5.7387695e-01
  -5.8344511e-01
  -5.9295704e-01
  -6.0241179e-01
  -6.1180843e-01
  -6.2114603e-01
  -6.3042368e-01
  -6.3964045e-01
  -6.4879545e-01
  -6.5788776e-01
  -6.6691648e-01
  -6.7588073e-01
  -6.8477963e-01
  -6.9361229e-01
  -7.0237784e-01
  -7.1107542e-01
  -7.1970416e-01
  -7.2826322e-01
  -7.3675174e-01
  -7.4516890e-01
  -7.5351386e-01
  -7.6178579e-01
  -7.6998387e-01
  -7.7810730e-01
  -7.8615527e-01
  -7.9412699e-01
  -8.0202166e-01
  -8.0983851e-01
  -8.1757676e-01
  -8.2523565e-01
  -8.3281441e-01
  -8.4031230e-01
  -8.4772858e-01
  -8.5506250e-01
  -8.6231335e-01
  -8.6948040e-01
  -8.7656295e-01
  -8.8356028e-01
  -8.9047171e-01
  -8.9729656e-01
  -9.0403413e-01
  -9.1068378e-01
  -9.1724482e-01
  -9.2371662e-01
  -9.3009853e-01
  -9.3638992e-01
  -9.4259015e-01
  -9.4869862e-01
  -9.5471472e-01
  -9.6063784e-01
  -9.6646740e-01
  -9.7220282e-01
  -9.7784353e-01
  -9.8338896e-01
  -9.8883856e-01
  -9.9419178e-01
  -9.9944811e-01
  -1.0046070e+00
  -1.0096679e+00
  -1.0146304e+00
  -1.0194940e+00
  -1.0242581e+00
  -1.0289223e+00
  -1.0334861e+00
  -1.0379491e+00
  -1.0423108e+00
  -1.0465708e+00
  -1.0507287e+00
  -1.0547839e+00
  -1.0587362e+00
  -1.0625852e+00
  -1.0663304e+00
  -1.0699714e+00
  -1.0735080e+00
  -1.0769397e+00
  -1.0802661e+00
  -1.0834871e+00
  -1.0866022e+00
  -1.0896111e+00
  -1.0925135e+00
  -1.0953091e+00
  -1.0979977e+00
  -1.1005789e+00
  -1.1030525e+00
  -1.1054183e+00
  -1.1076760e+00
  -1.1098253e+00
  -1.1118661e+00
  -1.1137981e+00
  -1.1156212e+00
  -1.1173351e+00
  -1.1189396e+00
  -1.1204347e+00
  -1.1218201e+00
  -1.1230957e+00
  -1.1242614e+00
  -1.1253170e+00
  -1.1262625e+00
  -1.1270976e+00
  -1.1278224e+00
  -1.1284367e+00
  -1.1289405e+00
  -1.1293337e+00
  -1.1296163e+00
  -1.1297882e+00
  -1.1298494e+00
  -1.1297999e+00
  -1.1296397e+00
  -1.1293687e+00
  -1.1289870e+00
  -1.1284947e+00
  -1.1278917e+00
  -1.1271781e+00
  -1.1263540e+00
  -1.1254194e+00
  -1.1243744e+00
  -1.1232192e+00
  -1.1219538e+00
  -1.1205782e+00
  -1.1190928e+00
  -1.1174975e+00
  -1.1157925e+00
  -1.1139781e+00
  -1.1120542e+00
  -1.1100213e+00
  -1.1078793e+00
  -1.1056285e+00
  -1.1032692e+00
  -1.1008015e+00
  -1.0982257e+00
  -1.0955421e+00
  -1.0927508e+00
  -1.0898521e+00
  -1.0868463e+00
  -1.0837338e+00
  -1.0805147e+00
  -1.0771894e+00
  -1.0737583e+00
  -1.0702215e+00
  -1.0665796e+00
  -1.0628328e+00
  -1.0589814e+00
  -1.0550259e+00
  -1.0509666e+00
  -1.0468039e+00
  -1.0425382e+00
  -1.0381699e+00
  -1.0336995e+00
  -1.0291273e+00
  -1.0244538e+00
  -1.0196794e+00
  -1.0148047e+00
  -1.0098300e+00
  -1.0047559e+00
  -9.9958283e-01
  -9.9431128e-01
  -9.8894177e-01
  -9.8347482e-01
  -9.7791095e-01
  -9.7225071e-01
  -9.6649462e-01
  -9.6064326e-01
  -9.5469718e-01
  -9.4865696e-01
  -9.4252318e-01
  -9.3629643e-01
  -9.2997731e-01
  -9.2356643e-01
  -9.1706442e-01
  -9.1047190e-01
  -9.0378950e-01
  -8.9701788e-01
  -8.9015769e-01
  -8.8320959e-01
  -8.7617425e-01
  -8.6905236e-01
  -8.6184460e-01
  -8.5455168e-01
  -8.4717430e-01
  -8.3971317e-01
  -8.3216902e-01
  -8.2454257e-01
  -8.1683458e-01
  -8.0904577e-01
  -8.0117692e-01
  -7.9322878e-01
  -7.8520213e-01
  -7.7709774e-01
  -7.6891640e-01
  -7.6065890e-01
  -7.5232605e-01
  -7.4391866e-01
  -7.3543754e-01
  -7.2688351e-01
  -7.1825741e-01
  -7.0956008e-01
  -7.0079236e-01
  -6.9195510e-01
  -6.8304916e-01
  -6.7407541e-01
  -6.6503473e-01
  -6.5592798e-01
  -6.4675606e-01
  -6.3751986e-01
  -6.2822027e-01
  -6.1885821e-01
  -6.0943459e-01
  -5.9995031e-01
  -5.9040631e-01
  -5.8080352e-01
  -5.7114287e-01
  -5.6142530e-01
  -5.5165175e-01
  -5.4182319e-01
  -5.3194056e-01
  -5.2200484e-01
  -5.1201698e-01
  -5.0197797e-01
  -4.9188878e-01
  -4.8175040e-01
  -4.7156381e-01
  -4.6133001e-01
  -4.5105000e-01
  -4.4072478e-01
  -4.3035535e-01
  -4.1994273e-01
  -4.0948794e-01
  -3.9899200e-01
  -3.8845592e-01
  -3.7788074e-01
  -3.6726750e-01
  -3.5661722e-01
  -3.4593095e-01
  -3.3520973e-01
  -3.2445461e-01
  -3.1366664e-01
  -3.0284687e-01
  -2.9199637e-01
  -2.8111618e-01
  -2.7020738e-01
  -2.5927103e-01
  -2.4830820e-01
  -2.3731996e-01
  -2.2630739e-01
  -2.1527156e-01
  -2.0421355e-01
  -1.9313444e-01
  -1.8203532e-01
  -1.7091728e-01
  -1.5978139e-01
  -1.4862876e-01
  -1.3746046e-01
  -1.2627760e-01
  -1.1508127e-01
  -1.0387257e-01
  -9.2652584e-02
  -8.1422420e-02
  -7.0183177e-02
  -5.8935955e-02
  -4.7681855e-02
  -3.6421978e-02
  -2.5157430e-02
  -1.3889311e-02
  -2.6187275e-03
   8.6532174e-03
   1.9925419e-02
   3.1196772e-02
   4.2466173e-02
   5.3732517e-02
   6.4994699e-02
   7.6251615e-02
   8.7502161e-02
   9.8745235e-02
   1.0997973e-01
   1.2120456e-01
   1.3241860e-01
   1.4362076e-01
   1.5480995e-01
   1.6598507e-01
   1.7714501e-01
   1.8828869e-01
   1.9941500e-01
   2.1052286e-01
   2.2161118e-01
   2.3267887e-01
   2.4372485e-01
   2.5474801e-01
   2.6574730e-01
   2.7672162e-01
   2.8766989e-01
   2.9859105e-01
   3.0948401e-01
   3.2034772e-01
   3.3118109e-01
   3.4198307e-01
   3.5275259e-01
   3.6348860e-01
   3.7419004e-01
   3.8485586e-01
   3.9548501e-01
   4.0607644e-01
   4.1662911e-01
   4.2714199e-01
   4.3761404e-01
   4.4804423e-01
   4.5843153e-01
   4.6877493e-01
   4.7907340e-01
   4.8932592e-01
   4.9953150e-01
   5.0968913e-01
   5.1979780e-01
   5.2985652e-01
   5.3986430e-01
   5.4982016e-01
   5.5972310e-01
   5.6957217e-01
   5.7936638e-01
   5.8910478e-01
   5.9878640e-01
   6.0841028e-01
   6.1797548e-01
   6.2748106e-01
   6.3692608e-01
   6.4630961e-01
   6.5563071e-01
   6.6488848e-01
   6.7408200e-01
   6.8321035e-01
   6.9227265e-01
   7.0126799e-01
   7.1019549e-01
   7.1905427e-01
   7.2784345e-01
   7.3656215e-01
   7.4520953e-01
   7.5378473e-01
   7.6228690e-01
   7.7071519e-01
   7.7906879e-01
   7.8734685e-01
   7.9554856e-01
   8.0367311e-01
   8.1171970e-01
   8.1968753e-01
   8.2757581e-01
   8.3538376e-01
   8.4311061e-01
   8.5075559e-01
   8.5831795e-01
   8.6579693e-01
   8.7319180e-01
   8.8050182e-01
   8.8772626e-01
   8.9486442e-01
   9.0191558e-01
   9.0887904e-01
   9.1575412e-01
   9.2254012e-01
   9.2923638e-01
   9.3584224e-01
   9.4235702e-01
   9.4878010e-01
   9.5511082e-01
   9.6134857e-01
   9.6749271e-01
   9.7354264e-01
   9.7949775e-01
   9.8535746e-01
   9.9112118e-01
   9.9678833e-01
   1.0023584e+00
   1.0078307e+00
   1.0132048e+00
   1.0184801e+00
   1.0236562e+00
   1.0287324e+00
   1.0337083e+00
   1.0385834e+00
   1.0433572e+00
   1.0480292e+00
   1.0525990e+00
   1.0570661e+00
   1.0614300e+00
   1.0656903e+00
   1.0698466e+00
   1.0738984e+00
   1.0778454e+00
   1.0816872e+00
   1.0854234e+00
   1.0890535e+00
   1.0925772e+00
   1.0959943e+00
   1.0993042e+00
   1.1025068e+00
   1.1056016e+00
   1.1085884e+00
   1.1114668e+00
   1.1142366e+00
   1.1168975e+00
   1.1194491e+00
   1.1218914e+00
   1.1242239e+00
   1.1264464e+00
   1.1285588e+00
   1.1305608e+00
   1.1324522e+00
   1.1342328e+00
   1.1359024e+00
   1.1374609e+00
   1.1389080e+00
   1.1402437e+00
   1.1414678e+00
   1.1425801e+00
   1.1435806e+00
   1.1444690e+00
   1.1452454e+00
   1.1459097e+00
   1.1464617e+00
   1.1469014e+00
   1.1472288e+00
   1.1474438e+00
   1.1475463e+00
   1.1475364e+00
   1.1474140e+00
   1.1471792e+00
   1.1468319e+00
   1.1463723e+00
   1.1458002e+00
   1.1451157e+00
   1.1443190e+00
   1.1434101e+00
   1.1423890e+00
   1.1412559e+00
   1.1400108e+00
   1.1386538e+00
   1.1371852e+00
   1.1356049e+00
   1.1339133e+00
   1.1321103e+00
   1.1301962e+00
   1.1281711e+00
   1.1260353e+00
   1.1237890e+00
   1.1214322e+00
   1.1189654e+00
   1.1163886e+00
   1.1137022e+00
   1.1109064e+00
   1.1080015e+00
   1.1049876e+00
   1.1018652e+00
   1.0986345e+00
   1.0952958e+00
   1.0918495e+00
   1.0882958e+00
   1.0846351e+00
   1.0808678e+00
   1.0769941e+00
   1.0730146e+00
   1.0689295e+00
   1.0647392e+00
   1.0604442e+00
   1.0560448e+00
   1.0515416e+00
   1.0469348e+00
   1.0422250e+00
   1.0374125e+00
   1.0324980e+00
   1.0274817e+00
   1.0223643e+00
   1.0171462e+00
   1.0118279e+00
   1.0064099e+00
   1.0008928e+00
   9.9527701e-01
   9.8956315e-01
   9.8375176e-01
   9.7784339e-01
   9.7183861e-01
   9.6573800e-01
   9.5954216e-01
   9.5325167e-01
   9.4686714e-01
   9.4038920e-01
   9.3381846e-01
   9.2715557e-01
   9.2040116e-01
   9.1355589e-01
   9.0662042e-01
   8.9959542e-01
   8.9248157e-01
   8.8527956e-01
   8.7799009e-01
   8.7061387e-01
   8.6315160e-01
   8.5560400e-01
   8.4797182e-01
   8.4025580e-01
   8.3245667e-01
   8.2457519e-01
   8.1661213e-01
   8.0856827e-01
   8.0044438e-01
   7.9224124e-01
   7.8395967e-01
   7.7560045e-01
   7.6716441e-01
   7.5865236e-01
   7.5006512e-01
   7.4140354e-01
   7.3266845e-01
   7.2386071e-01
   7.1498116e-01
   7.0603067e-01
   6.9701012e-01
   6.8792037e-01
   6.7876232e-01
   6.6953685e-01
   6.6024487e-01
   6.5088726e-01
   6.4146496e-01
   6.3197887e-01
   6.2242991e-01
   6.1281902e-01
   6.0314713e-01
   5.9341519e-01
   5.8362413e-01
   5.7377493e-01
   5.6386852e-01
   5.5390589e-01
   5.4388800e-01
   5.3381582e-01
   5.2369035e-01
   5.1351256e-01
   5.0328345e-01
   4.9300401e-01
   4.8267525e-01
   4.7229818e-01
   4.6187381e-01
   4.5140315e-01
   4.4088723e-01
   4.3032707e-01
   4.1972370e-01
   4.0907816e-01
   3.9839149e-01
   3.8766473e-01
   3.7689892e-01
   3.6609513e-01
   3.5525440e-01
   3.4437779e-01
   3.3346636e-01
   3.2252119e-01
   3.1154334e-01
   3.0053388e-01
   2.8949389e-01
   2.7842445e-01
   2.6732663e-01
   2.5620153e-01
   2.4505024e-01
   2.3387383e-01
   2.2267341e-01
   2.1145007e-01
   2.0020491e-01
   1.8893903e-01
   1.7765352e-01
   1.6634950e-01
   1.5502807e-01
   1.4369034e-01
   1.3233742e-01
   1.2097041e-01
   1.0959044e-01
   9.8198606e-02
   8.6796035e-02
   7.5383842e-02
   6.3963142e-02
   5.2535054e-02
   4.1100699e-02
   2.9661195e-02
   1.8217662e-02
   6.7712236e-03
  -4.6770006e-03
  -1.6125888e-02
  -2.7574318e-02
  -3.9021167e-02
  -5.0465314e-02
  -6.1905637e-02
  -7.3341014e-02
  -8.4770324e-02
  -9.6192447e-02
  -1.0760626e-01
  -1.1901065e-01
  -1.3040449e-01
  -1.4178667e-01
  -1.5315607e-01
  -1.6451158e-01
  -1.7585208e-01
  -1.8717645e-01
  -1.9848359e-01
  -2.0977239e-01
  -2.2104173e-01
  -2.3229052e-01
  -2.4351765e-01
  -2.5472201e-01
  -2.6590251e-01
  -2.7705804e-01
  -2.8818752e-01
  -2.9928984e-01
  -3.1036392e-01
  -3.2140867e-01
  -3.3242301e-01
  -3.4340585e-01
  -3.5435611e-01
  -3.6527271e-01
  -3.7615459e-01
  -3.8700067e-01
  -3.9780989e-01
  -4.0858119e-01
  -4.1931349e-01
  -4.3000576e-01
  -4.4065694e-01
  -4.5126597e-01
  -4.6183182e-01
  -4.7235344e-01
  -4.8282981e-01
  -4.9325989e-01
  -5.0364264e-01
  -5.1397706e-01
  -5.2426212e-01
  -5.3449681e-01
  -5.4468013e-01
  -5.5481106e-01
  -5.6488862e-01
  -5.7491180e-01
  -5.8487962e-01
  -5.9479111e-01
  -6.0464527e-01
  -6.1444115e-01
  -6.2417777e-01
  -6.3385417e-01
  -6.4346940e-01
  -6.5302252e-01
  -6.6251258e-01
  -6.7193864e-01
  -6.8129978e-01
  -6.9059506e-01
  -6.9982358e-01
  -7.0898442e-01
  -7.1807667e-01
  -7.2709945e-01
  -7.3605185e-01
  -7.4493300e-01
  -7.5374202e-01
  -7.6247803e-01
  -7.7114018e-01
  -7.7972760e-01
  -7.8823945e-01
  -7.9667489e-01
  -8.0503308e-01
  -8.1331319e-01
  -8.2151442e-01
  -8.2963594e-01
  -8.3767695e-01
  -8.4563665e-01
  -8.5351426e-01
  -8.6130900e-01
  -8.6902010e-01
  -8.7664679e-01
  -8.8418831e-01
  -8.9164392e-01
  -8.9901289e-01
  -9.0629447e-01
  -9.1348795e-01
  -9.2059261e-01
  -9.2760775e-01
  -9.3453267e-01
  -9.4136668e-01
  -9.4810911e-01
  -9.5475929e-01
  -9.6131655e-01
  -9.6778025e-01
  -9.7414974e-01
  -9.8042438e-01
  -9.8660356e-01
  -9.9268666e-01
  -9.9867307e-01
  -1.0045622e+00
  -1.0103534e+00
  -1.0160463e+00
  -1.0216401e+00
  -1.0271343e+00
  -1.0325284e+00
  -1.0378218e+00
  -1.0430141e+00
  -1.0481046e+00
  -1.0530930e+00
  -1.0579786e+00
  -1.0627610e+00
  -1.0674397e+00
  -1.0720143e+00
  -1.0764843e+00
  -1.0808492e+00
  -1.0851086e+00
  -1.0892621e+00
  -1.0933093e+00
  -1.0972497e+00
  -1.1010829e+00
  -1.1048087e+00
  -1.1084265e+00
  -1.1119361e+00
  -1.1153370e+00
  -1.1186289e+00
  -1.1218116e+00
  -1.1248846e+00
  -1.1278477e+00
  -1.1307006e+00
  -1.1334429e+00
  -1.1360744e+00
  -1.1385949e+00
  -1.1410040e+00
  -1.1433015e+00
  -1.1454872e+00
  -1.1475609e+00
  -1.1495223e+00
  -1.1513712e+00
  -1.1531075e+00
  -1.1547310e+00
  -1.1562414e+00
  -1.1576387e+00
  -1.1589227e+00
  -1.1600932e+00
  -1.1611502e+00
  -1.1620934e+00
  -1.1629229e+00
  -1.1636385e+00
  -1.1642401e+00
  -1.1647277e+00
  -1.1651012e+00
  -1.1653605e+00
  -1.1655057e+00
  -1.1655366e+00
  -1.1654534e+00
  -1.1652559e+00
  -1.1649442e+00
  -1.1645183e+00
  -1.1639782e+00
  -1.1633241e+00
  -1.1625558e+00
  -1.1616736e+00
  -1.1606774e+00
  -1.1595673e+00
  -1.1583436e+00
  -1.1570061e+00
  -1.1555552e+00
  -1.1539909e+00
  -1.1523133e+00
  -1.1505227e+00
  -1.1486191e+00
  -1.1466028e+00
  -1.1444739e+00
  -1.1422326e+00
  -1.1398792e+00
  -1.1374138e+00
  -1.1348367e+00
  -1.1321482e+00
  -1.1293485e+00
  -1.1264378e+00
  -1.1234164e+00
  -1.1202846e+00
  -1.1170428e+00
  -1.1136911e+00
  -1.1102300e+00
  -1.1066597e+00
  -1.1029807e+00
  -1.0991931e+00
  -1.0952975e+00
  -1.0912942e+00
  -1.0871835e+00
  -1.0829659e+00
  -1.0786417e+00
  -1.0742115e+00
  -1.0696755e+00
  -1.0650342e+00
  -1.0602881e+00
  -1.0554376e+00
  -1.0504832e+00
  -1.0454254e+00
  -1.0402647e+00
  -1.0350015e+00
  -1.0296363e+00
  -1.0241697e+00
  -1.0186022e+00
  -1.0129344e+00
  -1.0071667e+00
  -1.0012997e+00
  -9.9533406e-01
  -9.8927028e-01
  -9.8310895e-01
  -9.7685068e-01
  -9.7049606e-01
  -9.6404571e-01
  -9.5750026e-01
  -9.5086032e-01
  -9.4412655e-01
  -9.3729960e-01
  -9.3038012e-01
  -9.2336879e-01
  -9.1626628e-01
  -9.0907328e-01
  -9.0179048e-01
  -8.9441860e-01
  -8.8695834e-01
  -8.7941043e-01
  -8.7177559e-01
  -8.6405458e-01
  -8.5624813e-01
  -8.4835700e-01
  -8.4038196e-01
  -8.3232378e-01
  -8.2418324e-01
  -8.1596114e-01
  -8.0765826e-01
  -7.9927542e-01
  -7.9081344e-01
  -7.8227312e-01
  -7.7365530e-01
  -7.6496082e-01
  -7.5619052e-01
  -7.4734526e-01
  -7.3842588e-01
  -7.2943327e-01
  -7.2036830e-01
  -7.1123183e-01
  -7.0202478e-01
  -6.9274802e-01
  -6.8340246e-01
  -6.7398902e-01
  -6.6450860e-01
  -6.5496213e-01
  -6.4535053e-01
  -6.3567475e-01
  -6.2593573e-01
  -6.1613441e-01
  -6.0627175e-01
  -5.9634871e-01
  -5.8636625e-01
  -5.7632535e-01
  -5.6622699e-01
  -5.5607215e-01
  -5.4586182e-01
  -5.3559699e-01
  -5.2527867e-01
  -5.1490786e-01
  -5.0448557e-01
  -4.9401282e-01
  -4.8349063e-01
  -4.7292003e-01
  -4.6230204e-01
  -4.5163771e-01
  -4.4092808e-01
  -4.3017418e-01
  -4.1937707e-01
  -4.0853781e-01
  -3.9765745e-01
  -3.8673705e-01
  -3.7577768e-01
  -3.6478041e-01
  -3.5374631e-01
  -3.4267646e-01
  -3.3157195e-01
  -3.2043386e-01
  -3.0926327e-01
  -2.9806128e-01
  -2.8682898e-01
  -2.7556747e-01
  -2.6427785e-01
  -2.5296123e-01
  -2.4161870e-01
  -2.3025139e-01
  -2.1886040e-01
  -2.0744684e-01
  -1.9601184e-01
  -1.8455650e-01
  -1.7308196e-01
  -1.6158933e-01
  -1.5007973e-01
  -1.3855431e-01
  -1.2701417e-01
  -1.1546046e-01
  -1.0389429e-01
  -9.2316817e-02
  -8.0729158e-02
  -6.9132452e-02
  -5.7527835e-02
  -4.5916443e-02
  -3.4299414e-02
  -2.2677884e-02
  -1.1052993e-02
   5.7412021e-04
   1.2202317e-02
   2.3830457e-02
   3.5457401e-02
   4.7082011e-02
   5.8703145e-02
   7.0319665e-02
   8.1930432e-02
   9.3534308e-02
   1.0513016e-01
   1.1671684e-01
   1.2829321e-01
   1.3985815e-01
   1.5141052e-01
   1.6294918e-01
   1.7447300e-01
   1.8598086e-01
   1.9747161e-01
   2.0894414e-01
   2.2039732e-01
   2.3183002e-01
   2.4324112e-01
   2.5462950e-01
   2.6599404e-01
   2.7733363e-01
   2.8864716e-01
   2.9993350e-01
   3.1119156e-01
   3.2242022e-01
   3.3361839e-01
   3.4478496e-01
   3.5591883e-01
   3.6701892e-01
   3.7808412e-01
   3.8911336e-01
   4.0010555e-01
   4.1105960e-01
   4.2197444e-01
   4.3284900e-01
   4.4368221e-01
   4.5447299e-01
   4.6522030e-01
   4.7592307e-01
   4.8658024e-01
   4.9719078e-01
   5.0775362e-01
   5.1826775e-01
   5.2873212e-01
   5.3914569e-01
   5.4950745e-01
   5.5981637e-01
   5.7007144e-01
   5.8027165e-01
   5.9041599e-01
   6.0050347e-01
   6.1053309e-01
   6.2050385e-01
   6.3041478e-01
   6.4026491e-01
   6.5005325e-01
   6.5977885e-01
   6.6944074e-01
   6.7903797e-01
   6.8856960e-01
   6.9803469e-01
   7.0743229e-01
   7.1676148e-01
   7.2602135e-01
   7.3521098e-01
   7.4432945e-01
   7.5337587e-01
   7.6234935e-01
   7.7124900e-01
   7.8007394e-01
   7.8882330e-01
   7.9749621e-01
   8.0609181e-01
   8.1460926e-01
   8.2304771e-01
   8.3140633e-01
   8.3968429e-01
   8.4788078e-01
   8.5599497e-01
   8.6402608e-01
   8.7197329e-01
   8.7983583e-01
   8.8761292e-01
   8.9530378e-01
   9.0290766e-01
   9.1042380e-01
   9.1785145e-01
   9.2518988e-01
   9.3243836e-01
   9.3959618e-01
   9.4666261e-01
   9.5363697e-01
   9.6051855e-01
   9.6730667e-01
   9.7400067e-01
   9.8059986e-01
   9.8710361e-01
   9.9351125e-01
   9.9982217e-01
   1.0060357e+00
   1.0121513e+00
   1.0181682e+00
   1.0240860e+00
   1.0299040e+00
   1.0356217e+00
   1.0412384e+00
   1.0467536e+00
   1.0521668e+00
   1.0574774e+00
   1.0626849e+00
   1.0677887e+00
   1.0727884e+00
   1.0776835e+00
   1.0824734e+00
   1.0871577e+00
   1.0917360e+00
   1.0962077e+00
   1.1005724e+00
   1.1048296e+00
   1.1089791e+00
   1.1130202e+00
   1.1169527e+00
   1.1207761e+00
   1.1244900e+00
   1.1280941e+00
   1.1315880e+00
   1.1349713e+00
   1.1382438e+00
   1.1414050e+00
   1.1444546e+00
   1.1473925e+00
   1.1502181e+00
   1.1529313e+00
   1.1555318e+00
   1.1580193e+00
   1.1603936e+00
   1.1626543e+00
   1.1648014e+00
   1.1668345e+00
   1.1687535e+00
   1.1705581e+00
   1.1722482e+00
   1.1738235e+00
   1.1752840e+00
   1.1766295e+00
   1.1778597e+00
   1.1789747e+00
   1.1799742e+00
   1.1808582e+00
   1.1816266e+00
   1.1822792e+00
   1.1828160e+00
   1.1832370e+00
   1.1835420e+00
   1.1837311e+00
   1.1838042e+00
   1.1837613e+00
   1.1836024e+00
   1.1833275e+00
   1.1829366e+00
   1.1824297e+00
   1.1818069e+00
   1.1810682e+00
   1.1802137e+00
   1.1792435e+00
   1.1781575e+00
   1.1769561e+00
   1.1756391e+00
   1.1742069e+00
   1.1726594e+00
   1.1709968e+00
   1.1692193e+00
   1.1673271e+00
   1.1653203e+00
   1.1631990e+00
   1.1609636e+00
   1.1586142e+00
   1.1561510e+00
   1.1535743e+00
   1.1508842e+00
   1.1480812e+00
   1.1451653e+00
   1.1421369e+00
   1.1389963e+00
   1.1357437e+00
   1.1323796e+00
   1.1289041e+00
   1.1253177e+00
   1.1216206e+00
   1.1178132e+00
   1.1138960e+00
   1.1098692e+00
   1.1057332e+00
   1.1014884e+00
   1.0971353e+00
   1.0926743e+00
   1.0881057e+00
   1.0834300e+00
   1.0786477e+00
   1.0737593e+00
   1.0687651e+00
   1.0636657e+00
   1.0584616e+00
   1.0531532e+00
   1.0477411e+00
   1.0422257e+00
   1.0366077e+00
   1.0308876e+00
   1.0250659e+00
   1.0191431e+00
   1.0131199e+00
   1.0069968e+00
   1.0007745e+00
   9.9445343e-01
   9.8803430e-01
   9.8151771e-01
   9.7490429e-01
   9.6819469e-01
   9.6138955e-01
   9.5448952e-01
   9.4749528e-01
   9.4040750e-01
   9.3322686e-01
   9.2595406e-01
   9.1858981e-01
   9.1113481e-01
   9.0358979e-01
   8.9595548e-01
   8.8823262e-01
   8.8042196e-01
   8.7252425e-01
   8.6454025e-01
   8.5647075e-01
   8.4831653e-01
   8.4007837e-01
   8.3175707e-01
   8.2335345e-01
   8.1486831e-01
   8.0630249e-01
   7.9765681e-01
   7.8893211e-01
   7.8012924e-01
   7.7124906e-01
   7.6229242e-01
   7.5326021e-01
   7.4415328e-01
   7.3497254e-01
   7.2571887e-01
   7.1639317e-01
   7.0699635e-01
   6.9752933e-01
   6.8799302e-01
   6.7838835e-01
   6.6871626e-01
   6.5897769e-01
   6.4917358e-01
   6.3930489e-01
   6.2937259e-01
   6.1937763e-01
   6.0932099e-01
   5.9920366e-01
   5.8902661e-01
   5.7879084e-01
   5.6849734e-01
   5.5814712e-01
   5.4774119e-01
   5.3728057e-01
   5.2676626e-01
   5.1619930e-01
   5.0558071e-01
   4.9491154e-01
   4.8419283e-01
   4.7342561e-01
   4.6261094e-01
   4.5174987e-01
   4.4084347e-01
   4.2989280e-01
   4.1889892e-01
   4.0786291e-01
   3.9678586e-01
   3.8566883e-01
   3.7451292e-01
   3.6331921e-01
   3.5208880e-01
   3.4082278e-01
   3.2952226e-01
   3.1818834e-01
   3.0682212e-01
   2.9542473e-01
   2.8399726e-01
   2.7254084e-01
   2.6105659e-01
   2.4954564e-01
   2.3800909e-01
   2.2644810e-01
   2.1486377e-01
   2.0325726e-01
   1.9162969e-01
   1.7998220e-01
   1.6831593e-01
   1.5663202e-01
   1.4493162e-01
   1.3321587e-01
   1.2148591e-01
   1.0974290e-01
   9.7987984e-02
   8.6222312e-02
   7.4447038e-02
   6.2663314e-02
   5.0872294e-02
   3.9075133e-02
   2.7272987e-02
   1.5467011e-02
   3.6583624e-03
  -8.1518019e-03
  -1.9962325e-02
  -3.1772049e-02
  -4.3579816e-02
  -5.5384470e-02
  -6.7184853e-02
  -7.8979809e-02
  -9.0768180e-02
  -1.0254881e-01
  -1.1432055e-01
  -1.2608223e-01
  -1.3783272e-01
  -1.4957084e-01
  -1.6129546e-01
  -1.7300542e-01
  -1.8469958e-01
  -1.9637678e-01
  -2.0803588e-01
  -2.1967573e-01
  -2.3129520e-01
  -2.4289314e-01
  -2.5446841e-01
  -2.6601988e-01
  -2.7754641e-01
  -2.8904687e-01
  -3.0052013e-01
  -3.1196506e-01
  -3.2338054e-01
  -3.3476546e-01
  -3.4611867e-01
  -3.5743909e-01
  -3.6872558e-01
  -3.7997704e-01
  -3.9119237e-01
  -4.0237046e-01
  -4.1351022e-01
  -4.2461054e-01
  -4.3567034e-01
  -4.4668852e-01
  -4.5766401e-01
  -4.6859573e-01
  -4.7948259e-01
  -4.9032353e-01
  -5.0111748e-01
  -5.1186338e-01
  -5.2256017e-01
  -5.3320680e-01
  -5.4380222e-01
  -5.5434538e-01
  -5.6483525e-01
  -5.7527079e-01
  -5.8565099e-01
  -5.9597480e-01
  -6.0624122e-01
  -6.1644923e-01
  -6.2659784e-01
  -6.3668603e-01
  -6.4671281e-01
  -6.5667720e-01
  -6.6657821e-01
  -6.7641487e-01
  -6.8618620e-01
  -6.9589125e-01
  -7.0552904e-01
  -7.1509864e-01
  -7.2459910e-01
  -7.3402948e-01
  -7.4338885e-01
  -7.5267628e-01
  -7.6189086e-01
  -7.7103168e-01
  -7.8009783e-01
  -7.8908842e-01
  -7.9800257e-01
  -8.0683938e-01
  -8.1559799e-01
  -8.2427752e-01
  -8.3287713e-01
  -8.4139596e-01
  -8.4983317e-01
  -8.5818792e-01
  -8.6645939e-01
  -8.7464675e-01
  -8.8274920e-01
  -8.9076594e-01
  -8.9869617e-01
  -9.0653910e-01
  -9.1429396e-01
  -9.2195998e-01
  -9.2953640e-01
  -9.3702246e-01
  -9.4441743e-01
  -9.5172058e-01
  -9.5893117e-01
  -9.6604849e-01
  -9.7307183e-01
  -9.8000051e-01
  -9.8683382e-01
  -9.9357109e-01
  -1.0002117e+00
  -1.0067548e+00
  -1.0132000e+00
  -1.0195465e+00
  -1.0257937e+00
  -1.0319410e+00
  -1.0379878e+00
  -1.0439335e+00
  -1.0497774e+00
  -1.0555190e+00
  -1.0611577e+00
  -1.0666930e+00
  -1.0721243e+00
  -1.0774511e+00
  -1.0826728e+00
  -1.0877889e+00
  -1.0927989e+00
  -1.0977023e+00
  -1.1024986e+00
  -1.1071874e+00
  -1.1117680e+00
  -1.1162402e+00
  -1.1206035e+00
  -1.1248573e+00
  -1.1290013e+00
  -1.1330351e+00
  -1.1369582e+00
  -1.1407704e+00
  -1.1444710e+00
  -1.1480599e+00
  -1.1515366e+00
  -1.1549009e+00
  -1.1581522e+00
  -1.1612904e+00
  -1.1643151e+00
  -1.1672260e+00
  -1.1700228e+00
  -1.1727052e+00
  -1.1752729e+00
  -1.1777257e+00
  -1.1800633e+00
  -1.1822855e+00
  -1.1843921e+00
  -1.1863828e+00
  -1.1882574e+00
  -1.1900158e+00
  -1.1916577e+00
  -1.1931830e+00
  -1.1945915e+00
  -1.1958831e+00
  -1.1970576e+00
  -1.1981149e+00
  -1.1990549e+00
  -1.1998775e+00
  -1.2005826e+00
  -1.2011701e+00
  -1.2016399e+00
  -1.2019920e+00
  -1.2022264e+00
  -1.2023430e+00
  -1.2023417e+00
  -1.2022226e+00
  -1.2019857e+00
  -1.2016310e+00
  -1.2011584e+00
  -1.2005682e+00
  -1.1998602e+00
  -1.1990345e+00
  -1.1980913e+00
  -1.1970305e+00
  -1.1958524e+00
  -1.1945569e+00
  -1.1931442e+00
  -1.1916145e+00
  -1.1899678e+00
  -1.1882044e+00
  -1.1863243e+00
  -1.1843278e+00
  -1.1822151e+00
  -1.1799863e+00
  -1.1776416e+00
  -1.1751813e+00
  -1.1726055e+00
  -1.1699147e+00
  -1.1671088e+00
  -1.1641884e+00
  -1.1611536e+00
  -1.1580046e+00
  -1.1547419e+00
  -1.1513657e+00
  -1.1478763e+00
  -1.1442741e+00
  -1.1405594e+00
  -1.1367326e+00
  -1.1327940e+00
  -1.1287440e+00
  -1.1245830e+00
  -1.1203113e+00
  -1.1159295e+00
  -1.1114378e+00
  -1.1068368e+00
  -1.1021269e+00
  -1.0973085e+00
  -1.0923821e+00
  -1.0873482e+00
  -1.0822072e+00
  -1.0769596e+00
  -1.0716060e+00
  -1.0661469e+00
  -1.0605827e+00
  -1.0549141e+00
  -1.0491415e+00
  -1.0432655e+00
  -1.0372868e+00
  -1.0312057e+00
  -1.0250231e+00
  -1.0187393e+00
  -1.0123551e+00
  -1.0058711e+00
  -9.9928788e-01
  -9.9260607e-01
  -9.8582633e-01
  -9.7894931e-01
  -9.7197569e-01
  -9.6490612e-01
  -9.5774131e-01
  -9.5048193e-01
  -9.4312870e-01
  -9.3568231e-01
  -9.2814350e-01
  -9.2051300e-01
  -9.1279153e-01
  -9.0497986e-01
  -8.9707873e-01
  -8.8908891e-01
  -8.8101118e-01
  -8.7284632e-01
  -8.6459512e-01
  -8.5625838e-01
  -8.4783691e-01
  -8.3933153e-01
  -8.3074306e-01
  -8.2207234e-01
  -8.1332020e-01
  -8.0448750e-01
  -7.9557509e-01
  -7.8658385e-01
  -7.7751463e-01
  -7.6836834e-01
  -7.5914584e-01
  -7.4984805e-01
  -7.4047586e-01
  -7.3103018e-01
  -7.2151194e-01
  -7.1192206e-01
  -7.0226147e-01
  -6.9253111e-01
  -6.8273193e-01
  -6.7286488e-01
  -6.6293092e-01
  -6.5293102e-01
  -6.4286616e-01
  -6.3273730e-01
  -6.2254545e-01
  -6.1229159e-01
  -6.0197672e-01
  -5.9160184e-01
  -5.8116797e-01
  -5.7067613e-01
  -5.6012733e-01
  -5.4952260e-01
  -5.3886298e-01
  -5.2814951e-01
  -5.1738323e-01
  -5.0656519e-01
  -4.9569644e-01
  -4.8477806e-01
  -4.7381109e-01
  -4.6279662e-01
  -4.5173571e-01
  -4.4062945e-01
  -4.2947892e-01
  -4.1828521e-01
  -4.0704941e-01
  -3.9577261e-01
  -3.8445593e-01
  -3.7310046e-01
  -3.6170731e-01
  -3.5027760e-01
  -3.3881244e-01
  -3.2731296e-01
  -3.1578027e-01
  -3.0421551e-01
  -2.9261979e-01
  -2.8099427e-01
  -2.6934007e-01
  -2.5765833e-01
  -2.4595019e-01
  -2.3421681e-01
  -2.2245932e-01
  -2.1067888e-01
  -1.9887664e-01
  -1.8705375e-01
  -1.7521137e-01
  -1.6335066e-01
  -1.5147278e-01
  -1.3957889e-01
  -1.2767016e-01
  -1.1574774e-01
  -1.0381282e-01
  -9.1866553e-02
  -7.9910112e-02
  -6.7944668e-02
  -5.5971393e-02
  -4.3991460e-02
  -3.2006041e-02
  -2.0016311e-02
  -8.0234450e-03
   3.9713830e-03
   1.5966997e-02
   2.7962222e-02
   3.9955883e-02
   5.1946803e-02
   6.3933807e-02
   7.5915721e-02
   8.7891369e-02
   9.9859577e-02
   1.1181917e-01
   1.2376898e-01
   1.3570783e-01
   1.4763455e-01
   1.5954797e-01
   1.7144693e-01
   1.8333025e-01
   1.9519676e-01
   2.0704531e-01
   2.1887473e-01
   2.3068386e-01
   2.4247154e-01
   2.5423662e-01
   2.6597793e-01
   2.7769432e-01
   2.8938465e-01
   3.0104777e-01
   3.1268252e-01
   3.2428778e-01
   3.3586239e-01
   3.4740522e-01
   3.5891513e-01
   3.7039101e-01
   3.8183170e-01
   3.9323610e-01
   4.0460308e-01
   4.1593152e-01
   4.2722031e-01
   4.3846834e-01
   4.4967450e-01
   4.6083769e-01
   4.7195682e-01
   4.8303078e-01
   4.9405849e-01
   5.0503886e-01
   5.1597082e-01
   5.2685328e-01
   5.3768517e-01
   5.4846544e-01
   5.5919301e-01
   5.6986683e-01
   5.8048585e-01
   5.9104903e-01
   6.0155531e-01
   6.1200367e-01
   6.2239309e-01
   6.3272252e-01
   6.4299096e-01
   6.5319739e-01
   6.6334081e-01
   6.7342022e-01
   6.8343462e-01
   6.9338302e-01
   7.0326445e-01
   7.1307793e-01
   7.2282248e-01
   7.3249716e-01
   7.4210100e-01
   7.5163305e-01
   7.6109238e-01
   7.7047805e-01
   7.7978913e-01
   7.8902470e-01
   7.9818385e-01
   8.0726568e-01
   8.1626929e-01
   8.2519379e-01
   8.3403829e-01
   8.4280192e-01
   8.5148382e-01
   8.6008312e-01
   8.6859897e-01
   8.7703054e-01
   8.8537699e-01
   8.9363748e-01
   9.0181121e-01
   9.0989737e-01
   9.1789514e-01
   9.2580375e-01
   9.3362240e-01
   9.4135032e-01
   9.4898675e-01
   9.5653093e-01
   9.6398210e-01
   9.7133954e-01
   9.7860250e-01
   9.8577028e-01
   9.9284215e-01
   9.9981741e-01
   1.0066954e+00
   1.0134754e+00
   1.0201567e+00
   1.0267387e+00
   1.0332207e+00
   1.0396021e+00
   1.0458823e+00
   1.0520606e+00
   1.0581364e+00
   1.0641090e+00
   1.0699780e+00
   1.0757427e+00
   1.0814025e+00
   1.0869570e+00
   1.0924054e+00
   1.0977473e+00
   1.1029822e+00
   1.1081095e+00
   1.1131287e+00
   1.1180392e+00
   1.1228408e+00
   1.1275327e+00
   1.1321146e+00
   1.1365860e+00
   1.1409465e+00
   1.1451955e+00
   1.1493328e+00
   1.1533578e+00
   1.1572702e+00
   1.1610696e+00
   1.1647555e+00
   1.1683277e+00
   1.1717857e+00
   1.1751293e+00
   1.1783579e+00
   1.1814715e+00
   1.1844695e+00
   1.1873518e+00
   1.1901180e+00
   1.1927678e+00
   1.1953010e+00
   1.1977173e+00
   1.2000165e+00
   1.2021983e+00
   1.2042624e+00
   1.2062088e+00
   1.2080372e+00
   1.2097473e+00
   1.2113391e+00
   1.2128123e+00
   1.2141668e+00
   1.2154024e+00
   1.2165190e+00
   1.2175166e+00
   1.2183949e+00
   1.2191539e+00
   1.2197935e+00
   1.2203136e+00
   1.2207142e+00
   1.2209952e+00
   1.2211566e+00
   1.2211983e+00
   1.2211203e+00
   1.2209226e+00
   1.2206053e+00
   1.2201684e+00
   1.2196118e+00
   1.2189356e+00
   1.2181399e+00
   1.2172248e+00
   1.2161903e+00
   1.2150365e+00
   1.2137635e+00
   1.2123714e+00
   1.2108604e+00
   1.2092306e+00
   1.2074821e+00
   1.2056151e+00
   1.2036298e+00
   1.2015263e+00
   1.1993048e+00
   1.1969657e+00
   1.1945089e+00
   1.1919349e+00
   1.1892438e+00
   1.1864359e+00
   1.1835115e+00
   1.1804708e+00
   1.1773141e+00
   1.1740417e+00
   1.1706540e+00
   1.1671512e+00
   1.1635336e+00
   1.1598017e+00
   1.1559558e+00
   1.1519962e+00
   1.1479233e+00
   1.1437375e+00
   1.1394392e+00
   1.1350289e+00
   1.1305068e+00
   1.1258736e+00
   1.1211295e+00
   1.1162751e+00
   1.1113109e+00
   1.1062372e+00
   1.1010547e+00
   1.0957637e+00
   1.0903648e+00
   1.0848585e+00
   1.0792454e+00
   1.0735260e+00
   1.0677008e+00
   1.0617704e+00
   1.0557353e+00
   1.0495963e+00
   1.0433537e+00
   1.0370083e+00
   1.0305606e+00
   1.0240113e+00
   1.0173610e+00
   1.0106104e+00
   1.0037601e+00
   9.9681068e-01
   9.8976293e-01
   9.8261750e-01
   9.7537506e-01
   9.6803634e-01
   9.6060202e-01
   9.5307284e-01
   9.4544951e-01
   9.3773279e-01
   9.2992341e-01
   9.2202213e-01
   9.1402973e-01
   9.0594696e-01
   8.9777462e-01
   8.8951349e-01
   8.8116439e-01
   8.7272811e-01
   8.6420548e-01
   8.5559732e-01
   8.4690447e-01
   8.3812777e-01
   8.2926807e-01
   8.2032623e-01
   8.1130313e-01
   8.0219964e-01
   7.9301664e-01
   7.8375502e-01
   7.7441569e-01
   7.6499955e-01
   7.5550751e-01
   7.4594051e-01
   7.3629947e-01
   7.2658532e-01
   7.1679902e-01
   7.0694151e-01
   6.9701376e-01
   6.8701672e-01
   6.7695138e-01
   6.6681871e-01
   6.5661970e-01
   6.4635534e-01
   6.3602663e-01
   6.2563458e-01
   6.1518020e-01
   6.0466451e-01
   5.9408853e-01
   5.8345329e-01
   5.7275983e-01
   5.6200919e-01
   5.5120242e-01
   5.4034058e-01
   5.2942472e-01
   5.1845590e-01
   5.0743520e-01
   4.9636369e-01
   4.8524245e-01
   4.7407257e-01
   4.6285514e-01
   4.5159125e-01
   4.4028199e-01
   4.2892848e-01
   4.1753183e-01
   4.0609314e-01
   3.9461353e-01
   3.8309412e-01
   3.7153604e-01
   3.5994042e-01
   3.4830838e-01
   3.3664108e-01
   3.2493964e-01
   3.1320520e-01
   3.0143893e-01
   2.8964196e-01
   2.7781545e-01
   2.6596055e-01
   2.5407843e-01
   2.4217024e-01
   2.3023716e-01
   2.1828034e-01
   2.0630096e-01
   1.9430018e-01
   1.8227919e-01
   1.7023916e-01
   1.5818126e-01
   1.4610668e-01
   1.3401660e-01
   1.2191220e-01
   1.0979467e-01
   9.7665191e-02
   8.5524950e-02
   7.3375139e-02
   6.1216946e-02
   4.9051563e-02
   3.6880180e-02
   2.4703990e-02
   1.2524186e-02
   3.4196058e-04
  -1.1841492e-02
  -2.4024978e-02
  -3.6207304e-02
  -4.8387275e-02
  -6.0563697e-02
  -7.2735378e-02
  -8.4901124e-02
  -9.7059741e-02
  -1.0921004e-01
  -1.2135082e-01
  -1.3348091e-01
  -1.4559910e-01
  -1.5770421e-01
  -1.6979505e-01
  -1.8187043e-01
  -1.9392918e-01
  -2.0597010e-01
  -2.1799202e-01
  -2.2999375e-01
  -2.4197412e-01
  -2.5393195e-01
  -2.6586606e-01
  -2.7777530e-01
  -2.8965847e-01
  -3.0151443e-01
  -3.1334199e-01
  -3.2514001e-01
  -3.3690732e-01
  -3.4864277e-01
  -3.6034520e-01
  -3.7201347e-01
  -3.8364642e-01
  -3.9524291e-01
  -4.0680180e-01
  -4.1832197e-01
  -4.2980226e-01
  -4.4124156e-01
  -4.5263874e-01
  -4.6399268e-01
  -4.7530225e-01
  -4.8656636e-01
  -4.9778389e-01
  -5.0895373e-01
  -5.2007479e-01
  -5.3114598e-01
  -5.4216620e-01
  -5.5313436e-01
  -5.6404939e-01
  -5.7491022e-01
  -5.8571576e-01
  -5.9646497e-01
  -6.0715678e-01
  -6.1779013e-01
  -6.2836398e-01
  -6.3887729e-01
  -6.4932902e-01
  -6.5971814e-01
  -6.7004362e-01
  -6.8030445e-01
  -6.9049962e-01
  -7.0062812e-01
  -7.1068895e-01
  -7.2068112e-01
  -7.3060364e-01
  -7.4045553e-01
  -7.5023582e-01
  -7.5994355e-01
  -7.6957776e-01
  -7.7913749e-01
  -7.8862180e-01
  -7.9802976e-01
  -8.0736043e-01
  -8.1661290e-01
  -8.2578624e-01
  -8.3487956e-01
  -8.4389195e-01
  -8.5282252e-01
  -8.6167039e-01
  -8.7043468e-01
  -8.7911453e-01
  -8.8770908e-01
  -8.9621747e-01
  -9.0463887e-01
  -9.1297244e-01
  -9.2121735e-01
  -9.2937280e-01
  -9.3743796e-01
  -9.4541204e-01
  -9.5329426e-01
  -9.6108383e-01
  -9.6877997e-01
  -9.7638193e-01
  -9.8388894e-01
  -9.9130027e-01
  -9.9861518e-01
  -1.0058329e+00
  -1.0129528e+00
  -1.0199742e+00
  -1.0268962e+00
  -1.0337183e+00
  -1.0404398e+00
  -1.0470599e+00
  -1.0535781e+00
  -1.0599937e+00
  -1.0663061e+00
  -1.0725145e+00
  -1.0786185e+00
  -1.0846173e+00
  -1.0905105e+00
  -1.0962973e+00
  -1.1019773e+00
  -1.1075498e+00
  -1.1130144e+00
  -1.1183704e+00
  -1.1236173e+00
  -1.1287547e+00
  -1.1337819e+00
  -1.1386985e+00
  -1.1435040e+00
  -1.1481979e+00
  -1.1527797e+00
  -1.1572491e+00
  -1.1616054e+00
  -1.1658483e+00
  -1.1699774e+00
  -1.1739923e+00
  -1.1778924e+00
  -1.1816776e+00
  -1.1853473e+00
  -1.1889012e+00
  -1.1923389e+00
  -1.1956601e+00
  -1.1988645e+00
  -1.2019517e+00
  -1.2049214e+00
  -1.2077733e+00
  -1.2105071e+00
  -1.2131226e+00
  -1.2156194e+00
  -1.2179974e+00
  -1.2202562e+00
  -1.2223957e+00
  -1.2244155e+00
  -1.2263156e+00
  -1.2280957e+00
  -1.2297556e+00
  -1.2312952e+00
  -1.2327142e+00
  -1.2340126e+00
  -1.2351901e+00
  -1.2362468e+00
  -1.2371824e+00
  -1.2379968e+00
  -1.2386900e+00
  -1.2392618e+00
  -1.2397123e+00
  -1.2400413e+00
  -1.2402489e+00
  -1.2403349e+00
  -1.2402993e+00
  -1.2401423e+00
  -1.2398636e+00
  -1.2394634e+00
  -1.2389418e+00
  -1.2382986e+00
  -1.2375341e+00
  -1.2366481e+00
  -1.2356410e+00
  -1.2345126e+00
  -1.2332631e+00
  -1.2318926e+00
  -1.2304013e+00
  -1.2287893e+00
  -1.2270566e+00
  -1.2252036e+00
  -1.2232303e+00
  -1.2211369e+00
  -1.2189237e+00
  -1.2165908e+00
  -1.2141384e+00
  -1.2115668e+00
  -1.2088762e+00
  -1.2060669e+00
  -1.2031391e+00
  -1.2000931e+00
  -1.1969292e+00
  -1.1936478e+00
  -1.1902490e+00
  -1.1867332e+00
  -1.1831008e+00
  -1.1793520e+00
  -1.1754874e+00
  -1.1715071e+00
  -1.1674117e+00
  -1.1632015e+00
  -1.1588768e+00
  -1.1544382e+00
  -1.1498860e+00
  -1.1452206e+00
  -1.1404426e+00
  -1.1355523e+00
  -1.1305503e+00
  -1.1254370e+00
  -1.1202129e+00
  -1.1148784e+00
  -1.1094343e+00
  -1.1038808e+00
  -1.0982187e+00
  -1.0924483e+00
  -1.0865703e+00
  -1.0805853e+00
  -1.0744938e+00
  -1.0682964e+00
  -1.0619937e+00
  -1.0555863e+00
  -1.0490748e+00
  -1.0424598e+00
  -1.0357421e+00
  -1.0289222e+00
  -1.0220008e+00
  -1.0149786e+00
  -1.0078562e+00
  -1.0006343e+00
  -9.9331368e-01
  -9.8589499e-01
  -9.7837895e-01
  -9.7076629e-01
  -9.6305776e-01
  -9.5525409e-01
  -9.4735604e-01
  -9.3936437e-01
  -9.3127986e-01
  -9.2310330e-01
  -9.1483547e-01
  -9.0647717e-01
  -8.9802922e-01
  -8.8949244e-01
  -8.8086765e-01
  -8.7215569e-01
  -8.6335740e-01
  -8.5447365e-01
  -8.4550528e-01
  -8.3645318e-01
  -8.2731821e-01
  -8.1810128e-01
  -8.0880327e-01
  -7.9942508e-01
  -7.8996763e-01
  -7.8043184e-01
  -7.7081863e-01
  -7.6112893e-01
  -7.5136370e-01
  -7.4152388e-01
  -7.3161042e-01
  -7.2162429e-01
  -7.1156647e-01
  -7.0143793e-01
  -6.9123965e-01
  -6.8097263e-01
  -6.7063787e-01
  -6.6023638e-01
  -6.4976916e-01
  -6.3923724e-01
  -6.2864164e-01
  -6.1798340e-01
  -6.0726355e-01
  -5.9648314e-01
  -5.8564321e-01
  -5.7474483e-01
  -5.6378906e-01
  -5.5277696e-01
  -5.4170961e-01
  -5.3058809e-01
  -5.1941349e-01
  -5.0818688e-01
  -4.9690937e-01
  -4.8558206e-01
  -4.7420605e-01
  -4.6278246e-01
  -4.5131239e-01
  -4.3979697e-01
  -4.2823732e-01
  -4.1663457e-01
  -4.0498986e-01
  -3.9330431e-01
  -3.8157908e-01
  -3.6981530e-01
  -3.5801412e-01
  -3.4617671e-01
  -3.3430421e-01
  -3.2239778e-01
  -3.1045859e-01
  -2.9848781e-01
  -2.8648660e-01
  -2.7445614e-01
  -2.6239761e-01
  -2.5031217e-01
  -2.3820103e-01
  -2.2606535e-01
  -2.1390633e-01
  -2.0172515e-01
  -1.8952301e-01
  -1.7730110e-01
  -1.6506062e-01
  -1.5280277e-01
  -1.4052873e-01
  -1.2823973e-01
  -1.1593695e-01
  -1.0362160e-01
  -9.1294894e-02
  -7.8958031e-02
  -6.6612221e-02
  -5.4258673e-02
  -4.1898597e-02
  -2.9533204e-02
  -1.7163704e-02
  -4.7913107e-03
   7.5827650e-03
   1.9957310e-02
   3.2331112e-02
   4.4702959e-02
   5.7071636e-02
   6.9435933e-02
   8.1794637e-02
   9.4146536e-02
   1.0649042e-01
   1.1882508e-01
   1.3114930e-01
   1.4346187e-01
   1.5576160e-01
   1.6804726e-01
   1.8031766e-01
   1.9257159e-01
   2.0480785e-01
   2.1702524e-01
   2.2922256e-01
   2.4139860e-01
   2.5355219e-01
   2.6568212e-01
   2.7778719e-01
   2.8986624e-01
   3.0191806e-01
   3.1394147e-01
   3.2593529e-01
   3.3789835e-01
   3.4982947e-01
   3.6172747e-01
   3.7359119e-01
   3.8541946e-01
   3.9721112e-01
   4.0896500e-01
   4.2067996e-01
   4.3235484e-01
   4.4398850e-01
   4.5557978e-01
   4.6712756e-01
   4.7863068e-01
   4.9008803e-01
   5.0149847e-01
   5.1286088e-01
   5.2417415e-01
   5.3543716e-01
   5.4664879e-01
   5.5780796e-01
   5.6891355e-01
   5.7996448e-01
   5.9095965e-01
   6.0189799e-01
   6.1277841e-01
   6.2359985e-01
   6.3436124e-01
   6.4506151e-01
   6.5569961e-01
   6.6627450e-01
   6.7678513e-01
   6.8723047e-01
   6.9760948e-01
   7.0792114e-01
   7.1816444e-01
   7.2833836e-01
   7.3844190e-01
   7.4847406e-01
   7.5843385e-01
   7.6832030e-01
   7.7813242e-01
   7.8786924e-01
   7.9752981e-01
   8.0711316e-01
   8.1661836e-01
   8.2604446e-01
   8.3539053e-01
   8.4465565e-01
   8.5383890e-01
   8.6293937e-01
   8.7195617e-01
   8.8088840e-01
   8.8973518e-01
   8.9849563e-01
   9.0716889e-01
   9.1575409e-01
   9.2425039e-01
   9.3265695e-01
   9.4097293e-01
   9.4919752e-01
   9.5732988e-01
   9.6536923e-01
   9.7331475e-01
   9.8116567e-01
   9.8892121e-01
   9.9658059e-01
   1.0041431e+00
   1.0116079e+00
   1.0189743e+00
   1.0262415e+00
   1.0334089e+00
   1.0404757e+00
   1.0474413e+00
   1.0543049e+00
   1.0610658e+00
   1.0677234e+00
   1.0742771e+00
   1.0807261e+00
   1.0870698e+00
   1.0933076e+00
   1.0994388e+00
   1.1054630e+00
   1.1113794e+00
   1.1171874e+00
   1.1228865e+00
   1.1284762e+00
   1.1339558e+00
   1.1393248e+00
   1.1445827e+00
   1.1497289e+00
   1.1547630e+00
   1.1596844e+00
   1.1644926e+00
   1.1691872e+00
   1.1737676e+00
   1.1782335e+00
   1.1825843e+00
   1.1868197e+00
   1.1909392e+00
   1.1949424e+00
   1.1988288e+00
   1.2025982e+00
   1.2062501e+00
   1.2097841e+00
   1.2131999e+00
   1.2164971e+00
   1.2196755e+00
   1.2227346e+00
   1.2256742e+00
   1.2284940e+00
   1.2311937e+00
   1.2337729e+00
   1.2362316e+00
   1.2385693e+00
   1.2407858e+00
   1.2428810e+00
   1.2448546e+00
   1.2467063e+00
   1.2484361e+00
   1.2500437e+00
   1.2515290e+00
   1.2528917e+00
   1.2541318e+00
   1.2552492e+00
   1.2562436e+00
   1.2571150e+00
   1.2578633e+00
   1.2584884e+00
   1.2589902e+00
   1.2593687e+00
   1.2596238e+00
   1.2597555e+00
   1.2597637e+00
   1.2596485e+00
   1.2594098e+00
   1.2590477e+00
   1.2585622e+00
   1.2579533e+00
   1.2572210e+00
   1.2563654e+00
   1.2553867e+00
   1.2542848e+00
   1.2530599e+00
   1.2517121e+00
   1.2502415e+00
   1.2486482e+00
   1.2469324e+00
   1.2450942e+00
   1.2431338e+00
   1.2410514e+00
   1.2388472e+00
   1.2365214e+00
   1.2340741e+00
   1.2315057e+00
   1.2288163e+00
   1.2260062e+00
   1.2230758e+00
   1.2200251e+00
   1.2168546e+00
   1.2135646e+00
   1.2101553e+00
   1.2066270e+00
   1.2029802e+00
   1.1992151e+00
   1.1953321e+00
   1.1913316e+00
   1.1872140e+00
   1.1829796e+00
   1.1786289e+00
   1.1741622e+00
   1.1695800e+00
   1.1648828e+00
   1.1600709e+00
   1.1551449e+00
   1.1501052e+00
   1.1449523e+00
   1.1396867e+00
   1.1343088e+00
   1.1288193e+00
   1.1232186e+00
   1.1175073e+00
   1.1116860e+00
   1.1057551e+00
   1.0997152e+00
   1.0935670e+00
   1.0873110e+00
   1.0809479e+00
   1.0744782e+00
   1.0679026e+00
   1.0612216e+00
   1.0544360e+00
   1.0475465e+00
   1.0405535e+00
   1.0334580e+00
   1.0262604e+00
   1.0189616e+00
   1.0115622e+00
   1.0040629e+00
   9.9646449e-01
   9.8876769e-01
   9.8097324e-01
   9.7308189e-01
   9.6509440e-01
   9.5701155e-01
   9.4883412e-01
   9.4056291e-01
   9.3219871e-01
   9.2374233e-01
   9.1519460e-01
   9.0655634e-01
   8.9782840e-01
   8.8901161e-01
   8.8010683e-01
