   1.0000000e+00
   9.9990201e-01
   9.9970605e-01
   9.9941214e-01
   9.9902034e-01
   9.9853067e-01
   9.9794321e-01
   9.9725802e-01
   9.9647517e-01
   9.9559475e-01
   9.9461686e-01
   9.9354161e-01
   9.9236910e-01
   9.9109946e-01
   9.8973283e-01
   9.8826935e-01
   9.8670917e-01
   9.8505246e-01
   9.8329939e-01
   9.8145013e-01
   9.7950488e-01
   9.7746384e-01
   9.7532721e-01
   9.7309523e-01
   9.7076810e-01
   9.6834608e-01
   9.6582941e-01
   9.6321835e-01
   9.6051315e-01
   9.5771410e-01
   9.5482147e-01
   9.5183557e-01
   9.4875668e-01
   9.4558513e-01
   9.4232123e-01
   9.3896532e-01
   9.3551772e-01
   9.3197879e-01
   9.2834888e-01
   9.2462836e-01
   9.2081759e-01
   9.1691697e-01
   9.1292688e-01
   9.0884773e-01
   9.0467991e-01
   9.0042386e-01
   8.9607999e-01
   8.9164874e-01
   8.8713054e-01
   8.8252587e-01
   8.7783516e-01
   8.7305889e-01
   8.6819754e-01
   8.6325159e-01
   8.5822154e-01
   8.5310788e-01
   8.4791113e-01
   8.4263179e-01
   8.3727041e-01
   8.3182751e-01
   8.2630362e-01
   8.2069931e-01
   8.1501513e-01
   8.0925164e-01
   8.0340942e-01
   7.9748905e-01
   7.9149110e-01
   7.8541619e-01
   7.7926491e-01
   7.7303787e-01
   7.6673569e-01
   7.6035900e-01
   7.5390842e-01
   7.4738460e-01
   7.4078818e-01
   7.3411982e-01
   7.2738017e-01
   7.2056991e-01
   7.1368971e-01
   7.0674025e-01
   6.9972221e-01
   6.9263630e-01
   6.8548321e-01
   6.7826365e-01
   6.7097833e-01
   6.6362798e-01
   6.5621331e-01
   6.4873508e-01
   6.4119400e-01
   6.3359084e-01
   6.2592633e-01
   6.1820124e-01
   6.1041632e-01
   6.0257236e-01
   5.9467012e-01
   5.8671038e-01
   5.7869393e-01
   5.7062156e-01
   5.6249406e-01
   5.5431224e-01
   5.4607691e-01
   5.3778887e-01
   5.2944894e-01
   5.2105796e-01
   5.1261673e-01
   5.0412610e-01
   4.9558691e-01
   4.8699999e-01
   4.7836618e-01
   4.6968635e-01
   4.6096135e-01
   4.5219203e-01
   4.4337926e-01
   4.3452390e-01
   4.2562683e-01
   4.1668893e-01
   4.0771108e-01
   3.9869415e-01
   3.8963903e-01
   3.8054662e-01
   3.7141782e-01
   3.6225351e-01
   3.5305460e-01
   3.4382200e-01
   3.3455661e-01
   3.2525935e-01
   3.1593113e-01
   3.0657286e-01
   2.9718547e-01
   2.8776987e-01
   2.7832700e-01
   2.6885778e-01
   2.5936315e-01
   2.4984403e-01
   2.4030136e-01
   2.3073607e-01
   2.2114912e-01
   2.1154143e-01
   2.0191396e-01
   1.9226764e-01
   1.8260343e-01
   1.7292227e-01
   1.6322512e-01
   1.5351292e-01
   1.4378663e-01
   1.3404721e-01
   1.2429560e-01
   1.1453277e-01
   1.0475968e-01
   9.4977270e-02
   8.5186517e-02
   7.5388376e-02
   6.5583808e-02
   5.5773774e-02
   4.5959236e-02
   3.6141156e-02
   2.6320496e-02
   1.6498220e-02
   6.6752895e-03
  -3.1473324e-03
  -1.2968683e-02
  -2.2787801e-02
  -3.2603724e-02
  -4.2415490e-02
  -5.2222138e-02
  -6.2022708e-02
  -7.1816240e-02
  -8.1601775e-02
  -9.1378355e-02
  -1.0114502e-01
  -1.1090082e-01
  -1.2064480e-01
  -1.3037600e-01
  -1.4009347e-01
  -1.4979626e-01
  -1.5948342e-01
  -1.6915400e-01
  -1.7880706e-01
  -1.8844166e-01
  -1.9805684e-01
  -2.0765167e-01
  -2.1722522e-01
  -2.2677654e-01
  -2.3630471e-01
  -2.4580878e-01
  -2.5528784e-01
  -2.6474095e-01
  -2.7416719e-01
  -2.8356565e-01
  -2.9293539e-01
  -3.0227552e-01
  -3.1158510e-01
  -3.2086325e-01
  -3.3010904e-01
  -3.3932158e-01
  -3.4849997e-01
  -3.5764330e-01
  -3.6675070e-01
  -3.7582126e-01
  -3.8485411e-01
  -3.9384836e-01
  -4.0280314e-01
  -4.1171757e-01
  -4.2059078e-01
  -4.2942191e-01
  -4.3821009e-01
  -4.4695448e-01
  -4.5565420e-01
  -4.6430843e-01
  -4.7291631e-01
  -4.8147700e-01
  -4.8998968e-01
  -4.9845351e-01
  -5.0686766e-01
  -5.1523132e-01
  -5.2354368e-01
  -5.3180392e-01
  -5.4001123e-01
  -5.4816483e-01
  -5.5626391e-01
  -5.6430769e-01
  -5.7229539e-01
  -5.8022622e-01
  -5.8809942e-01
  -5.9591422e-01
  -6.0366986e-01
  -6.1136559e-01
  -6.1900065e-01
  -6.2657431e-01
  -6.3408583e-01
  -6.4153448e-01
  -6.4891954e-01
  -6.5624028e-01
  -6.6349600e-01
  -6.7068600e-01
  -6.7780956e-01
  -6.8486602e-01
  -6.9185467e-01
  -6.9877484e-01
  -7.0562585e-01
  -7.1240706e-01
  -7.1911779e-01
  -7.2575739e-01
  -7.3232523e-01
  -7.3882066e-01
  -7.4524306e-01
  -7.5159180e-01
  -7.5786628e-01
  -7.6406587e-01
  -7.7018998e-01
  -7.7623803e-01
  -7.8220941e-01
  -7.8810357e-01
  -7.9391992e-01
  -7.9965790e-01
  -8.0531696e-01
  -8.1089655e-01
  -8.1639614e-01
  -8.2181519e-01
  -8.2715318e-01
  -8.3240959e-01
  -8.3758392e-01
  -8.4267566e-01
  -8.4768434e-01
  -8.5260945e-01
  -8.5745054e-01
  -8.6220713e-01
  -8.6687877e-01
  -8.7146500e-01
  -8.7596539e-01
  -8.8037950e-01
  -8.8470691e-01
  -8.8894720e-01
  -8.9309997e-01
  -8.9716482e-01
  -9.0114136e-01
  -9.0502920e-01
  -9.0882798e-01
  -9.1253733e-01
  -9.1615689e-01
  -9.1968633e-01
  -9.2312530e-01
  -9.2647347e-01
  -9.2973053e-01
  -9.3289617e-01
  -9.3597009e-01
  -9.3895198e-01
  -9.4184158e-01
  -9.4463860e-01
  -9.4734278e-01
  -9.4995386e-01
  -9.5247161e-01
  -9.5489577e-01
  -9.5722613e-01
  -9.5946245e-01
  -9.6160454e-01
  -9.6365220e-01
  -9.6560522e-01
  -9.6746343e-01
  -9.6922666e-01
  -9.7089474e-01
  -9.7246752e-01
  -9.7394485e-01
  -9.7532660e-01
  -9.7661264e-01
  -9.7780286e-01
  -9.7889715e-01
  -9.7989540e-01
  -9.8079754e-01
  -9.8160348e-01
  -9.8231315e-01
  -9.8292650e-01
  -9.8344347e-01
  -9.8386402e-01
  -9.8418812e-01
  -9.8441575e-01
  -9.8454689e-01
  -9.8458154e-01
  -9.8451971e-01
  -9.8436141e-01
  -9.8410667e-01
  -9.8375553e-01
  -9.8330801e-01
  -9.8276419e-01
  -9.8212412e-01
  -9.8138787e-01
  -9.8055553e-01
  -9.7962719e-01
  -9.7860294e-01
  -9.7748290e-01
  -9.7626718e-01
  -9.7495592e-01
  -9.7354925e-01
  -9.7204732e-01
  -9.7045028e-01
  -9.6875831e-01
  -9.6697158e-01
  -9.6509026e-01
  -9.6311456e-01
  -9.6104468e-01
  -9.5888083e-01
  -9.5662323e-01
  -9.5427211e-01
  -9.5182771e-01
  -9.4929028e-01
  -9.4666008e-01
  -9.4393737e-01
  -9.4112243e-01
  -9.3821555e-01
  -9.3521701e-01
  -9.3212713e-01
  -9.2894621e-01
  -9.2567457e-01
  -9.2231255e-01
  -9.1886048e-01
  -9.1531871e-01
  -9.1168759e-01
  -9.0796749e-01
  -9.0415879e-01
  -9.0026185e-01
  -8.9627709e-01
  -8.9220488e-01
  -8.8804565e-01
  -8.8379981e-01
  -8.7946778e-01
  -8.7504999e-01
  -8.7054689e-01
  -8.6595893e-01
  -8.6128656e-01
  -8.5653025e-01
  -8.5169047e-01
  -8.4676771e-01
  -8.4176246e-01
  -8.3667522e-01
  -8.3150648e-01
  -8.2625678e-01
  -8.2092662e-01
  -8.1551654e-01
  -8.1002708e-01
  -8.0445878e-01
  -7.9881220e-01
  -7.9308790e-01
  -7.8728644e-01
  -7.8140840e-01
  -7.7545437e-01
  -7.6942494e-01
  -7.6332070e-01
  -7.5714226e-01
  -7.5089023e-01
  -7.4456524e-01
  -7.3816791e-01
  -7.3169886e-01
  -7.2515876e-01
  -7.1854823e-01
  -7.1186795e-01
  -7.0511856e-01
  -6.9830073e-01
  -6.9141515e-01
  -6.8446250e-01
  -6.7744345e-01
  -6.7035870e-01
  -6.6320897e-01
  -6.5599494e-01
  -6.4871734e-01
  -6.4137689e-01
  -6.3397430e-01
  -6.2651032e-01
  -6.1898568e-01
  -6.1140112e-01
  -6.0375739e-01
  -5.9605525e-01
  -5.8829546e-01
  -5.8047878e-01
  -5.7260598e-01
  -5.6467784e-01
  -5.5669515e-01
  -5.4865869e-01
  -5.4056926e-01
  -5.3242764e-01
  -5.2423466e-01
  -5.1599110e-01
  -5.0769779e-01
  -4.9935554e-01
  -4.9096518e-01
  -4.8252753e-01
  -4.7404343e-01
  -4.6551370e-01
  -4.5693920e-01
  -4.4832076e-01
  -4.3965923e-01
  -4.3095547e-01
  -4.2221033e-01
  -4.1342468e-01
  -4.0459937e-01
  -3.9573528e-01
  -3.8683329e-01
  -3.7789426e-01
  -3.6891908e-01
  -3.5990862e-01
  -3.5086378e-01
  -3.4178545e-01
  -3.3267451e-01
  -3.2353187e-01
  -3.1435842e-01
  -3.0515506e-01
  -2.9592271e-01
  -2.8666226e-01
  -2.7737463e-01
  -2.6806073e-01
  -2.5872147e-01
  -2.4935778e-01
  -2.3997057e-01
  -2.3056076e-01
  -2.2112929e-01
  -2.1167707e-01
  -2.0220503e-01
  -1.9271411e-01
  -1.8320524e-01
  -1.7367934e-01
  -1.6413736e-01
  -1.5458023e-01
  -1.4500888e-01
  -1.3542427e-01
  -1.2582733e-01
  -1.1621899e-01
  -1.0660021e-01
  -9.6971928e-02
  -8.7335085e-02
  -7.7690628e-02
  -6.8039504e-02
  -5.8382658e-02
  -4.8721038e-02
  -3.9055590e-02
  -2.9387262e-02
  -1.9717002e-02
  -1.0045757e-02
  -3.7447556e-04
   9.2958948e-03
   1.8964407e-02
   2.8630113e-02
   3.8292066e-02
   4.7949321e-02
   5.7600930e-02
   6.7245950e-02
   7.6883434e-02
   8.6512441e-02
   9.6132027e-02
   1.0574125e-01
   1.1533917e-01
   1.2492485e-01
   1.3449734e-01
   1.4405572e-01
   1.5359905e-01
   1.6312639e-01
   1.7263681e-01
   1.8212938e-01
   1.9160318e-01
   2.0105727e-01
   2.1049073e-01
   2.1990265e-01
   2.2929209e-01
   2.3865815e-01
   2.4799990e-01
   2.5731643e-01
   2.6660684e-01
   2.7587021e-01
   2.8510564e-01
   2.9431222e-01
   3.0348907e-01
   3.1263528e-01
   3.2174995e-01
   3.3083221e-01
   3.3988115e-01
   3.4889591e-01
   3.5787559e-01
   3.6681932e-01
   3.7572624e-01
   3.8459546e-01
   3.9342613e-01
   4.0221738e-01
   4.1096835e-01
   4.1967820e-01
   4.2834607e-01
   4.3697111e-01
   4.4555249e-01
   4.5408937e-01
   4.6258092e-01
   4.7102631e-01
   4.7942471e-01
   4.8777531e-01
   4.9607730e-01
   5.0432986e-01
   5.1253219e-01
   5.2068350e-01
   5.2878298e-01
   5.3682986e-01
   5.4482334e-01
   5.5276266e-01
   5.6064702e-01
   5.6847568e-01
   5.7624787e-01
   5.8396283e-01
   5.9161981e-01
   5.9921806e-01
   6.0675686e-01
   6.1423545e-01
   6.2165313e-01
   6.2900917e-01
   6.3630284e-01
   6.4353345e-01
   6.5070029e-01
   6.5780267e-01
   6.6483989e-01
   6.7181128e-01
   6.7871615e-01
   6.8555383e-01
   6.9232367e-01
   6.9902500e-01
   7.0565718e-01
   7.1221957e-01
   7.1871151e-01
   7.2513240e-01
   7.3148160e-01
   7.3775850e-01
   7.4396249e-01
   7.5009297e-01
   7.5614935e-01
   7.6213104e-01
   7.6803747e-01
   7.7386805e-01
   7.7962223e-01
   7.8529946e-01
   7.9089917e-01
   7.9642083e-01
   8.0186392e-01
   8.0722789e-01
   8.1251224e-01
   8.1771645e-01
   8.2284002e-01
   8.2788246e-01
   8.3284328e-01
   8.3772201e-01
   8.4251817e-01
   8.4723129e-01
   8.5186094e-01
   8.5640666e-01
   8.6086802e-01
   8.6524458e-01
   8.6953592e-01
   8.7374164e-01
   8.7786133e-01
   8.8189459e-01
   8.8584104e-01
   8.8970030e-01
   8.9347200e-01
   8.9715578e-01
   9.0075128e-01
   9.0425817e-01
   9.0767611e-01
   9.1100476e-01
   9.1424382e-01
   9.1739298e-01
   9.2045193e-01
   9.2342039e-01
   9.2629807e-01
   9.2908470e-01
   9.3178001e-01
   9.3438376e-01
   9.3689569e-01
   9.3931556e-01
   9.4164316e-01
   9.4387826e-01
   9.4602064e-01
   9.4807012e-01
   9.5002649e-01
   9.5188957e-01
   9.5365920e-01
   9.5533521e-01
   9.5691744e-01
   9.5840574e-01
   9.5979998e-01
   9.6110004e-01
   9.6230579e-01
   9.6341712e-01
   9.6443394e-01
   9.6535616e-01
   9.6618369e-01
   9.6691646e-01
   9.6755441e-01
   9.6809749e-01
   9.6854565e-01
   9.6889885e-01
   9.6915708e-01
   9.6932032e-01
   9.6938856e-01
   9.6936180e-01
   9.6924005e-01
   9.6902334e-01
   9.6871170e-01
   9.6830516e-01
   9.6780378e-01
   9.6720761e-01
   9.6651672e-01
   9.6573119e-01
   9.6485111e-01
   9.6387656e-01
   9.6280766e-01
   9.6164452e-01
   9.6038726e-01
   9.5903602e-01
   9.5759093e-01
   9.5605215e-01
   9.5441983e-01
   9.5269416e-01
   9.5087529e-01
   9.4896343e-01
   9.4695876e-01
   9.4486150e-01
   9.4267186e-01
   9.4039006e-01
   9.3801633e-01
   9.3555092e-01
   9.3299408e-01
   9.3034606e-01
   9.2760713e-01
   9.2477758e-01
   9.2185769e-01
   9.1884775e-01
   9.1574806e-01
   9.1255895e-01
   9.0928072e-01
   9.0591372e-01
   9.0245828e-01
   8.9891474e-01
   8.9528346e-01
   8.9156481e-01
   8.8775916e-01
   8.8386689e-01
   8.7988839e-01
   8.7582406e-01
   8.7167431e-01
   8.6743955e-01
   8.6312020e-01
   8.5871670e-01
   8.5422948e-01
   8.4965900e-01
   8.4500570e-01
   8.4027006e-01
   8.3545255e-01
   8.3055364e-01
   8.2557383e-01
   8.2051360e-01
   8.1537347e-01
   8.1015394e-01
   8.0485554e-01
   7.9947879e-01
   7.9402422e-01
   7.8849238e-01
   7.8288382e-01
   7.7719909e-01
   7.7143877e-01
   7.6560341e-01
   7.5969360e-01
   7.5370993e-01
   7.4765299e-01
   7.4152338e-01
   7.3532171e-01
   7.2904859e-01
   7.2270465e-01
   7.1629051e-01
   7.0980681e-01
   7.0325419e-01
   6.9663330e-01
   6.8994480e-01
   6.8318934e-01
   6.7636760e-01
   6.6948025e-01
   6.6252797e-01
   6.5551146e-01
   6.4843139e-01
   6.4128848e-01
   6.3408343e-01
   6.2681695e-01
   6.1948976e-01
   6.1210259e-01
   6.0465616e-01
   5.9715121e-01
   5.8958848e-01
   5.8196871e-01
   5.7429267e-01
   5.6656110e-01
   5.5877477e-01
   5.5093445e-01
   5.4304092e-01
   5.3509494e-01
   5.2709731e-01
   5.1904881e-01
   5.1095024e-01
   5.0280239e-01
   4.9460607e-01
   4.8636209e-01
   4.7807126e-01
   4.6973439e-01
   4.6135231e-01
   4.5292585e-01
   4.4445582e-01
   4.3594308e-01
   4.2738845e-01
   4.1879278e-01
   4.1015691e-01
   4.0148170e-01
   3.9276800e-01
   3.8401666e-01
   3.7522855e-01
   3.6640454e-01
   3.5754548e-01
   3.4865226e-01
   3.3972574e-01
   3.3076681e-01
   3.2177634e-01
   3.1275523e-01
   3.0370435e-01
   2.9462460e-01
   2.8551687e-01
   2.7638205e-01
   2.6722104e-01
   2.5803475e-01
   2.4882407e-01
   2.3958991e-01
   2.3033318e-01
   2.2105479e-01
   2.1175564e-01
   2.0243666e-01
   1.9309875e-01
   1.8374283e-01
   1.7436983e-01
   1.6498066e-01
   1.5557624e-01
   1.4615750e-01
   1.3672536e-01
   1.2728074e-01
   1.1782458e-01
   1.0835780e-01
   9.8881333e-02
   8.9396102e-02
   7.9903040e-02
   7.0403079e-02
   6.0897150e-02
   5.1386185e-02
   4.1871117e-02
   3.2352878e-02
   2.2832402e-02
   1.3310621e-02
   3.7884686e-03
  -5.7331217e-03
  -1.5253217e-02
  -2.4770885e-02
  -3.4285193e-02
  -4.3795209e-02
  -5.3300002e-02
  -6.2798640e-02
  -7.2290194e-02
  -8.1773734e-02
  -9.1248332e-02
  -1.0071306e-01
  -1.1016699e-01
  -1.1960920e-01
  -1.2903877e-01
  -1.3845476e-01
  -1.4785627e-01
  -1.5724236e-01
  -1.6661213e-01
  -1.7596465e-01
  -1.8529902e-01
  -1.9461431e-01
  -2.0390962e-01
  -2.1318403e-01
  -2.2243665e-01
  -2.3166657e-01
  -2.4087288e-01
  -2.5005468e-01
  -2.5921108e-01
  -2.6834118e-01
  -2.7744410e-01
  -2.8651893e-01
  -2.9556480e-01
  -3.0458082e-01
  -3.1356611e-01
  -3.2251980e-01
  -3.3144100e-01
  -3.4032885e-01
  -3.4918248e-01
  -3.5800103e-01
  -3.6678363e-01
  -3.7552943e-01
  -3.8423758e-01
  -3.9290722e-01
  -4.0153751e-01
  -4.1012760e-01
  -4.1867667e-01
  -4.2718387e-01
  -4.3564838e-01
  -4.4406937e-01
  -4.5244602e-01
  -4.6077752e-01
  -4.6906304e-01
  -4.7730179e-01
  -4.8549297e-01
  -4.9363576e-01
  -5.0172939e-01
  -5.0977306e-01
  -5.1776599e-01
  -5.2570739e-01
  -5.3359651e-01
  -5.4143256e-01
  -5.4921480e-01
  -5.5694245e-01
  -5.6461477e-01
  -5.7223101e-01
  -5.7979043e-01
  -5.8729230e-01
  -5.9473588e-01
  -6.0212046e-01
  -6.0944531e-01
  -6.1670972e-01
  -6.2391299e-01
  -6.3105441e-01
  -6.3813330e-01
  -6.4514896e-01
  -6.5210072e-01
  -6.5898790e-01
  -6.6580983e-01
  -6.7256584e-01
  -6.7925529e-01
  -6.8587752e-01
  -6.9243190e-01
  -6.9891778e-01
  -7.0533454e-01
  -7.1168155e-01
  -7.1795820e-01
  -7.2416389e-01
  -7.3029800e-01
  -7.3635996e-01
  -7.4234916e-01
  -7.4826503e-01
  -7.5410700e-01
  -7.5987450e-01
  -7.6556698e-01
  -7.7118388e-01
  -7.7672466e-01
  -7.8218879e-01
  -7.8757574e-01
  -7.9288498e-01
  -7.9811600e-01
  -8.0326831e-01
  -8.0834140e-01
  -8.1333478e-01
  -8.1824798e-01
  -8.2308051e-01
  -8.2783191e-01
  -8.3250173e-01
  -8.3708952e-01
  -8.4159482e-01
  -8.4601722e-01
  -8.5035629e-01
  -8.5461160e-01
  -8.5878275e-01
  -8.6286934e-01
  -8.6687097e-01
  -8.7078727e-01
  -8.7461786e-01
  -8.7836237e-01
  -8.8202044e-01
  -8.8559172e-01
  -8.8907587e-01
  -8.9247256e-01
  -8.9578146e-01
  -8.9900226e-01
  -9.0213465e-01
  -9.0517834e-01
  -9.0813302e-01
  -9.1099843e-01
  -9.1377429e-01
  -9.1646034e-01
  -9.1905632e-01
  -9.2156198e-01
  -9.2397710e-01
  -9.2630144e-01
  -9.2853478e-01
  -9.3067691e-01
  -9.3272764e-01
  -9.3468677e-01
  -9.3655412e-01
  -9.3832951e-01
  -9.4001278e-01
  -9.4160377e-01
  -9.4310234e-01
  -9.4450834e-01
  -9.4582166e-01
  -9.4704216e-01
  -9.4816975e-01
  -9.4920431e-01
  -9.5014576e-01
  -9.5099401e-01
  -9.5174899e-01
  -9.5241063e-01
  -9.5297888e-01
  -9.5345370e-01
  -9.5383503e-01
  -9.5412287e-01
  -9.5431718e-01
  -9.5441795e-01
  -9.5442520e-01
  -9.5433891e-01
  -9.5415913e-01
  -9.5388585e-01
  -9.5351914e-01
  -9.5305902e-01
  -9.5250556e-01
  -9.5185882e-01
  -9.5111887e-01
  -9.5028579e-01
  -9.4935967e-01
  -9.4834062e-01
  -9.4722873e-01
  -9.4602414e-01
  -9.4472696e-01
  -9.4333734e-01
  -9.4185541e-01
  -9.4028134e-01
  -9.3861528e-01
  -9.3685741e-01
  -9.3500791e-01
  -9.3306697e-01
  -9.3103479e-01
  -9.2891157e-01
  -9.2669754e-01
  -9.2439292e-01
  -9.2199794e-01
  -9.1951285e-01
  -9.1693790e-01
  -9.1427335e-01
  -9.1151947e-01
  -9.0867654e-01
  -9.0574485e-01
  -9.0272469e-01
  -8.9961637e-01
  -8.9642020e-01
  -8.9313650e-01
  -8.8976561e-01
  -8.8630785e-01
  -8.8276359e-01
  -8.7913317e-01
  -8.7541696e-01
  -8.7161533e-01
  -8.6772867e-01
  -8.6375735e-01
  -8.5970179e-01
  -8.5556238e-01
  -8.5133954e-01
  -8.4703369e-01
  -8.4264526e-01
  -8.3817469e-01
  -8.3362242e-01
  -8.2898892e-01
  -8.2427463e-01
  -8.1948004e-01
  -8.1460561e-01
  -8.0965184e-01
  -8.0461922e-01
  -7.9950824e-01
  -7.9431942e-01
  -7.8905328e-01
  -7.8371033e-01
  -7.7829110e-01
  -7.7279615e-01
  -7.6722600e-01
  -7.6158122e-01
  -7.5586237e-01
  -7.5007001e-01
  -7.4420471e-01
  -7.3826707e-01
  -7.3225767e-01
  -7.2617710e-01
  -7.2002596e-01
  -7.1380488e-01
  -7.0751446e-01
  -7.0115532e-01
  -6.9472810e-01
  -6.8823344e-01
  -6.8167197e-01
  -6.7504435e-01
  -6.6835122e-01
  -6.6159327e-01
  -6.5477114e-01
  -6.4788552e-01
  -6.4093709e-01
  -6.3392654e-01
  -6.2685455e-01
  -6.1972183e-01
  -6.1252908e-01
  -6.0527702e-01
  -5.9796635e-01
  -5.9059781e-01
  -5.8317211e-01
  -5.7569000e-01
  -5.6815221e-01
  -5.6055949e-01
  -5.5291257e-01
  -5.4521223e-01
  -5.3745922e-01
  -5.2965430e-01
  -5.2179824e-01
  -5.1389183e-01
  -5.0593583e-01
  -4.9793103e-01
  -4.8987823e-01
  -4.8177821e-01
  -4.7363178e-01
  -4.6543973e-01
  -4.5720287e-01
  -4.4892203e-01
  -4.4059800e-01
  -4.3223162e-01
  -4.2382370e-01
  -4.1537507e-01
  -4.0688657e-01
  -3.9835903e-01
  -3.8979329e-01
  -3.8119019e-01
  -3.7255059e-01
  -3.6387532e-01
  -3.5516525e-01
  -3.4642122e-01
  -3.3764411e-01
  -3.2883478e-01
  -3.1999408e-01
  -3.1112289e-01
  -3.0222209e-01
  -2.9329254e-01
  -2.8433513e-01
  -2.7535074e-01
  -2.6634024e-01
  -2.5730452e-01
  -2.4824448e-01
  -2.3916100e-01
  -2.3005498e-01
  -2.2092731e-01
  -2.1177888e-01
  -2.0261059e-01
  -1.9342335e-01
  -1.8421806e-01
  -1.7499561e-01
  -1.6575692e-01
  -1.5650290e-01
  -1.4723444e-01
  -1.3795247e-01
  -1.2865789e-01
  -1.1935161e-01
  -1.1003455e-01
  -1.0070762e-01
  -9.1371731e-02
  -8.2027807e-02
  -7.2676760e-02
  -6.3319508e-02
  -5.3956968e-02
  -4.4590059e-02
  -3.5219698e-02
  -2.5846803e-02
  -1.6472295e-02
  -7.0970911e-03
   2.2778897e-03
   1.1651728e-02
   2.1023507e-02
   3.0392307e-02
   3.9757211e-02
   4.9117301e-02
   5.8471662e-02
   6.7819375e-02
   7.7159528e-02
   8.6491204e-02
   9.5813490e-02
   1.0512547e-01
   1.1442624e-01
   1.2371489e-01
   1.3299050e-01
   1.4225218e-01
   1.5149900e-01
   1.6073008e-01
   1.6994450e-01
   1.7914136e-01
   1.8831977e-01
   1.9747882e-01
   2.0661763e-01
   2.1573529e-01
   2.2483093e-01
   2.3390363e-01
   2.4295253e-01
   2.5197674e-01
   2.6097537e-01
   2.6994754e-01
   2.7889239e-01
   2.8780903e-01
   2.9669659e-01
   3.0555421e-01
   3.1438102e-01
   3.2317615e-01
   3.3193876e-01
   3.4066798e-01
   3.4936297e-01
   3.5802286e-01
   3.6664683e-01
   3.7523402e-01
   3.8378361e-01
   3.9229475e-01
   4.0076661e-01
   4.0919837e-01
   4.1758921e-01
   4.2593830e-01
   4.3424484e-01
   4.4250802e-01
   4.5072702e-01
   4.5890105e-01
   4.6702931e-01
   4.7511101e-01
   4.8314537e-01
   4.9113159e-01
   4.9906890e-01
   5.0695653e-01
   5.1479371e-01
   5.2257968e-01
   5.3031368e-01
   5.3799495e-01
   5.4562276e-01
   5.5319635e-01
   5.6071499e-01
   5.6817794e-01
   5.7558450e-01
   5.8293392e-01
   5.9022550e-01
   5.9745853e-01
   6.0463231e-01
   6.1174613e-01
   6.1879932e-01
   6.2579117e-01
   6.3272102e-01
   6.3958819e-01
   6.4639201e-01
   6.5313183e-01
   6.5980698e-01
   6.6641683e-01
   6.7296073e-01
   6.7943804e-01
   6.8584814e-01
   6.9219040e-01
   6.9846421e-01
   7.0466897e-01
   7.1080407e-01
   7.1686891e-01
   7.2286291e-01
   7.2878550e-01
   7.3463608e-01
   7.4041411e-01
   7.4611902e-01
   7.5175026e-01
   7.5730728e-01
   7.6278954e-01
   7.6819653e-01
   7.7352771e-01
   7.7878256e-01
   7.8396059e-01
   7.8906129e-01
   7.9408418e-01
   7.9902875e-01
   8.0389455e-01
   8.0868109e-01
   8.1338792e-01
   8.1801459e-01
   8.2256064e-01
   8.2702565e-01
   8.3140918e-01
   8.3571081e-01
   8.3993012e-01
   8.4406672e-01
   8.4812020e-01
   8.5209018e-01
   8.5597627e-01
   8.5977810e-01
   8.6349532e-01
   8.6712755e-01
   8.7067445e-01
   8.7413569e-01
   8.7751094e-01
   8.8079986e-01
   8.8400216e-01
   8.8711751e-01
   8.9014564e-01
   8.9308624e-01
   8.9593903e-01
   8.9870376e-01
   9.0138015e-01
   9.0396795e-01
   9.0646691e-01
   9.0887681e-01
   9.1119741e-01
   9.1342849e-01
   9.1556985e-01
   9.1762128e-01
   9.1958259e-01
   9.2145360e-01
   9.2323413e-01
   9.2492402e-01
   9.2652311e-01
   9.2803126e-01
   9.2944832e-01
   9.3077416e-01
   9.3200866e-01
   9.3315172e-01
   9.3420322e-01
   9.3516308e-01
   9.3603121e-01
   9.3680753e-01
   9.3749197e-01
   9.3808448e-01
   9.3858502e-01
   9.3899353e-01
   9.3930998e-01
   9.3953437e-01
   9.3966666e-01
   9.3970687e-01
   9.3965499e-01
   9.3951104e-01
   9.3927503e-01
   9.3894701e-01
   9.3852702e-01
   9.3801510e-01
   9.3741131e-01
   9.3671573e-01
   9.3592842e-01
   9.3504948e-01
   9.3407900e-01
   9.3301709e-01
   9.3186385e-01
   9.3061941e-01
   9.2928390e-01
   9.2785746e-01
   9.2634024e-01
   9.2473240e-01
   9.2303410e-01
   9.2124551e-01
   9.1936683e-01
   9.1739825e-01
   9.1533996e-01
   9.1319217e-01
   9.1095512e-01
   9.0862902e-01
   9.0621411e-01
   9.0371063e-01
   9.0111885e-01
   8.9843902e-01
   8.9567141e-01
   8.9281631e-01
   8.8987400e-01
   8.8684477e-01
   8.8372895e-01
   8.8052683e-01
   8.7723874e-01
   8.7386501e-01
   8.7040599e-01
   8.6686201e-01
   8.6323343e-01
   8.5952062e-01
   8.5572395e-01
   8.5184380e-01
   8.4788056e-01
   8.4383462e-01
   8.3970639e-01
   8.3549629e-01
   8.3120472e-01
   8.2683212e-01
   8.2237893e-01
   8.1784560e-01
   8.1323256e-01
   8.0854029e-01
   8.0376925e-01
   7.9891991e-01
   7.9399277e-01
   7.8898830e-01
   7.8390701e-01
   7.7874940e-01
   7.7351599e-01
   7.6820729e-01
   7.6282384e-01
   7.5736616e-01
   7.5183481e-01
   7.4623032e-01
   7.4055326e-01
   7.3480419e-01
   7.2898368e-01
   7.2309231e-01
   7.1713066e-01
   7.1109931e-01
   7.0499888e-01
   6.9882997e-01
   6.9259318e-01
   6.8628913e-01
   6.7991845e-01
   6.7348177e-01
   6.6697973e-01
   6.6041297e-01
   6.5378213e-01
   6.4708788e-01
   6.4033088e-01
   6.3351180e-01
   6.2663130e-01
   6.1969007e-01
   6.1268881e-01
   6.0562819e-01
   5.9850891e-01
   5.9133169e-01
   5.8409722e-01
   5.7680623e-01
   5.6945943e-01
   5.6205754e-01
   5.5460131e-01
   5.4709146e-01
   5.3952874e-01
   5.3191389e-01
   5.2424767e-01
   5.1653082e-01
   5.0876412e-01
   5.0094832e-01
   4.9308420e-01
   4.8517253e-01
   4.7721410e-01
   4.6920968e-01
   4.6116007e-01
   4.5306606e-01
   4.4492845e-01
   4.3674804e-01
   4.2852563e-01
   4.2026203e-01
   4.1195806e-01
   4.0361454e-01
   3.9523229e-01
   3.8681212e-01
   3.7835488e-01
   3.6986140e-01
   3.6133250e-01
   3.5276903e-01
   3.4417183e-01
   3.3554175e-01
   3.2687963e-01
   3.1818634e-01
   3.0946271e-01
   3.0070962e-01
   2.9192791e-01
   2.8311846e-01
   2.7428214e-01
   2.6541980e-01
   2.5653232e-01
   2.4762057e-01
   2.3868543e-01
   2.2972778e-01
   2.2074849e-01
   2.1174846e-01
   2.0272855e-01
   1.9368967e-01
   1.8463269e-01
   1.7555851e-01
   1.6646801e-01
   1.5736209e-01
   1.4824164e-01
   1.3910756e-01
   1.2996075e-01
   1.2080209e-01
   1.1163250e-01
   1.0245287e-01
   9.3264091e-02
   8.4067078e-02
   7.4862728e-02
   6.5651945e-02
   5.6435631e-02
   4.7214690e-02
   3.7990026e-02
   2.8762543e-02
   1.9533146e-02
   1.0302739e-02
   1.0722268e-03
  -8.1574856e-03
  -1.7385494e-02
  -2.6610895e-02
  -3.5832784e-02
  -4.5050259e-02
  -5.4262415e-02
  -6.3468352e-02
  -7.2667167e-02
  -8.1857960e-02
  -9.1039832e-02
  -1.0021188e-01
  -1.0937321e-01
  -1.1852293e-01
  -1.2766014e-01
  -1.3678394e-01
  -1.4589344e-01
  -1.5498776e-01
  -1.6406599e-01
  -1.7312726e-01
  -1.8217068e-01
  -1.9119536e-01
  -2.0020042e-01
  -2.0918498e-01
  -2.1814816e-01
  -2.2708909e-01
  -2.3600689e-01
  -2.4490069e-01
  -2.5376961e-01
  -2.6261281e-01
  -2.7142940e-01
  -2.8021853e-01
  -2.8897934e-01
  -2.9771098e-01
  -3.0641258e-01
  -3.1508331e-01
  -3.2372232e-01
  -3.3232875e-01
  -3.4090178e-01
  -3.4944056e-01
  -3.5794427e-01
  -3.6641206e-01
  -3.7484312e-01
  -3.8323663e-01
  -3.9159175e-01
  -3.9990769e-01
  -4.0818362e-01
  -4.1641875e-01
  -4.2461226e-01
  -4.3276337e-01
  -4.4087126e-01
  -4.4893517e-01
  -4.5695429e-01
  -4.6492784e-01
  -4.7285506e-01
  -4.8073517e-01
  -4.8856739e-01
  -4.9635098e-01
  -5.0408516e-01
  -5.1176919e-01
  -5.1940232e-01
  -5.2698380e-01
  -5.3451290e-01
  -5.4198889e-01
  -5.4941103e-01
  -5.5677861e-01
  -5.6409091e-01
  -5.7134722e-01
  -5.7854683e-01
  -5.8568904e-01
  -5.9277316e-01
  -5.9979850e-01
  -6.0676438e-01
  -6.1367012e-01
  -6.2051504e-01
  -6.2729849e-01
  -6.3401981e-01
  -6.4067834e-01
  -6.4727344e-01
  -6.5380447e-01
  -6.6027079e-01
  -6.6667177e-01
  -6.7300680e-01
  -6.7927526e-01
  -6.8547655e-01
  -6.9161006e-01
  -6.9767519e-01
  -7.0367137e-01
  -7.0959800e-01
  -7.1545452e-01
  -7.2124036e-01
  -7.2695496e-01
  -7.3259776e-01
  -7.3816822e-01
  -7.4366580e-01
  -7.4908998e-01
  -7.5444021e-01
  -7.5971600e-01
  -7.6491682e-01
  -7.7004218e-01
  -7.7509158e-01
  -7.8006453e-01
  -7.8496056e-01
  -7.8977919e-01
  -7.9451995e-01
  -7.9918240e-01
  -8.0376607e-01
  -8.0827054e-01
  -8.1269536e-01
  -8.1704012e-01
  -8.2130438e-01
  -8.2548775e-01
  -8.2958981e-01
  -8.3361019e-01
  -8.3754848e-01
  -8.4140431e-01
  -8.4517732e-01
  -8.4886714e-01
  -8.5247342e-01
  -8.5599581e-01
  -8.5943397e-01
  -8.6278758e-01
  -8.6605632e-01
  -8.6923988e-01
  -8.7233794e-01
  -8.7535022e-01
  -8.7827643e-01
  -8.8111628e-01
  -8.8386952e-01
  -8.8653588e-01
  -8.8911511e-01
  -8.9160696e-01
  -8.9401119e-01
  -8.9632759e-01
  -8.9855592e-01
  -9.0069599e-01
  -9.0274759e-01
  -9.0471053e-01
  -9.0658462e-01
  -9.0836969e-01
  -9.1006558e-01
  -9.1167212e-01
  -9.1318917e-01
  -9.1461658e-01
  -9.1595424e-01
  -9.1720200e-01
  -9.1835977e-01
  -9.1942744e-01
  -9.2040490e-01
  -9.2129208e-01
  -9.2208889e-01
  -9.2279527e-01
  -9.2341115e-01
  -9.2393649e-01
  -9.2437124e-01
  -9.2471537e-01
  -9.2496885e-01
  -9.2513167e-01
  -9.2520382e-01
  -9.2518530e-01
  -9.2507613e-01
  -9.2487631e-01
  -9.2458589e-01
  -9.2420489e-01
  -9.2373337e-01
  -9.2317138e-01
  -9.2251898e-01
  -9.2177624e-01
  -9.2094326e-01
  -9.2002011e-01
  -9.1900690e-01
  -9.1790373e-01
  -9.1671073e-01
  -9.1542801e-01
  -9.1405572e-01
  -9.1259399e-01
  -9.1104298e-01
  -9.0940285e-01
  -9.0767377e-01
  -9.0585592e-01
  -9.0394947e-01
  -9.0195464e-01
  -8.9987161e-01
  -8.9770062e-01
  -8.9544187e-01
  -8.9309559e-01
  -8.9066203e-01
  -8.8814144e-01
  -8.8553406e-01
  -8.8284016e-01
  -8.8006002e-01
  -8.7719391e-01
  -8.7424213e-01
  -8.7120497e-01
  -8.6808273e-01
  -8.6487574e-01
  -8.6158431e-01
  -8.5820878e-01
  -8.5474948e-01
  -8.5120677e-01
  -8.4758099e-01
  -8.4387251e-01
  -8.4008171e-01
  -8.3620895e-01
  -8.3225464e-01
  -8.2821916e-01
  -8.2410292e-01
  -8.1990632e-01
  -8.1562980e-01
  -8.1127377e-01
  -8.0683867e-01
  -8.0232494e-01
  -7.9773303e-01
  -7.9306341e-01
  -7.8831653e-01
  -7.8349286e-01
  -7.7859290e-01
  -7.7361712e-01
  -7.6856602e-01
  -7.6344010e-01
  -7.5823988e-01
  -7.5296586e-01
  -7.4761858e-01
  -7.4219856e-01
  -7.3670635e-01
  -7.3114248e-01
  -7.2550752e-01
  -7.1980201e-01
  -7.1402653e-01
  -7.0818165e-01
  -7.0226794e-01
  -6.9628600e-01
  -6.9023642e-01
  -6.8411979e-01
  -6.7793672e-01
  -6.7168783e-01
  -6.6537373e-01
  -6.5899506e-01
  -6.5255243e-01
  -6.4604648e-01
  -6.3947787e-01
  -6.3284724e-01
  -6.2615525e-01
  -6.1940256e-01
  -6.1258983e-01
  -6.0571774e-01
  -5.9878697e-01
  -5.9179820e-01
  -5.8475213e-01
  -5.7764945e-01
  -5.7049086e-01
  -5.6327707e-01
  -5.5600879e-01
  -5.4868674e-01
  -5.4131164e-01
  -5.3388422e-01
  -5.2640521e-01
  -5.1887536e-01
  -5.1129539e-01
  -5.0366607e-01
  -4.9598814e-01
  -4.8826236e-01
  -4.8048949e-01
  -4.7267030e-01
  -4.6480556e-01
  -4.5689604e-01
  -4.4894253e-01
  -4.4094580e-01
  -4.3290665e-01
  -4.2482587e-01
  -4.1670425e-01
  -4.0854259e-01
  -4.0034170e-01
  -3.9210238e-01
  -3.8382545e-01
  -3.7551172e-01
  -3.6716200e-01
  -3.5877713e-01
  -3.5035792e-01
  -3.4190520e-01
  -3.3341981e-01
  -3.2490258e-01
  -3.1635435e-01
  -3.0777595e-01
  -2.9916823e-01
  -2.9053205e-01
  -2.8186824e-01
  -2.7317766e-01
  -2.6446116e-01
  -2.5571960e-01
  -2.4695384e-01
  -2.3816474e-01
  -2.2935316e-01
  -2.2051997e-01
  -2.1166604e-01
  -2.0279223e-01
  -1.9389943e-01
  -1.8498849e-01
  -1.7606030e-01
  -1.6711573e-01
  -1.5815566e-01
  -1.4918098e-01
  -1.4019255e-01
  -1.3119127e-01
  -1.2217801e-01
  -1.1315367e-01
  -1.0411912e-01
  -9.5075255e-02
  -8.6022959e-02
  -7.6963120e-02
  -6.7896628e-02
  -5.8824371e-02
  -4.9747239e-02
  -4.0666121e-02
  -3.1581908e-02
  -2.2495491e-02
  -1.3407760e-02
  -4.3196055e-03
   4.7680817e-03
   1.3854411e-02
   2.2938493e-02
   3.2019436e-02
   4.1096352e-02
   5.0168352e-02
   5.9234547e-02
   6.8294049e-02
   7.7345971e-02
   8.6389426e-02
   9.5423531e-02
   1.0444740e-01
   1.1346015e-01
   1.2246090e-01
   1.3144876e-01
   1.4042287e-01
   1.4938233e-01
   1.5832628e-01
   1.6725384e-01
   1.7616413e-01
   1.8505629e-01
   1.9392945e-01
   2.0278273e-01
   2.1161527e-01
   2.2042621e-01
   2.2921469e-01
   2.3797985e-01
   2.4672082e-01
   2.5543677e-01
   2.6412683e-01
   2.7279015e-01
   2.8142590e-01
   2.9003322e-01
   2.9861128e-01
   3.0715924e-01
   3.1567626e-01
   3.2416152e-01
   3.3261418e-01
   3.4103341e-01
   3.4941841e-01
   3.5776834e-01
   3.6608239e-01
   3.7435976e-01
   3.8259964e-01
   3.9080121e-01
   3.9896369e-01
   4.0708627e-01
   4.1516817e-01
   4.2320859e-01
   4.3120675e-01
   4.3916188e-01
   4.4707319e-01
   4.5493992e-01
   4.6276130e-01
   4.7053656e-01
   4.7826496e-01
   4.8594573e-01
   4.9357813e-01
   5.0116142e-01
   5.0869486e-01
   5.1617771e-01
   5.2360924e-01
   5.3098874e-01
   5.3831549e-01
   5.4558877e-01
   5.5280787e-01
   5.5997209e-01
   5.6708075e-01
   5.7413313e-01
   5.8112857e-01
   5.8806637e-01
   5.9494587e-01
   6.0176640e-01
   6.0852729e-01
   6.1522789e-01
   6.2186754e-01
   6.2844561e-01
   6.3496146e-01
   6.4141444e-01
   6.4780394e-01
   6.5412933e-01
   6.6039001e-01
   6.6658536e-01
   6.7271478e-01
   6.7877769e-01
   6.8477348e-01
   6.9070159e-01
   6.9656144e-01
   7.0235245e-01
   7.0807407e-01
   7.1372575e-01
   7.1930694e-01
   7.2481709e-01
   7.3025568e-01
   7.3562217e-01
   7.4091606e-01
   7.4613683e-01
   7.5128397e-01
   7.5635699e-01
   7.6135539e-01
   7.6627870e-01
   7.7112644e-01
   7.7589814e-01
   7.8059334e-01
   7.8521160e-01
   7.8975245e-01
   7.9421548e-01
   7.9860024e-01
   8.0290631e-01
   8.0713329e-01
   8.1128076e-01
   8.1534833e-01
   8.1933560e-01
   8.2324219e-01
   8.2706773e-01
   8.3081186e-01
   8.3447420e-01
   8.3805441e-01
   8.4155216e-01
   8.4496709e-01
   8.4829889e-01
   8.5154724e-01
   8.5471183e-01
   8.5779236e-01
   8.6078852e-01
   8.6370005e-01
   8.6652665e-01
   8.6926807e-01
   8.7192404e-01
   8.7449431e-01
   8.7697863e-01
   8.7937678e-01
   8.8168852e-01
   8.8391364e-01
   8.8605192e-01
   8.8810317e-01
   8.9006719e-01
   8.9194380e-01
   8.9373283e-01
   8.9543410e-01
   8.9704747e-01
   8.9857277e-01
   9.0000987e-01
   9.0135864e-01
   9.0261895e-01
   9.0379069e-01
   9.0487376e-01
   9.0586804e-01
   9.0677347e-01
   9.0758995e-01
   9.0831741e-01
   9.0895580e-01
   9.0950506e-01
   9.0996514e-01
   9.1033600e-01
   9.1061763e-01
   9.1081000e-01
   9.1091309e-01
   9.1092692e-01
   9.1085148e-01
   9.1068680e-01
   9.1043289e-01
   9.1008980e-01
   9.0965755e-01
   9.0913622e-01
   9.0852584e-01
   9.0782650e-01
   9.0703827e-01
   9.0616124e-01
   9.0519550e-01
   9.0414115e-01
   9.0299831e-01
   9.0176709e-01
   9.0044763e-01
   8.9904007e-01
   8.9754454e-01
   8.9596121e-01
   8.9429025e-01
   8.9253181e-01
   8.9068608e-01
   8.8875326e-01
   8.8673354e-01
   8.8462712e-01
   8.8243423e-01
   8.8015508e-01
   8.7778991e-01
   8.7533895e-01
   8.7280246e-01
   8.7018069e-01
   8.6747391e-01
   8.6468239e-01
   8.6180641e-01
   8.5884627e-01
   8.5580226e-01
   8.5267468e-01
   8.4946386e-01
   8.4617011e-01
   8.4279377e-01
   8.3933518e-01
   8.3579468e-01
   8.3217262e-01
   8.2846937e-01
   8.2468531e-01
   8.2082080e-01
   8.1687624e-01
   8.1285202e-01
   8.0874855e-01
   8.0456622e-01
   8.0030547e-01
   7.9596671e-01
   7.9155038e-01
   7.8705692e-01
   7.8248677e-01
   7.7784040e-01
   7.7311826e-01
   7.6832082e-01
   7.6344857e-01
   7.5850198e-01
   7.5348156e-01
   7.4838779e-01
   7.4322118e-01
   7.3798225e-01
   7.3267153e-01
   7.2728952e-01
   7.2183678e-01
   7.1631384e-01
   7.1072124e-01
   7.0505955e-01
   6.9932933e-01
   6.9353114e-01
   6.8766556e-01
   6.8173317e-01
   6.7573456e-01
   6.6967032e-01
   6.6354105e-01
   6.5734736e-01
   6.5108987e-01
   6.4476919e-01
   6.3838595e-01
   6.3194077e-01
   6.2543431e-01
   6.1886719e-01
   6.1224008e-01
   6.0555362e-01
   5.9880848e-01
   5.9200532e-01
   5.8514482e-01
   5.7822765e-01
   5.7125450e-01
   5.6422605e-01
   5.5714300e-01
   5.5000606e-01
   5.4281591e-01
   5.3557329e-01
   5.2827889e-01
   5.2093343e-01
   5.1353766e-01
   5.0609228e-01
   4.9859804e-01
   4.9105568e-01
   4.8346594e-01
   4.7582957e-01
   4.6814732e-01
   4.6041995e-01
   4.5264821e-01
   4.4483289e-01
   4.3697474e-01
   4.2907454e-01
   4.2113307e-01
   4.1315112e-01
   4.0512946e-01
   3.9706888e-01
   3.8897019e-01
   3.8083418e-01
   3.7266164e-01
   3.6445339e-01
   3.5621023e-01
   3.4793297e-01
   3.3962243e-01
   3.3127943e-01
   3.2290478e-01
   3.1449931e-01
   3.0606384e-01
   2.9759921e-01
   2.8910625e-01
   2.8058579e-01
   2.7203867e-01
   2.6346573e-01
   2.5486781e-01
   2.4624576e-01
   2.3760043e-01
   2.2893266e-01
   2.2024331e-01
   2.1153323e-01
   2.0280327e-01
   1.9405429e-01
   1.8528716e-01
   1.7650273e-01
   1.6770186e-01
   1.5888543e-01
   1.5005429e-01
   1.4120931e-01
   1.3235136e-01
   1.2348131e-01
   1.1460002e-01
   1.0570838e-01
   9.6807254e-02
   8.7897511e-02
   7.8980028e-02
   7.0055680e-02
   6.1125342e-02
   5.2189889e-02
   4.3250197e-02
   3.4307143e-02
   2.5361604e-02
   1.6414456e-02
   7.4665770e-03
  -1.4811574e-03
  -1.0427870e-02
  -1.9372684e-02
  -2.8314723e-02
  -3.7253111e-02
  -4.6186973e-02
  -5.5115433e-02
  -6.4037618e-02
  -7.2952654e-02
  -8.1859667e-02
  -9.0757786e-02
  -9.9646140e-02
  -1.0852386e-01
  -1.1739007e-01
  -1.2624391e-01
  -1.3508452e-01
  -1.4391102e-01
  -1.5272255e-01
  -1.6151826e-01
  -1.7029727e-01
  -1.7905874e-01
  -1.8780181e-01
  -1.9652561e-01
  -2.0522930e-01
  -2.1391203e-01
  -2.2257295e-01
  -2.3121120e-01
  -2.3982596e-01
  -2.4841637e-01
  -2.5698159e-01
  -2.6552080e-01
  -2.7403315e-01
  -2.8251781e-01
  -2.9097396e-01
  -2.9940076e-01
  -3.0779740e-01
  -3.1616306e-01
  -3.2449692e-01
  -3.3279816e-01
  -3.4106598e-01
  -3.4929956e-01
  -3.5749812e-01
  -3.6566083e-01
  -3.7378692e-01
  -3.8187558e-01
  -3.8992603e-01
  -3.9793748e-01
  -4.0590916e-01
  -4.1384027e-01
  -4.2173006e-01
  -4.2957775e-01
  -4.3738257e-01
  -4.4514377e-01
  -4.5286059e-01
  -4.6053228e-01
  -4.6815809e-01
  -4.7573728e-01
  -4.8326910e-01
  -4.9075283e-01
  -4.9818774e-01
  -5.0557311e-01
  -5.1290820e-01
  -5.2019232e-01
  -5.2742476e-01
  -5.3460480e-01
  -5.4173175e-01
  -5.4880492e-01
  -5.5582361e-01
  -5.6278716e-01
  -5.6969487e-01
  -5.7654609e-01
  -5.8334013e-01
  -5.9007635e-01
  -5.9675408e-01
  -6.0337269e-01
  -6.0993152e-01
  -6.1642994e-01
  -6.2286733e-01
  -6.2924304e-01
  -6.3555647e-01
  -6.4180701e-01
  -6.4799404e-01
  -6.5411696e-01
  -6.6017519e-01
  -6.6616814e-01
  -6.7209522e-01
  -6.7795586e-01
  -6.8374949e-01
  -6.8947555e-01
  -6.9513349e-01
  -7.0072276e-01
  -7.0624282e-01
  -7.1169314e-01
  -7.1707317e-01
  -7.2238242e-01
  -7.2762036e-01
  -7.3278649e-01
  -7.3788030e-01
  -7.4290131e-01
  -7.4784903e-01
  -7.5272298e-01
  -7.5752270e-01
  -7.6224771e-01
  -7.6689757e-01
  -7.7147183e-01
  -7.7597004e-01
  -7.8039177e-01
  -7.8473660e-01
  -7.8900410e-01
  -7.9319388e-01
  -7.9730551e-01
  -8.0133862e-01
  -8.0529281e-01
  -8.0916769e-01
  -8.1296291e-01
  -8.1667809e-01
  -8.2031289e-01
  -8.2386694e-01
  -8.2733992e-01
  -8.3073148e-01
  -8.3404131e-01
  -8.3726908e-01
  -8.4041449e-01
  -8.4347725e-01
  -8.4645705e-01
  -8.4935361e-01
  -8.5216666e-01
  -8.5489593e-01
  -8.5754117e-01
  -8.6010211e-01
  -8.6257852e-01
  -8.6497016e-01
  -8.6727681e-01
  -8.6949825e-01
  -8.7163427e-01
  -8.7368466e-01
  -8.7564925e-01
  -8.7752783e-01
  -8.7932025e-01
  -8.8102632e-01
  -8.8264589e-01
  -8.8417881e-01
  -8.8562495e-01
  -8.8698415e-01
  -8.8825631e-01
  -8.8944131e-01
  -8.9053903e-01
  -8.9154937e-01
  -8.9247226e-01
  -8.9330760e-01
  -8.9405533e-01
  -8.9471537e-01
  -8.9528767e-01
  -8.9577219e-01
  -8.9616889e-01
  -8.9647773e-01
  -8.9669869e-01
  -8.9683176e-01
  -8.9687694e-01
  -8.9683423e-01
  -8.9670364e-01
  -8.9648520e-01
  -8.9617893e-01
  -8.9578488e-01
  -8.9530308e-01
  -8.9473360e-01
  -8.9407651e-01
  -8.9333186e-01
  -8.9249975e-01
  -8.9158027e-01
  -8.9057351e-01
  -8.8947958e-01
  -8.8829859e-01
  -8.8703068e-01
  -8.8567597e-01
  -8.8423461e-01
  -8.8270674e-01
  -8.8109252e-01
  -8.7939213e-01
  -8.7760573e-01
  -8.7573350e-01
  -8.7377565e-01
  -8.7173237e-01
  -8.6960386e-01
  -8.6739035e-01
  -8.6509206e-01
  -8.6270923e-01
  -8.6024209e-01
  -8.5769090e-01
  -8.5505592e-01
  -8.5233740e-01
  -8.4953563e-01
  -8.4665089e-01
  -8.4368347e-01
  -8.4063366e-01
  -8.3750178e-01
  -8.3428814e-01
  -8.3099307e-01
  -8.2761688e-01
  -8.2415993e-01
  -8.2062256e-01
  -8.1700512e-01
  -8.1330798e-01
  -8.0953150e-01
  -8.0567607e-01
  -8.0174206e-01
  -7.9772988e-01
  -7.9363992e-01
  -7.8947260e-01
  -7.8522832e-01
  -7.8090751e-01
  -7.7651060e-01
  -7.7203804e-01
  -7.6749026e-01
  -7.6286772e-01
  -7.5817087e-01
  -7.5340020e-01
  -7.4855617e-01
  -7.4363926e-01
  -7.3864996e-01
  -7.3358877e-01
  -7.2845619e-01
  -7.2325273e-01
  -7.1797892e-01
  -7.1263526e-01
  -7.0722229e-01
  -7.0174056e-01
  -6.9619060e-01
  -6.9057296e-01
  -6.8488820e-01
  -6.7913689e-01
  -6.7331959e-01
  -6.6743688e-01
  -6.6148935e-01
  -6.5547758e-01
  -6.4940217e-01
  -6.4326372e-01
  -6.3706284e-01
  -6.3080013e-01
  -6.2447623e-01
  -6.1809176e-01
  -6.1164735e-01
  -6.0514363e-01
  -5.9858125e-01
  -5.9196086e-01
  -5.8528311e-01
  -5.7854866e-01
  -5.7175818e-01
  -5.6491234e-01
  -5.5801181e-01
  -5.5105728e-01
  -5.4404944e-01
  -5.3698897e-01
  -5.2987657e-01
  -5.2271294e-01
  -5.1549880e-01
  -5.0823485e-01
  -5.0092180e-01
  -4.9356039e-01
  -4.8615134e-01
  -4.7869538e-01
  -4.7119323e-01
  -4.6364565e-01
  -4.5605338e-01
  -4.4841716e-01
  -4.4073775e-01
  -4.3301591e-01
  -4.2525239e-01
  -4.1744796e-01
  -4.0960339e-01
  -4.0171945e-01
  -3.9379691e-01
  -3.8583657e-01
  -3.7783920e-01
  -3.6980558e-01
  -3.6173652e-01
  -3.5363280e-01
  -3.4549522e-01
  -3.3732459e-01
  -3.2912170e-01
  -3.2088736e-01
  -3.1262239e-01
  -3.0432759e-01
  -2.9600378e-01
  -2.8765179e-01
  -2.7927242e-01
  -2.7086651e-01
  -2.6243489e-01
  -2.5397837e-01
  -2.4549779e-01
  -2.3699399e-01
  -2.2846780e-01
  -2.1992005e-01
  -2.1135160e-01
  -2.0276327e-01
  -1.9415591e-01
  -1.8553038e-01
  -1.7688751e-01
  -1.6822815e-01
  -1.5955315e-01
  -1.5086337e-01
  -1.4215966e-01
  -1.3344288e-01
  -1.2471387e-01
  -1.1597349e-01
  -1.0722261e-01
  -9.8462076e-02
  -8.9692753e-02
  -8.0915501e-02
  -7.2131181e-02
  -6.3340652e-02
  -5.4544779e-02
  -4.5744422e-02
  -3.6940445e-02
  -2.8133712e-02
  -1.9325084e-02
  -1.0515426e-02
  -1.7056003e-03
   7.1035289e-03
   1.5911099e-02
   2.4716247e-02
   3.3518109e-02
   4.2315825e-02
   5.1108533e-02
   5.9895370e-02
   6.8675478e-02
   7.7447995e-02
   8.6212064e-02
   9.4966826e-02
   1.0371142e-01
   1.1244500e-01
   1.2116671e-01
   1.2987568e-01
   1.3857108e-01
   1.4725205e-01
   1.5591773e-01
   1.6456729e-01
   1.7319988e-01
   1.8181464e-01
   1.9041075e-01
   1.9898735e-01
   2.0754362e-01
   2.1607871e-01
   2.2459179e-01
   2.3308203e-01
   2.4154860e-01
   2.4999067e-01
   2.5840741e-01
   2.6679801e-01
   2.7516164e-01
   2.8349749e-01
   2.9180474e-01
   3.0008259e-01
   3.0833021e-01
   3.1654682e-01
   3.2473160e-01
   3.3288376e-01
   3.4100251e-01
   3.4908704e-01
   3.5713657e-01
   3.6515032e-01
   3.7312750e-01
   3.8106733e-01
   3.8896905e-01
   3.9683188e-01
   4.0465505e-01
   4.1243780e-01
   4.2017938e-01
   4.2787902e-01
   4.3553598e-01
   4.4314951e-01
   4.5071887e-01
   4.5824333e-01
   4.6572214e-01
   4.7315458e-01
   4.8053993e-01
   4.8787747e-01
   4.9516648e-01
   5.0240626e-01
   5.0959609e-01
   5.1673529e-01
   5.2382315e-01
   5.3085899e-01
   5.3784212e-01
   5.4477186e-01
   5.5164754e-01
   5.5846849e-01
   5.6523404e-01
   5.7194355e-01
   5.7859635e-01
   5.8519181e-01
   5.9172927e-01
   5.9820811e-01
   6.0462770e-01
   6.1098741e-01
   6.1728663e-01
   6.2352474e-01
   6.2970114e-01
   6.3581523e-01
   6.4186642e-01
   6.4785412e-01
   6.5377774e-01
   6.5963673e-01
   6.6543050e-01
   6.7115850e-01
   6.7682017e-01
   6.8241496e-01
   6.8794233e-01
   6.9340175e-01
   6.9879269e-01
   7.0411463e-01
   7.0936705e-01
   7.1454944e-01
   7.1966130e-01
   7.2470215e-01
   7.2967149e-01
   7.3456883e-01
   7.3939372e-01
   7.4414568e-01
   7.4882426e-01
   7.5342900e-01
   7.5795946e-01
   7.6241521e-01
   7.6679581e-01
   7.7110084e-01
   7.7532989e-01
   7.7948255e-01
   7.8355842e-01
   7.8755711e-01
   7.9147823e-01
   7.9532141e-01
   7.9908629e-01
   8.0277249e-01
   8.0637966e-01
   8.0990747e-01
   8.1335557e-01
   8.1672362e-01
   8.2001132e-01
   8.2321834e-01
   8.2634438e-01
   8.2938914e-01
   8.3235233e-01
   8.3523366e-01
   8.3803287e-01
   8.4074968e-01
   8.4338385e-01
   8.4593511e-01
   8.4840323e-01
   8.5078797e-01
   8.5308911e-01
   8.5530642e-01
   8.5743971e-01
   8.5948877e-01
   8.6145341e-01
   8.6333344e-01
   8.6512869e-01
   8.6683898e-01
   8.6846417e-01
   8.7000410e-01
   8.7145862e-01
   8.7282761e-01
   8.7411093e-01
   8.7530848e-01
   8.7642013e-01
   8.7744580e-01
   8.7838538e-01
   8.7923880e-01
   8.8000598e-01
   8.8068685e-01
   8.8128135e-01
   8.8178944e-01
   8.8221107e-01
   8.8254622e-01
   8.8279485e-01
   8.8295695e-01
   8.8303251e-01
   8.8302153e-01
   8.8292403e-01
   8.8274002e-01
   8.8246953e-01
   8.8211259e-01
   8.8166925e-01
   8.8113956e-01
   8.8052357e-01
   8.7982137e-01
   8.7903302e-01
   8.7815860e-01
   8.7719823e-01
   8.7615199e-01
   8.7501999e-01
   8.7380237e-01
   8.7249924e-01
   8.7111074e-01
   8.6963702e-01
   8.6807822e-01
   8.6643452e-01
   8.6470607e-01
   8.6289306e-01
   8.6099567e-01
   8.5901410e-01
   8.5694855e-01
   8.5479923e-01
   8.5256635e-01
   8.5025016e-01
   8.4785087e-01
   8.4536873e-01
   8.4280401e-01
   8.4015694e-01
   8.3742781e-01
   8.3461689e-01
   8.3172445e-01
   8.2875080e-01
   8.2569623e-01
   8.2256105e-01
   8.1934558e-01
   8.1605013e-01
   8.1267504e-01
   8.0922064e-01
   8.0568729e-01
   8.0207533e-01
   7.9838514e-01
   7.9461707e-01
   7.9077150e-01
   7.8684882e-01
   7.8284943e-01
   7.7877371e-01
   7.7462208e-01
   7.7039496e-01
   7.6609275e-01
   7.6171590e-01
   7.5726484e-01
   7.5274000e-01
   7.4814185e-01
   7.4347084e-01
   7.3872744e-01
   7.3391211e-01
   7.2902533e-01
   7.2406760e-01
   7.1903940e-01
   7.1394124e-01
   7.0877361e-01
   7.0353704e-01
   6.9823204e-01
   6.9285914e-01
   6.8741888e-01
   6.8191179e-01
   6.7633841e-01
   6.7069931e-01
   6.6499504e-01
   6.5922616e-01
   6.5339325e-01
   6.4749689e-01
   6.4153766e-01
   6.3551614e-01
   6.2943294e-01
   6.2328866e-01
   6.1708391e-01
   6.1081929e-01
   6.0449543e-01
   5.9811296e-01
   5.9167251e-01
   5.8517470e-01
   5.7862020e-01
   5.7200963e-01
   5.6534367e-01
   5.5862295e-01
   5.5184816e-01
   5.4501995e-01
   5.3813901e-01
   5.3120601e-01
   5.2422163e-01
   5.1718657e-01
   5.1010152e-01
   5.0296718e-01
   4.9578425e-01
   4.8855345e-01
   4.8127548e-01
   4.7395106e-01
   4.6658092e-01
   4.5916578e-01
   4.5170637e-01
   4.4420343e-01
   4.3665770e-01
   4.2906992e-01
   4.2144083e-01
   4.1377120e-01
   4.0606177e-01
   3.9831331e-01
   3.9052658e-01
   3.8270234e-01
   3.7484137e-01
   3.6694444e-01
   3.5901232e-01
   3.5104581e-01
   3.4304567e-01
   3.3501270e-01
   3.2694769e-01
   3.1885144e-01
   3.1072473e-01
   3.0256837e-01
   2.9438316e-01
   2.8616991e-01
   2.7792942e-01
   2.6966250e-01
   2.6136997e-01
   2.5305264e-01
   2.4471133e-01
   2.3634685e-01
   2.2796004e-01
   2.1955171e-01
   2.1112269e-01
   2.0267381e-01
   1.9420589e-01
   1.8571978e-01
   1.7721629e-01
   1.6869628e-01
   1.6016057e-01
   1.5161000e-01
   1.4304542e-01
   1.3446765e-01
   1.2587755e-01
   1.1727596e-01
   1.0866371e-01
   1.0004167e-01
   9.1410663e-02
   8.2771547e-02
   7.4125167e-02
   6.5472370e-02
   5.6814005e-02
   4.8150921e-02
   3.9483969e-02
   3.0813996e-02
   2.2141853e-02
   1.3468391e-02
   4.7944585e-03
  -3.8790937e-03
  -1.2551416e-02
  -2.1221658e-02
  -2.9888972e-02
  -3.8552507e-02
  -4.7211415e-02
  -5.5864849e-02
  -6.4511960e-02
  -7.3151903e-02
  -8.1783831e-02
  -9.0406899e-02
  -9.9020263e-02
  -1.0762308e-01
  -1.1621451e-01
  -1.2479371e-01
  -1.3335983e-01
  -1.4191206e-01
  -1.5044953e-01
  -1.5897143e-01
  -1.6747692e-01
  -1.7596516e-01
  -1.8443532e-01
  -1.9288659e-01
  -2.0131812e-01
  -2.0972910e-01
  -2.1811871e-01
  -2.2648612e-01
  -2.3483051e-01
  -2.4315108e-01
  -2.5144700e-01
  -2.5971748e-01
  -2.6796169e-01
  -2.7617884e-01
  -2.8436812e-01
  -2.9252873e-01
  -3.0065988e-01
  -3.0876076e-01
  -3.1683060e-01
  -3.2486860e-01
  -3.3287398e-01
  -3.4084596e-01
  -3.4878376e-01
  -3.5668660e-01
  -3.6455371e-01
  -3.7238433e-01
  -3.8017770e-01
  -3.8793304e-01
  -3.9564962e-01
  -4.0332666e-01
  -4.1096344e-01
  -4.1855919e-01
  -4.2611318e-01
  -4.3362468e-01
  -4.4109295e-01
  -4.4851727e-01
  -4.5589691e-01
  -4.6323115e-01
  -4.7051929e-01
  -4.7776060e-01
  -4.8495438e-01
  -4.9209994e-01
  -4.9919658e-01
  -5.0624361e-01
  -5.1324034e-01
  -5.2018609e-01
  -5.2708019e-01
  -5.3392196e-01
  -5.4071074e-01
  -5.4744587e-01
  -5.5412670e-01
  -5.6075258e-01
  -5.6732286e-01
  -5.7383690e-01
  -5.8029407e-01
  -5.8669375e-01
  -5.9303531e-01
  -5.9931813e-01
  -6.0554162e-01
  -6.1170515e-01
  -6.1780814e-01
  -6.2385000e-01
  -6.2983013e-01
  -6.3574795e-01
  -6.4160290e-01
  -6.4739441e-01
  -6.5312191e-01
  -6.5878485e-01
  -6.6438268e-01
  -6.6991485e-01
  -6.7538084e-01
  -6.8078012e-01
  -6.8611215e-01
  -6.9137643e-01
  -6.9657244e-01
  -7.0169969e-01
  -7.0675768e-01
  -7.1174592e-01
  -7.1666392e-01
  -7.2151121e-01
  -7.2628733e-01
  -7.3099181e-01
  -7.3562420e-01
  -7.4018405e-01
  -7.4467093e-01
  -7.4908439e-01
  -7.5342402e-01
  -7.5768939e-01
  -7.6188010e-01
  -7.6599575e-01
  -7.7003592e-01
  -7.7400025e-01
  -7.7788835e-01
  -7.8169983e-01
  -7.8543435e-01
  -7.8909153e-01
  -7.9267103e-01
  -7.9617251e-01
  -7.9959563e-01
  -8.0294006e-01
  -8.0620548e-01
  -8.0939158e-01
  -8.1249805e-01
  -8.1552461e-01
  -8.1847095e-01
  -8.2133681e-01
  -8.2412189e-01
  -8.2682595e-01
  -8.2944873e-01
  -8.3198997e-01
  -8.3444943e-01
  -8.3682688e-01
  -8.3912210e-01
  -8.4133487e-01
  -8.4346498e-01
  -8.4551223e-01
  -8.4747643e-01
  -8.4935739e-01
  -8.5115494e-01
  -8.5286890e-01
  -8.5449913e-01
  -8.5604546e-01
  -8.5750775e-01
  -8.5888588e-01
  -8.6017971e-01
  -8.6138912e-01
  -8.6251400e-01
  -8.6355426e-01
  -8.6450980e-01
  -8.6538052e-01
  -8.6616637e-01
  -8.6686726e-01
  -8.6748314e-01
  -8.6801395e-01
  -8.6845965e-01
  -8.6882021e-01
  -8.6909559e-01
  -8.6928579e-01
  -8.6939079e-01
  -8.6941058e-01
  -8.6934518e-01
  -8.6919460e-01
  -8.6895886e-01
  -8.6863799e-01
  -8.6823204e-01
  -8.6774105e-01
  -8.6716507e-01
  -8.6650418e-01
  -8.6575844e-01
  -8.6492794e-01
  -8.6401277e-01
  -8.6301302e-01
  -8.6192881e-01
  -8.6076024e-01
  -8.5950743e-01
  -8.5817053e-01
  -8.5674966e-01
  -8.5524498e-01
  -8.5365665e-01
  -8.5198481e-01
  -8.5022966e-01
  -8.4839136e-01
  -8.4647011e-01
  -8.4446610e-01
  -8.4237954e-01
  -8.4021064e-01
  -8.3795962e-01
  -8.3562670e-01
  -8.3321213e-01
  -8.3071616e-01
  -8.2813902e-01
  -8.2548099e-01
  -8.2274232e-01
  -8.1992331e-01
  -8.1702422e-01
  -8.1404536e-01
  -8.1098703e-01
  -8.0784952e-01
  -8.0463316e-01
  -8.0133827e-01
  -7.9796518e-01
  -7.9451423e-01
  -7.9098576e-01
  -7.8738012e-01
  -7.8369769e-01
  -7.7993882e-01
  -7.7610389e-01
  -7.7219328e-01
  -7.6820740e-01
  -7.6414662e-01
  -7.6001137e-01
  -7.5580204e-01
  -7.5151907e-01
  -7.4716288e-01
  -7.4273389e-01
  -7.3823257e-01
  -7.3365934e-01
  -7.2901467e-01
  -7.2429901e-01
  -7.1951285e-01
  -7.1465665e-01
  -7.0973089e-01
  -7.0473607e-01
  -6.9967269e-01
  -6.9454124e-01
  -6.8934223e-01
  -6.8407618e-01
  -6.7874362e-01
  -6.7334507e-01
  -6.6788106e-01
  -6.6235215e-01
  -6.5675887e-01
  -6.5110179e-01
  -6.4538145e-01
  -6.3959844e-01
  -6.3375332e-01
  -6.2784667e-01
  -6.2187908e-01
  -6.1585113e-01
  -6.0976343e-01
  -6.0361657e-01
  -5.9741116e-01
  -5.9114783e-01
  -5.8482718e-01
  -5.7844984e-01
  -5.7201644e-01
  -5.6552762e-01
  -5.5898403e-01
  -5.5238629e-01
  -5.4573508e-01
  -5.3903104e-01
  -5.3227484e-01
  -5.2546714e-01
  -5.1860862e-01
  -5.1169995e-01
  -5.0474182e-01
  -4.9773491e-01
  -4.9067991e-01
  -4.8357752e-01
  -4.7642844e-01
  -4.6923338e-01
  -4.6199304e-01
  -4.5470814e-01
  -4.4737940e-01
  -4.4000754e-01
  -4.3259328e-01
  -4.2513736e-01
  -4.1764051e-01
  -4.1010347e-01
  -4.0252698e-01
  -3.9491179e-01
  -3.8725865e-01
  -3.7956832e-01
  -3.7184154e-01
  -3.6407908e-01
  -3.5628170e-01
  -3.4845018e-01
  -3.4058528e-01
  -3.3268778e-01
  -3.2475845e-01
  -3.1679808e-01
  -3.0880744e-01
  -3.0078732e-01
  -2.9273852e-01
  -2.8466182e-01
  -2.7655801e-01
  -2.6842791e-01
  -2.6027229e-01
  -2.5209197e-01
  -2.4388775e-01
  -2.3566043e-01
  -2.2741083e-01
  -2.1913975e-01
  -2.1084801e-01
  -2.0253642e-01
  -1.9420579e-01
  -1.8585696e-01
  -1.7749073e-01
  -1.6910792e-01
  -1.6070937e-01
  -1.5229589e-01
  -1.4386831e-01
  -1.3542747e-01
  -1.2697417e-01
  -1.1850927e-01
  -1.1003358e-01
  -1.0154794e-01
  -9.3053177e-02
  -8.4550131e-02
  -7.6039633e-02
  -6.7522517e-02
  -5.8999620e-02
  -5.0471776e-02
  -4.1939823e-02
  -3.3404596e-02
  -2.4866931e-02
  -1.6327667e-02
  -7.7876395e-03
   7.5231435e-04
   9.2913576e-03
   1.7828654e-02
   2.6363366e-02
   3.4894659e-02
   4.3421696e-02
   5.1943643e-02
   6.0459665e-02
   6.8968928e-02
   7.7470599e-02
   8.5963845e-02
   9.4447836e-02
   1.0292174e-01
   1.1138473e-01
   1.1983597e-01
   1.2827465e-01
   1.3669992e-01
   1.4511098e-01
   1.5350699e-01
   1.6188714e-01
   1.7025060e-01
   1.7859656e-01
   1.8692420e-01
   1.9523271e-01
   2.0352128e-01
   2.1178909e-01
   2.2003533e-01
   2.2825921e-01
   2.3645991e-01
   2.4463664e-01
   2.5278859e-01
   2.6091498e-01
   2.6901500e-01
   2.7708787e-01
   2.8513279e-01
   2.9314899e-01
   3.0113567e-01
   3.0909207e-01
   3.1701739e-01
   3.2491088e-01
   3.3277175e-01
   3.4059924e-01
   3.4839260e-01
   3.5615104e-01
   3.6387383e-01
   3.7156021e-01
   3.7920942e-01
   3.8682073e-01
   3.9439338e-01
   4.0192665e-01
   4.0941979e-01
   4.1687208e-01
   4.2428279e-01
   4.3165120e-01
   4.3897659e-01
   4.4625824e-01
   4.5349545e-01
   4.6068752e-01
   4.6783374e-01
   4.7493341e-01
   4.8198585e-01
   4.8899037e-01
   4.9594628e-01
   5.0285292e-01
   5.0970960e-01
   5.1651567e-01
   5.2327045e-01
   5.2997330e-01
   5.3662356e-01
   5.4322058e-01
   5.4976373e-01
   5.5625236e-01
   5.6268585e-01
   5.6906357e-01
   5.7538491e-01
   5.8164924e-01
   5.8785596e-01
   5.9400447e-01
   6.0009417e-01
   6.0612448e-01
   6.1209479e-01
   6.1800454e-01
   6.2385316e-01
   6.2964006e-01
   6.3536471e-01
   6.4102653e-01
   6.4662498e-01
   6.5215953e-01
   6.5762962e-01
   6.6303474e-01
   6.6837435e-01
   6.7364795e-01
   6.7885502e-01
   6.8399506e-01
   6.8906757e-01
   6.9407206e-01
   6.9900805e-01
   7.0387506e-01
   7.0867262e-01
   7.1340026e-01
   7.1805754e-01
   7.2264400e-01
   7.2715919e-01
   7.3160269e-01
   7.3597406e-01
   7.4027289e-01
   7.4449875e-01
   7.4865125e-01
   7.5272998e-01
   7.5673455e-01
   7.6066457e-01
   7.6451968e-01
   7.6829948e-01
   7.7200364e-01
   7.7563178e-01
   7.7918356e-01
   7.8265864e-01
   7.8605668e-01
   7.8937737e-01
   7.9262038e-01
   7.9578540e-01
   7.9887214e-01
   8.0188029e-01
   8.0480956e-01
   8.0765969e-01
   8.1043040e-01
   8.1312142e-01
   8.1573249e-01
   8.1826338e-01
   8.2071384e-01
   8.2308364e-01
   8.2537255e-01
   8.2758035e-01
   8.2970685e-01
   8.3175183e-01
   8.3371511e-01
   8.3559650e-01
   8.3739583e-01
   8.3911292e-01
   8.4074762e-01
   8.4229977e-01
   8.4376924e-01
   8.4515588e-01
   8.4645956e-01
   8.4768018e-01
   8.4881761e-01
   8.4987175e-01
   8.5084251e-01
   8.5172980e-01
   8.5253354e-01
   8.5325367e-01
   8.5389011e-01
   8.5444281e-01
   8.5491174e-01
   8.5529685e-01
   8.5559810e-01
   8.5581549e-01
   8.5594900e-01
   8.5599861e-01
   8.5596434e-01
   8.5584620e-01
   8.5564421e-01
   8.5535839e-01
   8.5498878e-01
   8.5453543e-01
   8.5399839e-01
   8.5337771e-01
   8.5267347e-01
   8.5188575e-01
   8.5101463e-01
   8.5006020e-01
   8.4902257e-01
   8.4790185e-01
   8.4669814e-01
   8.4541159e-01
   8.4404232e-01
   8.4259048e-01
   8.4105621e-01
   8.3943968e-01
   8.3774105e-01
   8.3596050e-01
   8.3409820e-01
   8.3215436e-01
   8.3012916e-01
   8.2802281e-01
   8.2583553e-01
   8.2356755e-01
   8.2121908e-01
   8.1879037e-01
   8.1628167e-01
   8.1369322e-01
   8.1102530e-01
   8.0827816e-01
   8.0545209e-01
   8.0254737e-01
   7.9956429e-01
   7.9650315e-01
   7.9336427e-01
   7.9014795e-01
   7.8685451e-01
   7.8348430e-01
   7.8003764e-01
   7.7651489e-01
   7.7291639e-01
   7.6924250e-01
   7.6549359e-01
   7.6167004e-01
   7.5777223e-01
   7.5380055e-01
   7.4975539e-01
   7.4563716e-01
   7.4144627e-01
   7.3718313e-01
   7.3284817e-01
   7.2844183e-01
   7.2396454e-01
   7.1941674e-01
   7.1479890e-01
   7.1011146e-01
   7.0535490e-01
   7.0052968e-01
   6.9563630e-01
   6.9067523e-01
   6.8564696e-01
   6.8055200e-01
   6.7539086e-01
   6.7016403e-01
   6.6487205e-01
   6.5951544e-01
   6.5409472e-01
   6.4861045e-01
   6.4306315e-01
   6.3745338e-01
   6.3178169e-01
   6.2604866e-01
   6.2025484e-01
   6.1440080e-01
   6.0848714e-01
   6.0251443e-01
   5.9648326e-01
   5.9039424e-01
   5.8424795e-01
   5.7804503e-01
   5.7178606e-01
   5.6547168e-01
   5.5910251e-01
   5.5267917e-01
   5.4620231e-01
   5.3967256e-01
   5.3309056e-01
   5.2645698e-01
   5.1977245e-01
   5.1303765e-01
   5.0625323e-01
   4.9941987e-01
   4.9253825e-01
   4.8560903e-01
   4.7863291e-01
   4.7161057e-01
   4.6454270e-01
   4.5743001e-01
   4.5027319e-01
   4.4307295e-01
   4.3582999e-01
   4.2854504e-01
   4.2121881e-01
   4.1385202e-01
   4.0644541e-01
   3.9899968e-01
   3.9151559e-01
   3.8399387e-01
   3.7643526e-01
   3.6884050e-01
   3.6121035e-01
   3.5354554e-01
   3.4584685e-01
   3.3811501e-01
   3.3035081e-01
   3.2255499e-01
   3.1472833e-01
   3.0687159e-01
   2.9898556e-01
   2.9107100e-01
   2.8312869e-01
   2.7515942e-01
   2.6716397e-01
   2.5914312e-01
   2.5109766e-01
   2.4302839e-01
   2.3493609e-01
   2.2682156e-01
   2.1868561e-01
   2.1052902e-01
   2.0235260e-01
   1.9415715e-01
   1.8594348e-01
   1.7771239e-01
   1.6946470e-01
   1.6120121e-01
   1.5292273e-01
   1.4463008e-01
   1.3632407e-01
   1.2800551e-01
   1.1967523e-01
   1.1133404e-01
   1.0298275e-01
   9.4622189e-02
   8.6253177e-02
   7.7876532e-02
   6.9493078e-02
   6.1103635e-02
   5.2709026e-02
   4.4310076e-02
   3.5907606e-02
   2.7502441e-02
   1.9095405e-02
   1.0687321e-02
   2.2790144e-03
  -6.1286919e-03
  -1.4534974e-02
  -2.2939008e-02
  -3.1339970e-02
  -3.9737039e-02
  -4.8129390e-02
  -5.6516203e-02
  -6.4896656e-02
  -7.3269929e-02
  -8.1635202e-02
  -8.9991655e-02
  -9.8338471e-02
  -1.0667483e-01
  -1.1499993e-01
  -1.2331293e-01
  -1.3161304e-01
  -1.3989944e-01
  -1.4817132e-01
  -1.5642787e-01
  -1.6466828e-01
  -1.7289175e-01
  -1.8109747e-01
  -1.8928464e-01
  -1.9745246e-01
  -2.0560013e-01
  -2.1372685e-01
  -2.2183184e-01
  -2.2991429e-01
  -2.3797343e-01
  -2.4600845e-01
  -2.5401858e-01
  -2.6200304e-01
  -2.6996103e-01
  -2.7789180e-01
  -2.8579455e-01
  -2.9366853e-01
  -3.0151296e-01
  -3.0932708e-01
  -3.1711011e-01
  -3.2486132e-01
  -3.3257992e-01
  -3.4026519e-01
  -3.4791636e-01
  -3.5553268e-01
  -3.6311342e-01
  -3.7065784e-01
  -3.7816519e-01
  -3.8563475e-01
  -3.9306580e-01
  -4.0045759e-01
  -4.0780943e-01
  -4.1512058e-01
  -4.2239033e-01
  -4.2961799e-01
  -4.3680283e-01
  -4.4394417e-01
  -4.5104131e-01
  -4.5809356e-01
  -4.6510022e-01
  -4.7206063e-01
  -4.7897409e-01
  -4.8583994e-01
  -4.9265751e-01
  -4.9942614e-01
  -5.0614517e-01
  -5.1281394e-01
  -5.1943180e-01
  -5.2599812e-01
  -5.3251225e-01
  -5.3897356e-01
  -5.4538143e-01
  -5.5173522e-01
  -5.5803433e-01
  -5.6427813e-01
  -5.7046604e-01
  -5.7659743e-01
  -5.8267173e-01
  -5.8868833e-01
  -5.9464666e-01
  -6.0054613e-01
  -6.0638618e-01
  -6.1216623e-01
  -6.1788573e-01
  -6.2354413e-01
  -6.2914087e-01
  -6.3467541e-01
  -6.4014722e-01
  -6.4555576e-01
  -6.5090051e-01
  -6.5618096e-01
  -6.6139659e-01
  -6.6654690e-01
  -6.7163139e-01
  -6.7664957e-01
  -6.8160095e-01
  -6.8648506e-01
  -6.9130141e-01
  -6.9604956e-01
  -7.0072903e-01
  -7.0533938e-01
  -7.0988017e-01
  -7.1435094e-01
  -7.1875128e-01
  -7.2308076e-01
  -7.2733896e-01
  -7.3152546e-01
  -7.3563988e-01
  -7.3968180e-01
  -7.4365085e-01
  -7.4754664e-01
  -7.5136880e-01
  -7.5511695e-01
  -7.5879074e-01
  -7.6238982e-01
  -7.6591384e-01
  -7.6936246e-01
  -7.7273535e-01
  -7.7603219e-01
  -7.7925267e-01
  -7.8239647e-01
  -7.8546329e-01
  -7.8845285e-01
  -7.9136485e-01
  -7.9419902e-01
  -7.9695509e-01
  -7.9963279e-01
  -8.0223188e-01
  -8.0475210e-01
  -8.0719322e-01
  -8.0955500e-01
  -8.1183721e-01
  -8.1403966e-01
  -8.1616212e-01
  -8.1820439e-01
  -8.2016629e-01
  -8.2204763e-01
  -8.2384823e-01
  -8.2556793e-01
  -8.2720656e-01
  -8.2876397e-01
  -8.3024001e-01
  -8.3163456e-01
  -8.3294748e-01
  -8.3417865e-01
  -8.3532795e-01
  -8.3639529e-01
  -8.3738057e-01
  -8.3828369e-01
  -8.3910459e-01
  -8.3984317e-01
  -8.4049939e-01
  -8.4107319e-01
  -8.4156451e-01
  -8.4197331e-01
  -8.4229958e-01
  -8.4254327e-01
  -8.4270437e-01
  -8.4278289e-01
  -8.4277881e-01
  -8.4269215e-01
  -8.4252292e-01
  -8.4227115e-01
  -8.4193687e-01
  -8.4152012e-01
  -8.4102095e-01
  -8.4043941e-01
  -8.3977558e-01
  -8.3902953e-01
  -8.3820133e-01
  -8.3729107e-01
  -8.3629886e-01
  -8.3522480e-01
  -8.3406899e-01
  -8.3283157e-01
  -8.3151266e-01
  -8.3011241e-01
  -8.2863094e-01
  -8.2706842e-01
  -8.2542501e-01
  -8.2370088e-01
  -8.2189620e-01
  -8.2001116e-01
  -8.1804596e-01
  -8.1600078e-01
  -8.1387584e-01
  -8.1167137e-01
  -8.0938757e-01
  -8.0702468e-01
  -8.0458294e-01
  -8.0206260e-01
  -7.9946392e-01
  -7.9678714e-01
  -7.9403256e-01
  -7.9120043e-01
  -7.8829106e-01
  -7.8530472e-01
  -7.8224172e-01
  -7.7910237e-01
  -7.7588699e-01
  -7.7259589e-01
  -7.6922940e-01
  -7.6578787e-01
  -7.6227164e-01
  -7.5868105e-01
  -7.5501648e-01
  -7.5127827e-01
  -7.4746682e-01
  -7.4358250e-01
  -7.3962569e-01
  -7.3559679e-01
  -7.3149621e-01
  -7.2732435e-01
  -7.2308162e-01
  -7.1876846e-01
  -7.1438529e-01
  -7.0993255e-01
  -7.0541067e-01
  -7.0082011e-01
  -6.9616133e-01
  -6.9143479e-01
  -6.8664096e-01
  -6.8178032e-01
  -6.7685334e-01
  -6.7186052e-01
  -6.6680235e-01
  -6.6167934e-01
  -6.5649200e-01
  -6.5124083e-01
  -6.4592636e-01
  -6.4054911e-01
  -6.3510963e-01
  -6.2960844e-01
  -6.2404610e-01
  -6.1842315e-01
  -6.1274016e-01
  -6.0699768e-01
  -6.0119628e-01
  -5.9533654e-01
  -5.8941903e-01
  -5.8344435e-01
  -5.7741308e-01
  -5.7132582e-01
  -5.6518317e-01
  -5.5898574e-01
  -5.5273415e-01
  -5.4642900e-01
  -5.4007093e-01
  -5.3366056e-01
  -5.2719852e-01
  -5.2068546e-01
  -5.1412201e-01
  -5.0750883e-01
  -5.0084656e-01
  -4.9413587e-01
  -4.8737741e-01
  -4.8057186e-01
  -4.7371989e-01
  -4.6682216e-01
  -4.5987937e-01
  -4.5289219e-01
  -4.4586132e-01
  -4.3878745e-01
  -4.3167128e-01
  -4.2451350e-01
  -4.1731482e-01
  -4.1007596e-01
  -4.0279763e-01
  -3.9548053e-01
  -3.8812540e-01
  -3.8073296e-01
  -3.7330394e-01
  -3.6583906e-01
  -3.5833907e-01
  -3.5080469e-01
  -3.4323668e-01
  -3.3563578e-01
  -3.2800273e-01
  -3.2033829e-01
  -3.1264321e-01
  -3.0491825e-01
  -2.9716417e-01
  -2.8938172e-01
  -2.8157169e-01
  -2.7373482e-01
  -2.6587191e-01
  -2.5798371e-01
  -2.5007100e-01
  -2.4213456e-01
  -2.3417518e-01
  -2.2619362e-01
  -2.1819069e-01
  -2.1016715e-01
  -2.0212381e-01
  -1.9406146e-01
  -1.8598087e-01
  -1.7788285e-01
  -1.6976820e-01
  -1.6163771e-01
  -1.5349217e-01
  -1.4533239e-01
  -1.3715917e-01
  -1.2897331e-01
  -1.2077561e-01
  -1.1256688e-01
  -1.0434793e-01
  -9.6119556e-02
  -8.7882570e-02
  -7.9637779e-02
  -7.1385993e-02
  -6.3128020e-02
  -5.4864670e-02
  -4.6596753e-02
  -3.8325081e-02
  -3.0050464e-02
  -2.1773713e-02
  -1.3495639e-02
  -5.2170545e-03
   3.0612304e-03
   1.1338404e-02
   1.9613656e-02
   2.7886174e-02
   3.6155150e-02
   4.4419772e-02
   5.2679232e-02
   6.0932720e-02
   6.9179429e-02
   7.7418551e-02
   8.5649279e-02
   9.3870808e-02
   1.0208233e-01
   1.1028305e-01
   1.1847216e-01
   1.2664885e-01
   1.3481233e-01
   1.4296181e-01
   1.5109647e-01
   1.5921554e-01
   1.6731820e-01
   1.7540368e-01
   1.8347117e-01
   1.9151990e-01
   1.9954907e-01
   2.0755790e-01
   2.1554561e-01
   2.2351141e-01
   2.3145453e-01
   2.3937419e-01
   2.4726962e-01
   2.5514005e-01
   2.6298470e-01
   2.7080282e-01
   2.7859363e-01
   2.8635638e-01
   2.9409030e-01
   3.0179466e-01
   3.0946868e-01
   3.1711163e-01
   3.2472275e-01
   3.3230131e-01
   3.3984657e-01
   3.4735778e-01
   3.5483422e-01
   3.6227516e-01
   3.6967986e-01
   3.7704762e-01
   3.8437771e-01
   3.9166941e-01
   3.9892202e-01
   4.0613483e-01
   4.1330714e-01
   4.2043824e-01
   4.2752744e-01
   4.3457406e-01
   4.4157740e-01
   4.4853679e-01
   4.5545154e-01
   4.6232098e-01
   4.6914445e-01
   4.7592127e-01
   4.8265080e-01
   4.8933237e-01
   4.9596534e-01
   5.0254906e-01
   5.0908288e-01
   5.1556619e-01
   5.2199833e-01
   5.2837870e-01
   5.3470666e-01
   5.4098161e-01
   5.4720293e-01
   5.5337002e-01
   5.5948229e-01
   5.6553913e-01
   5.7153995e-01
   5.7748419e-01
   5.8337126e-01
   5.8920058e-01
   5.9497159e-01
   6.0068374e-01
   6.0633647e-01
   6.1192923e-01
   6.1746148e-01
   6.2293268e-01
   6.2834230e-01
   6.3368982e-01
   6.3897472e-01
   6.4419649e-01
   6.4935463e-01
   6.5444863e-01
   6.5947799e-01
   6.6444225e-01
   6.6934091e-01
   6.7417349e-01
   6.7893955e-01
   6.8363860e-01
   6.8827021e-01
   6.9283392e-01
   6.9732929e-01
   7.0175589e-01
   7.0611328e-01
   7.1040106e-01
   7.1461881e-01
   7.1876612e-01
   7.2284259e-01
   7.2684783e-01
   7.3078145e-01
   7.3464307e-01
   7.3843233e-01
   7.4214886e-01
   7.4579230e-01
   7.4936231e-01
   7.5285853e-01
   7.5628064e-01
   7.5962831e-01
   7.6290121e-01
   7.6609903e-01
   7.6922147e-01
   7.7226823e-01
   7.7523901e-01
   7.7813354e-01
   7.8095153e-01
   7.8369272e-01
   7.8635685e-01
   7.8894366e-01
   7.9145291e-01
   7.9388436e-01
   7.9623778e-01
   7.9851294e-01
   8.0070964e-01
   8.0282765e-01
   8.0486679e-01
   8.0682686e-01
   8.0870768e-01
   8.1050907e-01
   8.1223086e-01
   8.1387289e-01
   8.1543500e-01
   8.1691706e-01
   8.1831893e-01
   8.1964047e-01
   8.2088156e-01
   8.2204209e-01
   8.2312196e-01
   8.2412106e-01
   8.2503931e-01
   8.2587662e-01
   8.2663292e-01
   8.2730815e-01
   8.2790224e-01
   8.2841515e-01
   8.2884683e-01
   8.2919725e-01
   8.2946638e-01
   8.2965420e-01
   8.2976071e-01
   8.2978590e-01
   8.2972978e-01
   8.2959236e-01
   8.2937365e-01
   8.2907370e-01
   8.2869254e-01
   8.2823021e-01
   8.2768676e-01
   8.2706227e-01
   8.2635679e-01
   8.2557041e-01
   8.2470320e-01
   8.2375527e-01
   8.2272671e-01
   8.2161763e-01
   8.2042815e-01
   8.1915839e-01
   8.1780848e-01
   8.1637858e-01
   8.1486881e-01
   8.1327934e-01
   8.1161034e-01
   8.0986196e-01
   8.0803441e-01
   8.0612785e-01
   8.0414248e-01
   8.0207851e-01
   7.9993615e-01
   7.9771561e-01
   7.9541712e-01
   7.9304091e-01
   7.9058723e-01
   7.8805631e-01
   7.8544842e-01
   7.8276382e-01
   7.8000278e-01
   7.7716558e-01
   7.7425250e-01
   7.7126384e-01
   7.6819989e-01
   7.6506097e-01
   7.6184738e-01
   7.5855946e-01
   7.5519753e-01
   7.5176193e-01
   7.4825299e-01
   7.4467108e-01
   7.4101655e-01
   7.3728977e-01
   7.3349110e-01
   7.2962093e-01
   7.2567964e-01
   7.2166763e-01
   7.1758530e-01
   7.1343305e-01
   7.0921130e-01
   7.0492046e-01
   7.0056097e-01
   6.9613326e-01
   6.9163777e-01
   6.8707494e-01
   6.8244524e-01
   6.7774912e-01
   6.7298704e-01
   6.6815948e-01
   6.6326693e-01
   6.5830986e-01
   6.5328876e-01
   6.4820415e-01
   6.4305651e-01
   6.3784637e-01
   6.3257423e-01
   6.2724062e-01
   6.2184607e-01
   6.1639112e-01
   6.1087630e-01
   6.0530216e-01
   5.9966925e-01
   5.9397813e-01
   5.8822937e-01
   5.8242353e-01
   5.7656118e-01
   5.7064292e-01
   5.6466931e-01
   5.5864096e-01
   5.5255846e-01
   5.4642241e-01
   5.4023341e-01
   5.3399208e-01
   5.2769904e-01
   5.2135491e-01
   5.1496031e-01
   5.0851588e-01
   5.0202225e-01
   4.9548006e-01
   4.8888996e-01
   4.8225259e-01
   4.7556863e-01
   4.6883871e-01
   4.6206352e-01
   4.5524371e-01
   4.4837996e-01
   4.4147295e-01
   4.3452335e-01
   4.2753185e-01
   4.2049915e-01
   4.1342592e-01
   4.0631289e-01
   3.9916073e-01
   3.9197016e-01
   3.8474188e-01
   3.7747662e-01
   3.7017507e-01
   3.6283797e-01
   3.5546603e-01
   3.4805998e-01
   3.4062055e-01
   3.3314847e-01
   3.2564448e-01
   3.1810932e-01
   3.1054372e-01
   3.0294843e-01
   2.9532420e-01
   2.8767178e-01
   2.7999192e-01
   2.7228537e-01
   2.6455290e-01
   2.5679526e-01
   2.4901322e-01
   2.4120755e-01
   2.3337900e-01
   2.2552834e-01
   2.1765636e-01
   2.0976382e-01
   2.0185150e-01
   1.9392018e-01
   1.8597063e-01
   1.7800364e-01
   1.7001998e-01
   1.6202045e-01
   1.5400582e-01
   1.4597689e-01
   1.3793444e-01
   1.2987926e-01
   1.2181215e-01
   1.1373388e-01
   1.0564527e-01
   9.7547095e-02
   8.9440156e-02
   8.1325247e-02
   7.3203164e-02
   6.5074704e-02
   5.6940663e-02
   4.8801840e-02
   4.0659032e-02
   3.2513038e-02
   2.4364656e-02
   1.6214686e-02
   8.0639247e-03
  -8.6827846e-05
  -8.2367732e-03
  -1.6385113e-02
  -2.4531048e-02
  -3.2673782e-02
  -4.0812516e-02
  -4.8946453e-02
  -5.7074797e-02
  -6.5196751e-02
  -7.3311521e-02
  -8.1418312e-02
  -8.9516331e-02
  -9.7604784e-02
  -1.0568288e-01
  -1.1374983e-01
  -1.2180484e-01
  -1.2984713e-01
  -1.3787590e-01
  -1.4589038e-01
  -1.5388978e-01
  -1.6187331e-01
  -1.6984020e-01
  -1.7778966e-01
  -1.8572093e-01
  -1.9363322e-01
  -2.0152576e-01
  -2.0939777e-01
  -2.1724850e-01
  -2.2507717e-01
  -2.3288302e-01
  -2.4066528e-01
  -2.4842320e-01
  -2.5615601e-01
  -2.6386297e-01
  -2.7154331e-01
  -2.7919629e-01
  -2.8682117e-01
  -2.9441719e-01
  -3.0198362e-01
  -3.0951971e-01
  -3.1702473e-01
  -3.2449796e-01
  -3.3193865e-01
  -3.3934609e-01
  -3.4671955e-01
  -3.5405832e-01
  -3.6136166e-01
  -3.6862889e-01
  -3.7585928e-01
  -3.8305213e-01
  -3.9020674e-01
  -3.9732241e-01
  -4.0439845e-01
  -4.1143417e-01
  -4.1842889e-01
  -4.2538191e-01
  -4.3229258e-01
  -4.3916020e-01
  -4.4598412e-01
  -4.5276367e-01
  -4.5949818e-01
  -4.6618701e-01
  -4.7282951e-01
  -4.7942502e-01
  -4.8597290e-01
  -4.9247252e-01
  -4.9892325e-01
  -5.0532445e-01
  -5.1167552e-01
  -5.1797582e-01
  -5.2422474e-01
  -5.3042169e-01
  -5.3656605e-01
  -5.4265723e-01
  -5.4869464e-01
  -5.5467769e-01
  -5.6060580e-01
  -5.6647839e-01
  -5.7229490e-01
  -5.7805476e-01
  -5.8375742e-01
  -5.8940231e-01
  -5.9498889e-01
  -6.0051662e-01
  -6.0598497e-01
  -6.1139340e-01
  -6.1674139e-01
  -6.2202842e-01
  -6.2725398e-01
  -6.3241756e-01
  -6.3751866e-01
  -6.4255680e-01
  -6.4753147e-01
  -6.5244221e-01
  -6.5728853e-01
  -6.6206997e-01
  -6.6678607e-01
  -6.7143636e-01
  -6.7602041e-01
  -6.8053776e-01
  -6.8498798e-01
  -6.8937065e-01
  -6.9368533e-01
  -6.9793162e-01
  -7.0210909e-01
  -7.0621736e-01
  -7.1025603e-01
  -7.1422470e-01
  -7.1812299e-01
  -7.2195054e-01
  -7.2570696e-01
  -7.2939191e-01
  -7.3300502e-01
  -7.3654594e-01
  -7.4001435e-01
  -7.4340990e-01
  -7.4673227e-01
  -7.4998115e-01
  -7.5315621e-01
  -7.5625717e-01
  -7.5928371e-01
  -7.6223555e-01
  -7.6511241e-01
  -7.6791402e-01
  -7.7064010e-01
  -7.7329040e-01
  -7.7586467e-01
  -7.7836266e-01
  -7.8078413e-01
  -7.8312885e-01
  -7.8539661e-01
  -7.8758718e-01
  -7.8970036e-01
  -7.9173595e-01
  -7.9369376e-01
  -7.9557360e-01
  -7.9737530e-01
  -7.9909869e-01
  -8.0074360e-01
  -8.0230989e-01
  -8.0379740e-01
  -8.0520601e-01
  -8.0653558e-01
  -8.0778598e-01
  -8.0895710e-01
  -8.1004884e-01
  -8.1106110e-01
  -8.1199378e-01
  -8.1284680e-01
  -8.1362009e-01
  -8.1431357e-01
  -8.1492719e-01
  -8.1546090e-01
  -8.1591465e-01
  -8.1628840e-01
  -8.1658212e-01
  -8.1679580e-01
  -8.1692942e-01
  -8.1698298e-01
  -8.1695647e-01
  -8.1684991e-01
  -8.1666332e-01
  -8.1639673e-01
  -8.1605016e-01
  -8.1562365e-01
  -8.1511727e-01
  -8.1453107e-01
  -8.1386510e-01
  -8.1311945e-01
  -8.1229419e-01
  -8.1138942e-01
  -8.1040523e-01
  -8.0934172e-01
  -8.0819901e-01
  -8.0697722e-01
  -8.0567646e-01
  -8.0429689e-01
  -8.0283864e-01
  -8.0130186e-01
  -7.9968672e-01
  -7.9799337e-01
  -7.9622199e-01
  -7.9437276e-01
  -7.9244587e-01
  -7.9044152e-01
  -7.8835991e-01
  -7.8620125e-01
  -7.8396576e-01
  -7.8165367e-01
  -7.7926521e-01
  -7.7680063e-01
  -7.7426017e-01
  -7.7164409e-01
  -7.6895265e-01
  -7.6618612e-01
  -7.6334479e-01
  -7.6042893e-01
  -7.5743884e-01
  -7.5437483e-01
  -7.5123720e-01
  -7.4802625e-01
  -7.4474233e-01
  -7.4138575e-01
  -7.3795684e-01
  -7.3445597e-01
  -7.3088346e-01
  -7.2723969e-01
  -7.2352501e-01
  -7.1973979e-01
  -7.1588442e-01
  -7.1195928e-01
  -7.0796475e-01
  -7.0390125e-01
  -6.9976916e-01
  -6.9556891e-01
  -6.9130092e-01
  -6.8696560e-01
  -6.8256339e-01
  -6.7809472e-01
  -6.7356005e-01
  -6.6895982e-01
  -6.6429449e-01
  -6.5956452e-01
  -6.5477038e-01
  -6.4991256e-01
  -6.4499152e-01
  -6.4000776e-01
  -6.3496178e-01
  -6.2985407e-01
  -6.2468514e-01
  -6.1945550e-01
  -6.1416568e-01
  -6.0881619e-01
  -6.0340757e-01
  -5.9794035e-01
  -5.9241507e-01
  -5.8683229e-01
  -5.8119254e-01
  -5.7549640e-01
  -5.6974443e-01
  -5.6393718e-01
  -5.5807525e-01
  -5.5215920e-01
  -5.4618963e-01
  -5.4016712e-01
  -5.3409227e-01
  -5.2796568e-01
  -5.2178796e-01
  -5.1555971e-01
  -5.0928155e-01
  -5.0295410e-01
  -4.9657799e-01
  -4.9015384e-01
  -4.8368229e-01
  -4.7716398e-01
  -4.7059954e-01
  -4.6398964e-01
  -4.5733492e-01
  -4.5063604e-01
  -4.4389366e-01
  -4.3710843e-01
  -4.3028105e-01
  -4.2341216e-01
  -4.1650246e-01
  -4.0955263e-01
  -4.0256334e-01
  -3.9553529e-01
  -3.8846917e-01
  -3.8136568e-01
  -3.7422551e-01
  -3.6704937e-01
  -3.5983797e-01
  -3.5259201e-01
  -3.4531221e-01
  -3.3799929e-01
  -3.3065397e-01
  -3.2327696e-01
  -3.1586900e-01
  -3.0843081e-01
  -3.0096313e-01
  -2.9346668e-01
  -2.8594222e-01
  -2.7839047e-01
  -2.7081219e-01
  -2.6320811e-01
  -2.5557898e-01
  -2.4792555e-01
  -2.4024859e-01
  -2.3254883e-01
  -2.2482704e-01
  -2.1708397e-01
  -2.0932039e-01
  -2.0153706e-01
  -1.9373475e-01
  -1.8591421e-01
  -1.7807622e-01
  -1.7022156e-01
  -1.6235098e-01
  -1.5446526e-01
  -1.4656518e-01
  -1.3865151e-01
  -1.3072504e-01
  -1.2278652e-01
  -1.1483676e-01
  -1.0687652e-01
  -9.8906586e-02
  -9.0927742e-02
  -8.2940771e-02
  -7.4946454e-02
  -6.6945577e-02
  -5.8938924e-02
  -5.0927280e-02
  -4.2911431e-02
  -3.4892162e-02
  -2.6870260e-02
  -1.8846511e-02
  -1.0821702e-02
  -2.7966185e-03
   5.2279526e-03
   1.3251225e-02
   2.1272413e-02
   2.9290730e-02
   3.7305392e-02
   4.5315612e-02
   5.3320607e-02
   6.1319593e-02
   6.9311786e-02
   7.7296404e-02
   8.5272666e-02
   9.3239790e-02
   1.0119700e-01
   1.0914351e-01
   1.1707854e-01
   1.2500133e-01
   1.3291109e-01
   1.4080705e-01
   1.4868845e-01
   1.5655449e-01
   1.6440443e-01
   1.7223749e-01
   1.8005290e-01
   1.8784990e-01
   1.9562774e-01
   2.0338564e-01
   2.1112285e-01
   2.1883861e-01
   2.2653217e-01
   2.3420278e-01
   2.4184969e-01
   2.4947216e-01
   2.5706943e-01
   2.6464076e-01
   2.7218542e-01
   2.7970267e-01
   2.8719177e-01
   2.9465200e-01
   3.0208263e-01
   3.0948292e-01
   3.1685217e-01
   3.2418964e-01
   3.3149463e-01
   3.3876641e-01
   3.4600429e-01
   3.5320756e-01
   3.6037551e-01
   3.6750744e-01
   3.7460266e-01
   3.8166048e-01
   3.8868021e-01
   3.9566116e-01
   4.0260266e-01
   4.0950402e-01
   4.1636459e-01
   4.2318368e-01
   4.2996063e-01
   4.3669479e-01
   4.4338550e-01
   4.5003210e-01
   4.5663396e-01
   4.6319042e-01
   4.6970085e-01
   4.7616461e-01
   4.8258109e-01
   4.8894964e-01
   4.9526966e-01
   5.0154053e-01
   5.0776164e-01
   5.1393238e-01
   5.2005216e-01
   5.2612038e-01
   5.3213645e-01
   5.3809978e-01
   5.4400980e-01
   5.4986594e-01
   5.5566762e-01
   5.6141428e-01
   5.6710536e-01
   5.7274032e-01
   5.7831860e-01
   5.8383966e-01
   5.8930298e-01
   5.9470801e-01
   6.0005423e-01
   6.0534114e-01
   6.1056820e-01
   6.1573493e-01
   6.2084081e-01
   6.2588536e-01
   6.3086808e-01
   6.3578849e-01
   6.4064612e-01
   6.4544050e-01
   6.5017116e-01
   6.5483764e-01
   6.5943950e-01
   6.6397630e-01
   6.6844758e-01
   6.7285292e-01
   6.7719190e-01
   6.8146410e-01
   6.8566910e-01
   6.8980650e-01
   6.9387590e-01
   6.9787690e-01
   7.0180913e-01
   7.0567221e-01
   7.0946575e-01
   7.1318941e-01
   7.1684281e-01
   7.2042561e-01
   7.2393747e-01
   7.2737804e-01
   7.3074700e-01
   7.3404402e-01
   7.3726879e-01
   7.4042100e-01
   7.4350035e-01
   7.4650654e-01
   7.4943928e-01
   7.5229830e-01
   7.5508332e-01
   7.5779408e-01
   7.6043031e-01
   7.6299177e-01
   7.6547822e-01
   7.6788941e-01
   7.7022512e-01
   7.7248512e-01
   7.7466921e-01
   7.7677717e-01
   7.7880882e-01
   7.8076394e-01
   7.8264237e-01
   7.8444392e-01
   7.8616843e-01
   7.8781573e-01
   7.8938567e-01
   7.9087810e-01
   7.9229289e-01
   7.9362991e-01
   7.9488902e-01
   7.9607012e-01
   7.9717310e-01
   7.9819785e-01
   7.9914429e-01
   8.0001233e-01
   8.0080189e-01
   8.0151290e-01
   8.0214530e-01
   8.0269903e-01
   8.0317406e-01
   8.0357033e-01
   8.0388782e-01
   8.0412651e-01
   8.0428638e-01
   8.0436742e-01
   8.0436963e-01
   8.0429303e-01
   8.0413761e-01
   8.0390342e-01
   8.0359047e-01
   8.0319881e-01
   8.0272848e-01
   8.0217953e-01
   8.0155204e-01
   8.0084606e-01
   8.0006168e-01
   7.9919897e-01
   7.9825804e-01
   7.9723898e-01
   7.9614189e-01
   7.9496690e-01
   7.9371412e-01
   7.9238369e-01
   7.9097575e-01
   7.8949043e-01
   7.8792790e-01
   7.8628831e-01
   7.8457183e-01
   7.8277864e-01
   7.8090892e-01
   7.7896287e-01
   7.7694067e-01
   7.7484254e-01
   7.7266869e-01
   7.7041933e-01
   7.6809470e-01
   7.6569504e-01
   7.6322058e-01
   7.6067157e-01
   7.5804827e-01
   7.5535095e-01
   7.5257988e-01
   7.4973533e-01
   7.4681760e-01
   7.4382697e-01
   7.4076374e-01
   7.3762823e-01
   7.3442075e-01
   7.3114161e-01
   7.2779115e-01
   7.2436970e-01
   7.2087760e-01
   7.1731521e-01
   7.1368288e-01
   7.0998097e-01
   7.0620985e-01
   7.0236989e-01
   6.9846149e-01
   6.9448503e-01
   6.9044091e-01
   6.8632952e-01
   6.8215129e-01
   6.7790662e-01
   6.7359594e-01
   6.6921967e-01
   6.6477825e-01
   6.6027213e-01
   6.5570175e-01
   6.5106757e-01
   6.4637004e-01
   6.4160963e-01
   6.3678682e-01
   6.3190209e-01
   6.2695591e-01
   6.2194878e-01
   6.1688119e-01
   6.1175365e-01
   6.0656667e-01
   6.0132076e-01
   5.9601644e-01
   5.9065424e-01
   5.8523468e-01
   5.7975831e-01
   5.7422566e-01
   5.6863729e-01
   5.6299374e-01
   5.5729558e-01
   5.5154337e-01
   5.4573767e-01
   5.3987907e-01
   5.3396814e-01
   5.2800546e-01
   5.2199163e-01
   5.1592724e-01
   5.0981288e-01
   5.0364917e-01
   4.9743671e-01
   4.9117611e-01
   4.8486800e-01
   4.7851299e-01
   4.7211172e-01
   4.6566481e-01
   4.5917290e-01
   4.5263663e-01
   4.4605665e-01
   4.3943361e-01
   4.3276815e-01
   4.2606094e-01
   4.1931264e-01
   4.1252391e-01
   4.0569542e-01
   3.9882785e-01
   3.9192186e-01
   3.8497815e-01
   3.7799740e-01
   3.7098029e-01
   3.6392752e-01
   3.5683977e-01
   3.4971776e-01
   3.4256217e-01
   3.3537371e-01
   3.2815310e-01
   3.2090104e-01
   3.1361824e-01
   3.0630543e-01
   2.9896331e-01
   2.9159262e-01
   2.8419408e-01
   2.7676842e-01
   2.6931636e-01
   2.6183865e-01
   2.5433601e-01
   2.4680918e-01
   2.3925890e-01
   2.3168592e-01
   2.2409098e-01
   2.1647482e-01
   2.0883820e-01
   2.0118186e-01
   1.9350656e-01
   1.8581304e-01
   1.7810208e-01
   1.7037441e-01
   1.6263081e-01
   1.5487204e-01
   1.4709884e-01
   1.3931200e-01
   1.3151226e-01
   1.2370040e-01
   1.1587719e-01
   1.0804339e-01
   1.0019977e-01
   9.2347097e-02
   8.4486146e-02
   7.6617687e-02
   6.8742491e-02
   6.0861331e-02
   5.2974979e-02
   4.5084209e-02
   3.7189794e-02
   2.9292508e-02
   2.1393126e-02
   1.3492422e-02
   5.5911700e-03
  -2.3098558e-03
  -1.0209881e-02
  -1.8108132e-02
  -2.6003834e-02
  -3.3896214e-02
  -4.1784500e-02
  -4.9667918e-02
  -5.7545697e-02
  -6.5417064e-02
  -7.3281251e-02
  -8.1137485e-02
  -8.8984999e-02
  -9.6823025e-02
  -1.0465079e-01
  -1.1246754e-01
  -1.2027250e-01
  -1.2806491e-01
  -1.3584401e-01
  -1.4360904e-01
  -1.5135923e-01
  -1.5909383e-01
  -1.6681208e-01
  -1.7451323e-01
  -1.8219653e-01
  -1.8986121e-01
  -1.9750655e-01
  -2.0513178e-01
  -2.1273616e-01
  -2.2031895e-01
  -2.2787941e-01
  -2.3541680e-01
  -2.4293038e-01
  -2.5041942e-01
  -2.5788318e-01
  -2.6532095e-01
  -2.7273199e-01
  -2.8011557e-01
  -2.8747099e-01
  -2.9479751e-01
  -3.0209443e-01
  -3.0936103e-01
  -3.1659660e-01
  -3.2380045e-01
  -3.3097185e-01
  -3.3811013e-01
  -3.4521457e-01
  -3.5228448e-01
  -3.5931919e-01
  -3.6631799e-01
  -3.7328022e-01
  -3.8020518e-01
  -3.8709221e-01
  -3.9394063e-01
  -4.0074978e-01
  -4.0751899e-01
  -4.1424761e-01
  -4.2093497e-01
  -4.2758043e-01
  -4.3418334e-01
  -4.4074306e-01
  -4.4725895e-01
  -4.5373037e-01
  -4.6015670e-01
  -4.6653730e-01
  -4.7287156e-01
  -4.7915887e-01
  -4.8539861e-01
  -4.9159017e-01
  -4.9773295e-01
  -5.0382636e-01
  -5.0986980e-01
  -5.1586269e-01
  -5.2180444e-01
  -5.2769448e-01
  -5.3353223e-01
  -5.3931712e-01
  -5.4504860e-01
  -5.5072611e-01
  -5.5634910e-01
  -5.6191702e-01
  -5.6742934e-01
  -5.7288551e-01
  -5.7828500e-01
  -5.8362731e-01
  -5.8891190e-01
  -5.9413826e-01
  -5.9930589e-01
  -6.0441429e-01
  -6.0946296e-01
  -6.1445142e-01
  -6.1937917e-01
  -6.2424575e-01
  -6.2905069e-01
  -6.3379351e-01
  -6.3847376e-01
  -6.4309099e-01
  -6.4764475e-01
  -6.5213459e-01
  -6.5656010e-01
  -6.6092084e-01
  -6.6521638e-01
  -6.6944632e-01
  -6.7361025e-01
  -6.7770776e-01
  -6.8173846e-01
  -6.8570196e-01
  -6.8959788e-01
  -6.9342585e-01
  -6.9718549e-01
  -7.0087644e-01
  -7.0449836e-01
  -7.0805088e-01
  -7.1153368e-01
  -7.1494641e-01
  -7.1828874e-01
  -7.2156037e-01
  -7.2476097e-01
  -7.2789023e-01
  -7.3094786e-01
  -7.3393357e-01
  -7.3684706e-01
  -7.3968807e-01
  -7.4245632e-01
  -7.4515154e-01
  -7.4777348e-01
  -7.5032188e-01
  -7.5279652e-01
  -7.5519714e-01
  -7.5752353e-01
  -7.5977545e-01
  -7.6195271e-01
  -7.6405509e-01
  -7.6608240e-01
  -7.6803443e-01
  -7.6991102e-01
  -7.7171197e-01
  -7.7343713e-01
  -7.7508634e-01
  -7.7665943e-01
  -7.7815626e-01
  -7.7957669e-01
  -7.8092059e-01
  -7.8218784e-01
  -7.8337831e-01
  -7.8449191e-01
  -7.8552852e-01
  -7.8648806e-01
  -7.8737043e-01
  -7.8817557e-01
  -7.8890339e-01
  -7.8955384e-01
  -7.9012685e-01
  -7.9062238e-01
  -7.9104039e-01
  -7.9138085e-01
  -7.9164372e-01
  -7.9182900e-01
  -7.9193666e-01
  -7.9196671e-01
  -7.9191916e-01
  -7.9179400e-01
  -7.9159128e-01
  -7.9131100e-01
  -7.9095321e-01
  -7.9051795e-01
  -7.9000527e-01
  -7.8941523e-01
  -7.8874788e-01
  -7.8800332e-01
  -7.8718161e-01
  -7.8628285e-01
  -7.8530712e-01
  -7.8425454e-01
  -7.8312521e-01
  -7.8191925e-01
  -7.8063680e-01
  -7.7927797e-01
  -7.7784291e-01
  -7.7633178e-01
  -7.7474471e-01
  -7.7308189e-01
  -7.7134347e-01
  -7.6952964e-01
  -7.6764059e-01
  -7.6567649e-01
  -7.6363756e-01
  -7.6152400e-01
  -7.5933602e-01
  -7.5707386e-01
  -7.5473772e-01
  -7.5232786e-01
  -7.4984452e-01
  -7.4728794e-01
  -7.4465838e-01
  -7.4195611e-01
  -7.3918140e-01
  -7.3633454e-01
  -7.3341579e-01
  -7.3042547e-01
  -7.2736386e-01
  -7.2423128e-01
  -7.2102804e-01
  -7.1775445e-01
  -7.1441086e-01
  -7.1099759e-01
  -7.0751498e-01
  -7.0396338e-01
  -7.0034315e-01
  -6.9665465e-01
  -6.9289824e-01
  -6.8907430e-01
  -6.8518322e-01
  -6.8122538e-01
  -6.7720117e-01
  -6.7311099e-01
  -6.6895526e-01
  -6.6473438e-01
  -6.6044878e-01
  -6.5609888e-01
  -6.5168512e-01
  -6.4720793e-01
  -6.4266776e-01
  -6.3806506e-01
  -6.3340028e-01
  -6.2867390e-01
  -6.2388637e-01
  -6.1903818e-01
  -6.1412981e-01
  -6.0916173e-01
  -6.0413445e-01
  -5.9904847e-01
  -5.9390428e-01
  -5.8870240e-01
  -5.8344334e-01
  -5.7812762e-01
  -5.7275578e-01
  -5.6732834e-01
  -5.6184583e-01
  -5.5630881e-01
  -5.5071782e-01
  -5.4507341e-01
  -5.3937614e-01
  -5.3362657e-01
  -5.2782528e-01
  -5.2197284e-01
  -5.1606982e-01
  -5.1011681e-01
  -5.0411439e-01
  -4.9806317e-01
  -4.9196373e-01
  -4.8581668e-01
  -4.7962263e-01
  -4.7338219e-01
  -4.6709598e-01
  -4.6076460e-01
  -4.5438870e-01
  -4.4796890e-01
  -4.4150583e-01
  -4.3500013e-01
  -4.2845244e-01
  -4.2186341e-01
  -4.1523369e-01
  -4.0856392e-01
  -4.0185478e-01
  -3.9510691e-01
  -3.8832099e-01
  -3.8149768e-01
  -3.7463766e-01
  -3.6774160e-01
  -3.6081018e-01
  -3.5384408e-01
  -3.4684399e-01
  -3.3981060e-01
  -3.3274461e-01
  -3.2564669e-01
  -3.1851757e-01
  -3.1135793e-01
  -3.0416848e-01
  -2.9694993e-01
  -2.8970299e-01
  -2.8242837e-01
  -2.7512679e-01
  -2.6779897e-01
  -2.6044562e-01
  -2.5306747e-01
  -2.4566525e-01
  -2.3823968e-01
  -2.3079149e-01
  -2.2332141e-01
  -2.1583019e-01
  -2.0831855e-01
  -2.0078723e-01
  -1.9323697e-01
  -1.8566852e-01
  -1.7808262e-01
  -1.7048001e-01
  -1.6286144e-01
  -1.5522765e-01
  -1.4757941e-01
  -1.3991745e-01
  -1.3224253e-01
  -1.2455541e-01
  -1.1685683e-01
  -1.0914756e-01
  -1.0142835e-01
  -9.3699953e-02
  -8.5963134e-02
  -7.8218649e-02
  -7.0467259e-02
  -6.2709723e-02
  -5.4946802e-02
  -4.7179257e-02
  -3.9407851e-02
  -3.1633345e-02
  -2.3856500e-02
  -1.6078080e-02
  -8.2988470e-03
  -5.1956283e-04
   7.2590100e-03
   1.5036109e-02
   2.2810973e-02
   3.0582840e-02
   3.8350948e-02
   4.6114537e-02
   5.3872847e-02
   6.1625117e-02
   6.9370589e-02
   7.7108504e-02
   8.4838105e-02
   9.2558636e-02
   1.0026934e-01
   1.0796946e-01
   1.1565825e-01
   1.2333495e-01
   1.3099882e-01
   1.3864909e-01
   1.4628503e-01
   1.5390589e-01
   1.6151092e-01
   1.6909938e-01
   1.7667052e-01
   1.8422361e-01
   1.9175791e-01
   1.9927268e-01
   2.0676719e-01
   2.1424070e-01
   2.2169248e-01
   2.2912181e-01
   2.3652796e-01
   2.4391021e-01
   2.5126783e-01
   2.5860011e-01
   2.6590633e-01
   2.7318578e-01
   2.8043775e-01
   2.8766153e-01
   2.9485641e-01
   3.0202169e-01
   3.0915667e-01
   3.1626066e-01
   3.2333297e-01
   3.3037289e-01
   3.3737976e-01
   3.4435288e-01
   3.5129157e-01
   3.5819516e-01
   3.6506297e-01
   3.7189433e-01
   3.7868859e-01
   3.8544507e-01
   3.9216312e-01
   3.9884208e-01
   4.0548131e-01
   4.1208015e-01
   4.1863796e-01
   4.2515411e-01
   4.3162797e-01
   4.3805889e-01
   4.4444625e-01
   4.5078944e-01
   4.5708783e-01
   4.6334082e-01
   4.6954779e-01
   4.7570814e-01
   4.8182127e-01
   4.8788659e-01
   4.9390351e-01
   4.9987143e-01
   5.0578980e-01
   5.1165802e-01
   5.1747552e-01
   5.2324175e-01
   5.2895614e-01
   5.3461814e-01
   5.4022720e-01
   5.4578277e-01
   5.5128431e-01
   5.5673130e-01
   5.6212319e-01
