   0.0000000e+00
  -9.7990397e-03
  -1.9596159e-02
  -2.9390398e-02
  -3.9180797e-02
  -4.8966398e-02
  -5.8746241e-02
  -6.8519370e-02
  -7.8284827e-02
  -8.8041655e-02
  -9.7788900e-02
  -1.0752561e-01
  -1.1725083e-01
  -1.2696360e-01
  -1.3666298e-01
  -1.4634802e-01
  -1.5601777e-01
  -1.6567129e-01
  -1.7530762e-01
  -1.8492583e-01
  -1.9452498e-01
  -2.0410412e-01
  -2.1366233e-01
  -2.2319866e-01
  -2.3271219e-01
  -2.4220198e-01
  -2.5166711e-01
  -2.6110665e-01
  -2.7051968e-01
  -2.7990528e-01
  -2.8926253e-01
  -2.9859052e-01
  -3.0788833e-01
  -3.1715507e-01
  -3.2638981e-01
  -3.3559167e-01
  -3.4475975e-01
  -3.5389314e-01
  -3.6299096e-01
  -3.7205232e-01
  -3.8107633e-01
  -3.9006212e-01
  -3.9900880e-01
  -4.0791551e-01
  -4.1678137e-01
  -4.2560552e-01
  -4.3438711e-01
  -4.4312527e-01
  -4.5181915e-01
  -4.6046790e-01
  -4.6907068e-01
  -4.7762666e-01
  -4.8613500e-01
  -4.9459486e-01
  -5.0300543e-01
  -5.1136589e-01
  -5.1967542e-01
  -5.2793321e-01
  -5.3613846e-01
  -5.4429037e-01
  -5.5238815e-01
  -5.6043100e-01
  -5.6841815e-01
  -5.7634881e-01
  -5.8422223e-01
  -5.9203762e-01
  -5.9979423e-01
  -6.0749131e-01
  -6.1512811e-01
  -6.2270388e-01
  -6.3021789e-01
  -6.3766941e-01
  -6.4505771e-01
  -6.5238208e-01
  -6.5964180e-01
  -6.6683618e-01
  -6.7396450e-01
  -6.8102609e-01
  -6.8802025e-01
  -6.9494630e-01
  -7.0180358e-01
  -7.0859141e-01
  -7.1530915e-01
  -7.2195613e-01
  -7.2853172e-01
  -7.3503527e-01
  -7.4146616e-01
  -7.4782377e-01
  -7.5410747e-01
  -7.6031666e-01
  -7.6645074e-01
  -7.7250911e-01
  -7.7849119e-01
  -7.8439640e-01
  -7.9022417e-01
  -7.9597393e-01
  -8.0164513e-01
  -8.0723722e-01
  -8.1274966e-01
  -8.1818192e-01
  -8.2353348e-01
  -8.2880381e-01
  -8.3399241e-01
  -8.3909877e-01
  -8.4412242e-01
  -8.4906285e-01
  -8.5391961e-01
  -8.5869221e-01
  -8.6338019e-01
  -8.6798312e-01
  -8.7250054e-01
  -8.7693202e-01
  -8.8127714e-01
  -8.8553547e-01
  -8.8970662e-01
  -8.9379017e-01
  -8.9778574e-01
  -9.0169294e-01
  -9.0551140e-01
  -9.0924076e-01
  -9.1288065e-01
  -9.1643074e-01
  -9.1989067e-01
  -9.2326013e-01
  -9.2653878e-01
  -9.2972633e-01
  -9.3282245e-01
  -9.3582686e-01
  -9.3873928e-01
  -9.4155943e-01
  -9.4428703e-01
  -9.4692184e-01
  -9.4946360e-01
  -9.5191207e-01
  -9.5426702e-01
  -9.5652823e-01
  -9.5869550e-01
  -9.6076860e-01
  -9.6274736e-01
  -9.6463158e-01
  -9.6642110e-01
  -9.6811573e-01
  -9.6971534e-01
  -9.7121977e-01
  -9.7262888e-01
  -9.7394254e-01
  -9.7516063e-01
  -9.7628306e-01
  -9.7730970e-01
  -9.7824048e-01
  -9.7907531e-01
  -9.7981411e-01
  -9.8045683e-01
  -9.8100342e-01
  -9.8145382e-01
  -9.8180800e-01
  -9.8206594e-01
  -9.8222762e-01
  -9.8229304e-01
  -9.8226220e-01
  -9.8213510e-01
  -9.8191178e-01
  -9.8159227e-01
  -9.8117660e-01
  -9.8066482e-01
  -9.8005700e-01
  -9.7935320e-01
  -9.7855350e-01
  -9.7765799e-01
  -9.7666677e-01
  -9.7557994e-01
  -9.7439762e-01
  -9.7311994e-01
  -9.7174702e-01
  -9.7027902e-01
  -9.6871608e-01
  -9.6705837e-01
  -9.6530606e-01
  -9.6345934e-01
  -9.6151838e-01
  -9.5948339e-01
  -9.5735458e-01
  -9.5513217e-01
  -9.5281639e-01
  -9.5040746e-01
  -9.4790564e-01
  -9.4531118e-01
  -9.4262434e-01
  -9.3984540e-01
  -9.3697463e-01
  -9.3401233e-01
  -9.3095880e-01
  -9.2781434e-01
  -9.2457927e-01
  -9.2125392e-01
  -9.1783862e-01
  -9.1433371e-01
  -9.1073956e-01
  -9.0705651e-01
  -9.0328494e-01
  -8.9942522e-01
  -8.9547775e-01
  -8.9144292e-01
  -8.8732113e-01
  -8.8311280e-01
  -8.7881834e-01
  -8.7443818e-01
  -8.6997277e-01
  -8.6542255e-01
  -8.6078797e-01
  -8.5606950e-01
  -8.5126760e-01
  -8.4638275e-01
  -8.4141545e-01
  -8.3636618e-01
  -8.3123545e-01
  -8.2602378e-01
  -8.2073167e-01
  -8.1535965e-01
  -8.0990826e-01
  -8.0437805e-01
  -7.9876955e-01
  -7.9308334e-01
  -7.8731996e-01
  -7.8148000e-01
  -7.7556404e-01
  -7.6957266e-01
  -7.6350645e-01
  -7.5736602e-01
  -7.5115198e-01
  -7.4486494e-01
  -7.3850553e-01
  -7.3207438e-01
  -7.2557212e-01
  -7.1899939e-01
  -7.1235686e-01
  -7.0564517e-01
  -6.9886500e-01
  -6.9201700e-01
  -6.8510187e-01
  -6.7812028e-01
  -6.7107293e-01
  -6.6396050e-01
  -6.5678372e-01
  -6.4954327e-01
  -6.4223989e-01
  -6.3487429e-01
  -6.2744720e-01
  -6.1995936e-01
  -6.1241150e-01
  -6.0480436e-01
  -5.9713871e-01
  -5.8941530e-01
  -5.8163488e-01
  -5.7379823e-01
  -5.6590613e-01
  -5.5795934e-01
  -5.4995866e-01
  -5.4190487e-01
  -5.3379877e-01
  -5.2564115e-01
  -5.1743283e-01
  -5.0917461e-01
  -5.0086730e-01
  -4.9251173e-01
  -4.8410872e-01
  -4.7565909e-01
  -4.6716367e-01
  -4.5862332e-01
  -4.5003886e-01
  -4.4141114e-01
  -4.3274101e-01
  -4.2402933e-01
  -4.1527695e-01
  -4.0648473e-01
  -3.9765355e-01
  -3.8878426e-01
  -3.7987775e-01
  -3.7093488e-01
  -3.6195654e-01
  -3.5294362e-01
  -3.4389699e-01
  -3.3481755e-01
  -3.2570619e-01
  -3.1656381e-01
  -3.0739130e-01
  -2.9818957e-01
  -2.8895952e-01
  -2.7970207e-01
  -2.7041811e-01
  -2.6110856e-01
  -2.5177434e-01
  -2.4241636e-01
  -2.3303554e-01
  -2.2363281e-01
  -2.1420909e-01
  -2.0476529e-01
  -1.9530236e-01
  -1.8582122e-01
  -1.7632280e-01
  -1.6680803e-01
  -1.5727785e-01
  -1.4773319e-01
  -1.3817499e-01
  -1.2860419e-01
  -1.1902172e-01
  -1.0942853e-01
  -9.9825550e-02
  -9.0213734e-02
  -8.0594020e-02
  -7.0967351e-02
  -6.1334672e-02
  -5.1696926e-02
  -4.2055058e-02
  -3.2410015e-02
  -2.2762740e-02
  -1.3114181e-02
  -3.4652818e-03
   6.1830113e-03
   1.5829753e-02
   2.5473999e-02
   3.5114803e-02
   4.4751221e-02
   5.4382310e-02
   6.4007127e-02
   7.3624728e-02
   8.3234172e-02
   9.2834518e-02
   1.0242483e-01
   1.1200416e-01
   1.2157158e-01
   1.3112615e-01
   1.4066693e-01
   1.5019299e-01
   1.5970341e-01
   1.6919724e-01
   1.7867356e-01
   1.8813144e-01
   1.9756997e-01
   2.0698820e-01
   2.1638524e-01
   2.2576014e-01
   2.3511201e-01
   2.4443992e-01
   2.5374297e-01
   2.6302023e-01
   2.7227082e-01
   2.8149382e-01
   2.9068833e-01
   2.9985346e-01
   3.0898831e-01
   3.1809198e-01
   3.2716359e-01
   3.3620225e-01
   3.4520708e-01
   3.5417721e-01
   3.6311175e-01
   3.7200983e-01
   3.8087058e-01
   3.8969315e-01
   3.9847667e-01
   4.0722027e-01
   4.1592312e-01
   4.2458436e-01
   4.3320314e-01
   4.4177863e-01
   4.5030999e-01
   4.5879639e-01
   4.6723700e-01
   4.7563100e-01
   4.8397756e-01
   4.9227589e-01
   5.0052516e-01
   5.0872457e-01
   5.1687334e-01
   5.2497065e-01
   5.3301574e-01
   5.4100780e-01
   5.4894606e-01
   5.5682976e-01
   5.6465812e-01
   5.7243038e-01
   5.8014579e-01
   5.8780359e-01
   5.9540304e-01
   6.0294341e-01
   6.1042395e-01
   6.1784394e-01
   6.2520267e-01
   6.3249941e-01
   6.3973345e-01
   6.4690410e-01
   6.5401066e-01
   6.6105243e-01
   6.6802874e-01
   6.7493890e-01
   6.8178225e-01
   6.8855811e-01
   6.9526585e-01
   7.0190479e-01
   7.0847431e-01
   7.1497376e-01
   7.2140251e-01
   7.2775994e-01
   7.3404543e-01
   7.4025838e-01
   7.4639818e-01
   7.5246424e-01
   7.5845597e-01
   7.6437279e-01
   7.7021413e-01
   7.7597943e-01
   7.8166812e-01
   7.8727966e-01
   7.9281350e-01
   7.9826911e-01
   8.0364597e-01
   8.0894355e-01
   8.1416134e-01
   8.1929884e-01
   8.2435555e-01
   8.2933099e-01
   8.3422467e-01
   8.3903613e-01
   8.4376490e-01
   8.4841053e-01
   8.5297256e-01
   8.5745057e-01
   8.6184411e-01
   8.6615277e-01
   8.7037613e-01
   8.7451380e-01
   8.7856536e-01
   8.8253043e-01
   8.8640864e-01
   8.9019960e-01
   8.9390297e-01
   8.9751837e-01
   9.0104548e-01
   9.0448394e-01
   9.0783344e-01
   9.1109365e-01
   9.1426426e-01
   9.1734498e-01
   9.2033550e-01
   9.2323554e-01
   9.2604483e-01
   9.2876310e-01
   9.3139009e-01
   9.3392556e-01
   9.3636927e-01
   9.3872098e-01
   9.4098048e-01
   9.4314755e-01
   9.4522198e-01
   9.4720359e-01
   9.4909219e-01
   9.5088760e-01
   9.5258966e-01
   9.5419820e-01
   9.5571309e-01
   9.5713418e-01
   9.5846133e-01
   9.5969444e-01
   9.6083339e-01
   9.6187807e-01
   9.6282840e-01
   9.6368428e-01
   9.6444565e-01
   9.6511243e-01
   9.6568458e-01
   9.6616205e-01
   9.6654480e-01
   9.6683279e-01
   9.6702602e-01
   9.6712447e-01
   9.6712814e-01
   9.6703704e-01
   9.6685118e-01
   9.6657061e-01
   9.6619535e-01
   9.6572544e-01
   9.6516095e-01
   9.6450194e-01
   9.6374849e-01
   9.6290066e-01
   9.6195857e-01
   9.6092231e-01
   9.5979198e-01
   9.5856772e-01
   9.5724965e-01
   9.5583790e-01
   9.5433263e-01
   9.5273399e-01
   9.5104215e-01
   9.4925728e-01
   9.4737957e-01
   9.4540921e-01
   9.4334640e-01
   9.4119135e-01
   9.3894429e-01
   9.3660544e-01
   9.3417504e-01
   9.3165334e-01
   9.2904059e-01
   9.2633707e-01
   9.2354303e-01
   9.2065877e-01
   9.1768458e-01
   9.1462075e-01
   9.1146760e-01
   9.0822545e-01
   9.0489461e-01
   9.0147543e-01
   8.9796825e-01
   8.9437342e-01
   8.9069130e-01
   8.8692227e-01
   8.8306669e-01
   8.7912496e-01
   8.7509747e-01
   8.7098463e-01
   8.6678684e-01
   8.6250452e-01
   8.5813810e-01
   8.5368803e-01
   8.4915474e-01
   8.4453868e-01
   8.3984032e-01
   8.3506012e-01
   8.3019856e-01
   8.2525613e-01
   8.2023331e-01
   8.1513061e-01
   8.0994854e-01
   8.0468761e-01
   7.9934834e-01
   7.9393126e-01
   7.8843692e-01
   7.8286586e-01
   7.7721863e-01
   7.7149580e-01
   7.6569792e-01
   7.5982559e-01
   7.5387937e-01
   7.4785986e-01
   7.4176766e-01
   7.3560337e-01
   7.2936760e-01
   7.2306098e-01
   7.1668411e-01
   7.1023765e-01
   7.0372222e-01
   6.9713846e-01
   6.9048705e-01
   6.8376862e-01
   6.7698385e-01
   6.7013340e-01
   6.6321796e-01
   6.5623821e-01
   6.4919484e-01
   6.4208854e-01
   6.3492002e-01
   6.2768999e-01
   6.2039915e-01
   6.1304824e-01
   6.0563798e-01
   5.9816910e-01
   5.9064233e-01
   5.8305842e-01
   5.7541812e-01
   5.6772219e-01
   5.5997138e-01
   5.5216645e-01
   5.4430819e-01
   5.3639735e-01
   5.2843473e-01
   5.2042111e-01
   5.1235728e-01
   5.0424403e-01
   4.9608217e-01
   4.8787249e-01
   4.7961581e-01
   4.7131295e-01
   4.6296471e-01
   4.5457192e-01
   4.4613542e-01
   4.3765602e-01
   4.2913457e-01
   4.2057190e-01
   4.1196886e-01
   4.0332629e-01
   3.9464505e-01
   3.8592599e-01
   3.7716996e-01
   3.6837784e-01
   3.5955047e-01
   3.5068874e-01
   3.4179352e-01
   3.3286567e-01
   3.2390608e-01
   3.1491563e-01
   3.0589520e-01
   2.9684568e-01
   2.8776796e-01
   2.7866293e-01
   2.6953149e-01
   2.6037452e-01
   2.5119295e-01
   2.4198765e-01
   2.3275955e-01
   2.2350954e-01
   2.1423854e-01
   2.0494746e-01
   1.9563720e-01
   1.8630868e-01
   1.7696282e-01
   1.6760053e-01
   1.5822274e-01
   1.4883037e-01
   1.3942433e-01
   1.3000555e-01
   1.2057495e-01
   1.1113346e-01
   1.0168201e-01
   9.2221518e-02
   8.2752917e-02
   7.3277136e-02
   6.3795103e-02
   5.4307748e-02
   4.4816000e-02
   3.5320792e-02
   2.5823052e-02
   1.6323713e-02
   6.8237051e-03
  -2.6760406e-03
  -1.2174593e-02
  -2.1671022e-02
  -3.1164396e-02
  -4.0653787e-02
  -5.0138264e-02
  -5.9616899e-02
  -6.9088763e-02
  -7.8552928e-02
  -8.8008469e-02
  -9.7454459e-02
  -1.0688997e-01
  -1.1631409e-01
  -1.2572589e-01
  -1.3512444e-01
  -1.4450883e-01
  -1.5387814e-01
  -1.6323146e-01
  -1.7256786e-01
  -1.8188644e-01
  -1.9118628e-01
  -2.0046647e-01
  -2.0972612e-01
  -2.1896430e-01
  -2.2818012e-01
  -2.3737268e-01
  -2.4654108e-01
  -2.5568442e-01
  -2.6480182e-01
  -2.7389237e-01
  -2.8295519e-01
  -2.9198939e-01
  -3.0099410e-01
  -3.0996843e-01
  -3.1891151e-01
  -3.2782246e-01
  -3.3670041e-01
  -3.4554450e-01
  -3.5435387e-01
  -3.6312765e-01
  -3.7186498e-01
  -3.8056502e-01
  -3.8922692e-01
  -3.9784982e-01
  -4.0643290e-01
  -4.1497531e-01
  -4.2347622e-01
  -4.3193479e-01
  -4.4035022e-01
  -4.4872167e-01
  -4.5704832e-01
  -4.6532938e-01
  -4.7356403e-01
  -4.8175146e-01
  -4.8989089e-01
  -4.9798151e-01
  -5.0602254e-01
  -5.1401320e-01
  -5.2195271e-01
  -5.2984030e-01
  -5.3767519e-01
  -5.4545663e-01
  -5.5318385e-01
  -5.6085611e-01
  -5.6847266e-01
  -5.7603276e-01
  -5.8353568e-01
  -5.9098067e-01
  -5.9836703e-01
  -6.0569403e-01
  -6.1296096e-01
  -6.2016711e-01
  -6.2731179e-01
  -6.3439429e-01
  -6.4141394e-01
  -6.4837005e-01
  -6.5526194e-01
  -6.6208895e-01
  -6.6885041e-01
  -6.7554566e-01
  -6.8217406e-01
  -6.8873497e-01
  -6.9522774e-01
  -7.0165176e-01
  -7.0800638e-01
  -7.1429101e-01
  -7.2050503e-01
  -7.2664783e-01
  -7.3271883e-01
  -7.3871744e-01
  -7.4464307e-01
  -7.5049515e-01
  -7.5627312e-01
  -7.6197641e-01
  -7.6760448e-01
  -7.7315678e-01
  -7.7863277e-01
  -7.8403193e-01
  -7.8935373e-01
  -7.9459766e-01
  -7.9976321e-01
  -8.0484989e-01
  -8.0985721e-01
  -8.1478467e-01
  -8.1963181e-01
  -8.2439816e-01
  -8.2908325e-01
  -8.3368665e-01
  -8.3820790e-01
  -8.4264658e-01
  -8.4700224e-01
  -8.5127449e-01
  -8.5546289e-01
  -8.5956706e-01
  -8.6358660e-01
  -8.6752112e-01
  -8.7137025e-01
  -8.7513361e-01
  -8.7881085e-01
  -8.8240162e-01
  -8.8590556e-01
  -8.8932235e-01
  -8.9265167e-01
  -8.9589318e-01
  -8.9904659e-01
  -9.0211159e-01
  -9.0508789e-01
  -9.0797521e-01
  -9.1077328e-01
  -9.1348182e-01
  -9.1610059e-01
  -9.1862933e-01
  -9.2106781e-01
  -9.2341579e-01
  -9.2567305e-01
  -9.2783939e-01
  -9.2991459e-01
  -9.3189847e-01
  -9.3379084e-01
  -9.3559152e-01
  -9.3730035e-01
  -9.3891716e-01
  -9.4044180e-01
  -9.4187415e-01
  -9.4321405e-01
  -9.4446141e-01
  -9.4561609e-01
  -9.4667799e-01
  -9.4764703e-01
  -9.4852311e-01
  -9.4930616e-01
  -9.4999611e-01
  -9.5059290e-01
  -9.5109649e-01
  -9.5150683e-01
  -9.5182388e-01
  -9.5204764e-01
  -9.5217809e-01
  -9.5221521e-01
  -9.5215903e-01
  -9.5200955e-01
  -9.5176679e-01
  -9.5143080e-01
  -9.5100160e-01
  -9.5047926e-01
  -9.4986384e-01
  -9.4915539e-01
  -9.4835401e-01
  -9.4745978e-01
  -9.4647279e-01
  -9.4539315e-01
  -9.4422098e-01
  -9.4295640e-01
  -9.4159955e-01
  -9.4015055e-01
  -9.3860958e-01
  -9.3697678e-01
  -9.3525233e-01
  -9.3343640e-01
  -9.3152918e-01
  -9.2953086e-01
  -9.2744166e-01
  -9.2526178e-01
  -9.2299145e-01
  -9.2063089e-01
  -9.1818036e-01
  -9.1564009e-01
  -9.1301034e-01
  -9.1029139e-01
  -9.0748351e-01
  -9.0458697e-01
  -9.0160208e-01
  -8.9852913e-01
  -8.9536844e-01
  -8.9212032e-01
  -8.8878509e-01
  -8.8536311e-01
  -8.8185469e-01
  -8.7826022e-01
  -8.7458003e-01
  -8.7081450e-01
  -8.6696401e-01
  -8.6302894e-01
  -8.5900969e-01
  -8.5490666e-01
  -8.5072026e-01
  -8.4645090e-01
  -8.4209902e-01
  -8.3766505e-01
  -8.3314943e-01
  -8.2855261e-01
  -8.2387506e-01
  -8.1911723e-01
  -8.1427959e-01
  -8.0936265e-01
  -8.0436687e-01
  -7.9929276e-01
  -7.9414083e-01
  -7.8891159e-01
  -7.8360555e-01
  -7.7822324e-01
  -7.7276521e-01
  -7.6723198e-01
  -7.6162412e-01
  -7.5594217e-01
  -7.5018671e-01
  -7.4435829e-01
  -7.3845751e-01
  -7.3248495e-01
  -7.2644120e-01
  -7.2032685e-01
  -7.1414251e-01
  -7.0788881e-01
  -7.0156635e-01
  -6.9517576e-01
  -6.8871768e-01
  -6.8219274e-01
  -6.7560160e-01
  -6.6894490e-01
  -6.6222330e-01
  -6.5543746e-01
  -6.4858807e-01
  -6.4167579e-01
  -6.3470131e-01
  -6.2766532e-01
  -6.2056852e-01
  -6.1341160e-01
  -6.0619527e-01
  -5.9892025e-01
  -5.9158725e-01
  -5.8419700e-01
  -5.7675023e-01
  -5.6924767e-01
  -5.6169007e-01
  -5.5407817e-01
  -5.4641272e-01
  -5.3869448e-01
  -5.3092420e-01
  -5.2310267e-01
  -5.1523064e-01
  -5.0730889e-01
  -4.9933821e-01
  -4.9131938e-01
  -4.8325319e-01
  -4.7514044e-01
  -4.6698192e-01
  -4.5877845e-01
  -4.5053082e-01
  -4.4223985e-01
  -4.3390636e-01
  -4.2553116e-01
  -4.1711509e-01
  -4.0865897e-01
  -4.0016364e-01
  -3.9162992e-01
  -3.8305867e-01
  -3.7445072e-01
  -3.6580691e-01
  -3.5712812e-01
  -3.4841517e-01
  -3.3966894e-01
  -3.3089028e-01
  -3.2208006e-01
  -3.1323914e-01
  -3.0436839e-01
  -2.9546869e-01
  -2.8654091e-01
  -2.7758592e-01
  -2.6860461e-01
  -2.5959785e-01
  -2.5056655e-01
  -2.4151157e-01
  -2.3243382e-01
  -2.2333418e-01
  -2.1421354e-01
  -2.0507281e-01
  -1.9591288e-01
  -1.8673465e-01
  -1.7753902e-01
  -1.6832690e-01
  -1.5909918e-01
  -1.4985678e-01
  -1.4060059e-01
  -1.3133154e-01
  -1.2205053e-01
  -1.1275847e-01
  -1.0345626e-01
  -9.4144835e-02
  -8.4825094e-02
  -7.5497954e-02
  -6.6164330e-02
  -5.6825137e-02
  -4.7481290e-02
  -3.8133707e-02
  -2.8783303e-02
  -1.9430995e-02
  -1.0077699e-02
  -7.2433170e-04
   8.6281897e-03
   1.7978949e-02
   2.7327030e-02
   3.6671518e-02
   4.6011496e-02
   5.5346051e-02
   6.4674267e-02
   7.3995232e-02
   8.3308033e-02
   9.2611758e-02
   1.0190550e-01
   1.1118834e-01
   1.2045937e-01
   1.2971770e-01
   1.3896240e-01
   1.4819259e-01
   1.5740734e-01
   1.6660577e-01
   1.7578698e-01
   1.8495005e-01
   1.9409411e-01
   2.0321825e-01
   2.1232158e-01
   2.2140322e-01
   2.3046227e-01
   2.3949785e-01
   2.4850908e-01
   2.5749507e-01
   2.6645495e-01
   2.7538784e-01
   2.8429287e-01
   2.9316917e-01
   3.0201587e-01
   3.1083211e-01
   3.1961703e-01
   3.2836977e-01
   3.3708947e-01
   3.4577529e-01
   3.5442637e-01
   3.6304187e-01
   3.7162096e-01
   3.8016279e-01
   3.8866653e-01
   3.9713135e-01
   4.0555643e-01
   4.1394094e-01
   4.2228407e-01
   4.3058500e-01
   4.3884292e-01
   4.4705704e-01
   4.5522654e-01
   4.6335063e-01
   4.7142852e-01
   4.7945942e-01
   4.8744256e-01
   4.9537715e-01
   5.0326241e-01
   5.1109759e-01
   5.1888192e-01
   5.2661465e-01
   5.3429501e-01
   5.4192226e-01
   5.4949566e-01
   5.5701448e-01
   5.6447797e-01
   5.7188543e-01
   5.7923611e-01
   5.8652932e-01
   5.9376433e-01
   6.0094046e-01
   6.0805700e-01
   6.1511325e-01
   6.2210854e-01
   6.2904218e-01
   6.3591350e-01
   6.4272184e-01
   6.4946652e-01
   6.5614691e-01
   6.6276234e-01
   6.6931219e-01
   6.7579580e-01
   6.8221256e-01
   6.8856184e-01
   6.9484302e-01
   7.0105550e-01
   7.0719867e-01
   7.1327195e-01
   7.1927473e-01
   7.2520645e-01
   7.3106652e-01
   7.3685438e-01
   7.4256946e-01
   7.4821123e-01
   7.5377912e-01
   7.5927260e-01
   7.6469114e-01
   7.7003422e-01
   7.7530132e-01
   7.8049194e-01
   7.8560556e-01
   7.9064170e-01
   7.9559987e-01
   8.0047959e-01
   8.0528040e-01
   8.1000183e-01
   8.1464342e-01
   8.1920473e-01
   8.2368532e-01
   8.2808475e-01
   8.3240261e-01
   8.3663848e-01
   8.4079195e-01
   8.4486263e-01
   8.4885012e-01
   8.5275404e-01
   8.5657401e-01
   8.6030967e-01
   8.6396067e-01
   8.6752665e-01
   8.7100727e-01
   8.7440220e-01
   8.7771111e-01
   8.8093369e-01
   8.8406963e-01
   8.8711863e-01
   8.9008041e-01
   8.9295468e-01
   8.9574116e-01
   8.9843960e-01
   9.0104973e-01
   9.0357132e-01
   9.0600411e-01
   9.0834789e-01
   9.1060243e-01
   9.1276752e-01
   9.1484295e-01
   9.1682854e-01
   9.1872408e-01
   9.2052942e-01
   9.2224438e-01
   9.2386880e-01
   9.2540252e-01
   9.2684542e-01
   9.2819736e-01
   9.2945820e-01
   9.3062785e-01
   9.3170619e-01
   9.3269312e-01
   9.3358857e-01
   9.3439244e-01
   9.3510467e-01
   9.3572520e-01
   9.3625398e-01
   9.3669096e-01
   9.3703612e-01
   9.3728941e-01
   9.3745084e-01
   9.3752039e-01
   9.3749807e-01
   9.3738388e-01
   9.3717785e-01
   9.3688001e-01
   9.3649039e-01
   9.3600904e-01
   9.3543602e-01
   9.3477139e-01
   9.3401522e-01
   9.3316761e-01
   9.3222864e-01
   9.3119841e-01
   9.3007703e-01
   9.2886462e-01
   9.2756132e-01
   9.2616725e-01
   9.2468256e-01
   9.2310740e-01
   9.2144194e-01
   9.1968636e-01
   9.1784083e-01
   9.1590553e-01
   9.1388068e-01
   9.1176647e-01
   9.0956313e-01
   9.0727088e-01
   9.0488994e-01
   9.0242057e-01
   8.9986301e-01
   8.9721752e-01
   8.9448438e-01
   8.9166385e-01
   8.8875622e-01
   8.8576179e-01
   8.8268086e-01
   8.7951373e-01
   8.7626073e-01
   8.7292219e-01
   8.6949843e-01
   8.6598981e-01
   8.6239667e-01
   8.5871937e-01
   8.5495829e-01
   8.5111381e-01
   8.4718629e-01
   8.4317615e-01
   8.3908377e-01
   8.3490958e-01
   8.3065398e-01
   8.2631740e-01
   8.2190028e-01
   8.1740305e-01
   8.1282616e-01
   8.0817007e-01
   8.0343525e-01
   7.9862216e-01
   7.9373128e-01
   7.8876311e-01
   7.8371813e-01
   7.7859685e-01
   7.7339977e-01
   7.6812742e-01
   7.6278032e-01
   7.5735900e-01
   7.5186399e-01
   7.4629585e-01
   7.4065512e-01
   7.3494236e-01
   7.2915815e-01
   7.2330306e-01
   7.1737766e-01
   7.1138255e-01
   7.0531832e-01
   6.9918557e-01
   6.9298490e-01
   6.8671694e-01
   6.8038229e-01
   6.7398160e-01
   6.6751549e-01
   6.6098461e-01
   6.5438959e-01
   6.4773110e-01
   6.4100979e-01
   6.3422632e-01
   6.2738137e-01
   6.2047562e-01
   6.1350974e-01
   6.0648442e-01
   5.9940037e-01
   5.9225827e-01
   5.8505883e-01
   5.7780278e-01
   5.7049081e-01
   5.6312366e-01
   5.5570205e-01
   5.4822671e-01
   5.4069838e-01
   5.3311781e-01
   5.2548574e-01
   5.1780293e-01
   5.1007013e-01
   5.0228810e-01
   4.9445762e-01
   4.8657945e-01
   4.7865438e-01
   4.7068318e-01
   4.6266663e-01
   4.5460554e-01
   4.4650069e-01
   4.3835288e-01
   4.3016291e-01
   4.2193160e-01
   4.1365974e-01
   4.0534817e-01
   3.9699768e-01
   3.8860911e-01
   3.8018329e-01
   3.7172104e-01
   3.6322319e-01
   3.5469058e-01
   3.4612405e-01
   3.3752444e-01
   3.2889260e-01
   3.2022938e-01
   3.1153563e-01
   3.0281220e-01
   2.9405996e-01
   2.8527975e-01
   2.7647246e-01
   2.6763893e-01
   2.5878004e-01
   2.4989667e-01
   2.4098968e-01
   2.3205994e-01
   2.2310834e-01
   2.1413576e-01
   2.0514307e-01
   1.9613116e-01
   1.8710091e-01
   1.7805322e-01
   1.6898896e-01
   1.5990904e-01
   1.5081433e-01
   1.4170574e-01
   1.3258415e-01
   1.2345047e-01
   1.1430558e-01
   1.0515039e-01
   9.5985790e-02
   8.6812684e-02
   7.7631970e-02
   6.8444549e-02
   5.9251321e-02
   5.0053188e-02
   4.0851051e-02
   3.1645813e-02
   2.2438377e-02
   1.3229643e-02
   4.0205159e-03
  -5.1881030e-03
  -1.4395311e-02
  -2.3600206e-02
  -3.2801887e-02
  -4.1999452e-02
  -5.1192000e-02
  -6.0378631e-02
  -6.9558445e-02
  -7.8730544e-02
  -8.7894029e-02
  -9.7048003e-02
  -1.0619157e-01
  -1.1532384e-01
  -1.2444391e-01
  -1.3355089e-01
  -1.4264389e-01
  -1.5172203e-01
  -1.6078440e-01
  -1.6983014e-01
  -1.7885834e-01
  -1.8786814e-01
  -1.9685864e-01
  -2.0582897e-01
  -2.1477826e-01
  -2.2370562e-01
  -2.3261018e-01
  -2.4149108e-01
  -2.5034744e-01
  -2.5917841e-01
  -2.6798311e-01
  -2.7676069e-01
  -2.8551029e-01
  -2.9423105e-01
  -3.0292213e-01
  -3.1158268e-01
  -3.2021184e-01
  -3.2880878e-01
  -3.3737266e-01
  -3.4590264e-01
  -3.5439788e-01
  -3.6285757e-01
  -3.7128087e-01
  -3.7966697e-01
  -3.8801504e-01
  -3.9632427e-01
  -4.0459385e-01
  -4.1282297e-01
  -4.2101083e-01
  -4.2915664e-01
  -4.3725959e-01
  -4.4531891e-01
  -4.5333379e-01
  -4.6130347e-01
  -4.6922717e-01
  -4.7710411e-01
  -4.8493352e-01
  -4.9271465e-01
  -5.0044674e-01
  -5.0812902e-01
  -5.1576077e-01
  -5.2334123e-01
  -5.3086966e-01
  -5.3834533e-01
  -5.4576752e-01
  -5.5313550e-01
  -5.6044856e-01
  -5.6770598e-01
  -5.7490706e-01
  -5.8205110e-01
  -5.8913741e-01
  -5.9616529e-01
  -6.0313406e-01
  -6.1004305e-01
  -6.1689158e-01
  -6.2367899e-01
  -6.3040463e-01
  -6.3706783e-01
  -6.4366795e-01
  -6.5020435e-01
  -6.5667640e-01
  -6.6308346e-01
  -6.6942493e-01
  -6.7570017e-01
  -6.8190858e-01
  -6.8804957e-01
  -6.9412253e-01
  -7.0012688e-01
  -7.0606204e-01
  -7.1192743e-01
  -7.1772248e-01
  -7.2344663e-01
  -7.2909933e-01
  -7.3468003e-01
  -7.4018820e-01
  -7.4562329e-01
  -7.5098479e-01
  -7.5627217e-01
  -7.6148492e-01
  -7.6662255e-01
  -7.7168455e-01
  -7.7667044e-01
  -7.8157974e-01
  -7.8641196e-01
  -7.9116665e-01
  -7.9584335e-01
  -8.0044160e-01
  -8.0496097e-01
  -8.0940102e-01
  -8.1376132e-01
  -8.1804145e-01
  -8.2224100e-01
  -8.2635957e-01
  -8.3039676e-01
  -8.3435218e-01
  -8.3822546e-01
  -8.4201622e-01
  -8.4572409e-01
  -8.4934874e-01
  -8.5288979e-01
  -8.5634693e-01
  -8.5971981e-01
  -8.6300812e-01
  -8.6621154e-01
  -8.6932977e-01
  -8.7236250e-01
  -8.7530946e-01
  -8.7817035e-01
  -8.8094491e-01
  -8.8363288e-01
  -8.8623399e-01
  -8.8874801e-01
  -8.9117469e-01
  -8.9351381e-01
  -8.9576514e-01
  -8.9792848e-01
  -9.0000361e-01
  -9.0199035e-01
  -9.0388851e-01
  -9.0569791e-01
  -9.0741838e-01
  -9.0904977e-01
  -9.1059192e-01
  -9.1204469e-01
  -9.1340794e-01
  -9.1468156e-01
  -9.1586542e-01
  -9.1695941e-01
  -9.1796345e-01
  -9.1887744e-01
  -9.1970130e-01
  -9.2043495e-01
  -9.2107834e-01
  -9.2163141e-01
  -9.2209411e-01
  -9.2246642e-01
  -9.2274829e-01
  -9.2293971e-01
  -9.2304068e-01
  -9.2305119e-01
  -9.2297125e-01
  -9.2280087e-01
  -9.2254008e-01
  -9.2218892e-01
  -9.2174743e-01
  -9.2121566e-01
  -9.2059367e-01
  -9.1988153e-01
  -9.1907932e-01
  -9.1818713e-01
  -9.1720505e-01
  -9.1613320e-01
  -9.1497167e-01
  -9.1372060e-01
  -9.1238012e-01
  -9.1095036e-01
  -9.0943148e-01
  -9.0782364e-01
  -9.0612699e-01
  -9.0434172e-01
  -9.0246800e-01
  -9.0050604e-01
  -8.9845602e-01
  -8.9631817e-01
  -8.9409270e-01
  -8.9177983e-01
  -8.8937981e-01
  -8.8689286e-01
  -8.8431926e-01
  -8.8165925e-01
  -8.7891311e-01
  -8.7608111e-01
  -8.7316354e-01
  -8.7016070e-01
  -8.6707288e-01
  -8.6390040e-01
  -8.6064358e-01
  -8.5730275e-01
  -8.5387823e-01
  -8.5037037e-01
  -8.4677954e-01
  -8.4310607e-01
  -8.3935035e-01
  -8.3551276e-01
  -8.3159366e-01
  -8.2759346e-01
  -8.2351256e-01
  -8.1935136e-01
  -8.1511028e-01
  -8.1078974e-01
  -8.0639017e-01
  -8.0191202e-01
  -7.9735573e-01
  -7.9272175e-01
  -7.8801054e-01
  -7.8322258e-01
  -7.7835834e-01
  -7.7341831e-01
  -7.6840297e-01
  -7.6331283e-01
  -7.5814839e-01
  -7.5291016e-01
  -7.4759867e-01
  -7.4221444e-01
  -7.3675801e-01
  -7.3122992e-01
  -7.2563072e-01
  -7.1996096e-01
  -7.1422121e-01
  -7.0841203e-01
  -7.0253400e-01
  -6.9658771e-01
  -6.9057375e-01
  -6.8449270e-01
  -6.7834517e-01
  -6.7213178e-01
  -6.6585313e-01
  -6.5950985e-01
  -6.5310257e-01
  -6.4663191e-01
  -6.4009853e-01
  -6.3350306e-01
  -6.2684617e-01
  -6.2012850e-01
  -6.1335072e-01
  -6.0651350e-01
  -5.9961752e-01
  -5.9266346e-01
  -5.8565201e-01
  -5.7858385e-01
  -5.7145969e-01
  -5.6428023e-01
  -5.5704619e-01
  -5.4975826e-01
  -5.4241718e-01
  -5.3502366e-01
  -5.2757845e-01
  -5.2008226e-01
  -5.1253585e-01
  -5.0493995e-01
  -4.9729532e-01
  -4.8960271e-01
  -4.8186287e-01
  -4.7407657e-01
  -4.6624459e-01
  -4.5836768e-01
  -4.5044663e-01
  -4.4248221e-01
  -4.3447522e-01
  -4.2642644e-01
  -4.1833666e-01
  -4.1020668e-01
  -4.0203730e-01
  -3.9382932e-01
  -3.8558356e-01
  -3.7730082e-01
  -3.6898192e-01
  -3.6062769e-01
  -3.5223893e-01
  -3.4381647e-01
  -3.3536116e-01
  -3.2687380e-01
  -3.1835525e-01
  -3.0980634e-01
  -3.0122791e-01
  -2.9262080e-01
  -2.8398586e-01
  -2.7532394e-01
  -2.6663589e-01
  -2.5792256e-01
  -2.4918481e-01
  -2.4042350e-01
  -2.3163949e-01
  -2.2283364e-01
  -2.1400682e-01
  -2.0515990e-01
  -1.9629373e-01
  -1.8740920e-01
  -1.7850718e-01
  -1.6958854e-01
  -1.6065415e-01
  -1.5170490e-01
  -1.4274165e-01
  -1.3376530e-01
  -1.2477672e-01
  -1.1577680e-01
  -1.0676641e-01
  -9.7746440e-02
  -8.8717778e-02
  -7.9681307e-02
  -7.0637913e-02
  -6.1588484e-02
  -5.2533906e-02
  -4.3475068e-02
  -3.4412858e-02
  -2.5348163e-02
  -1.6281872e-02
  -7.2148749e-03
   1.8519411e-03
   1.0917687e-02
   1.9981475e-02
   2.9042417e-02
   3.8099625e-02
   4.7152212e-02
   5.6199291e-02
   6.5239977e-02
   7.4273384e-02
   8.3298628e-02
   9.2314825e-02
   1.0132109e-01
   1.1031655e-01
   1.1930031e-01
   1.2827151e-01
   1.3722926e-01
   1.4617268e-01
   1.5510090e-01
   1.6401305e-01
   1.7290825e-01
   1.8178564e-01
   1.9064434e-01
   1.9948350e-01
   2.0830224e-01
   2.1709970e-01
   2.2587503e-01
   2.3462737e-01
   2.4335586e-01
   2.5205965e-01
   2.6073788e-01
   2.6938971e-01
   2.7801430e-01
   2.8661080e-01
   2.9517837e-01
   3.0371618e-01
   3.1222339e-01
   3.2069918e-01
   3.2914270e-01
   3.3755315e-01
   3.4592969e-01
   3.5427152e-01
   3.6257781e-01
   3.7084776e-01
   3.7908056e-01
   3.8727541e-01
   3.9543151e-01
   4.0354806e-01
   4.1162426e-01
   4.1965935e-01
   4.2765252e-01
   4.3560300e-01
   4.4351002e-01
   4.5137280e-01
   4.5919059e-01
   4.6696261e-01
   4.7468811e-01
   4.8236634e-01
   4.8999655e-01
   4.9757800e-01
   5.0510995e-01
   5.1259166e-01
   5.2002241e-01
   5.2740148e-01
   5.3472814e-01
   5.4200168e-01
   5.4922141e-01
   5.5638660e-01
   5.6349658e-01
   5.7055064e-01
   5.7754810e-01
   5.8448828e-01
   5.9137050e-01
   5.9819410e-01
   6.0495842e-01
   6.1166280e-01
   6.1830658e-01
   6.2488912e-01
   6.3140978e-01
   6.3786793e-01
   6.4426294e-01
   6.5059420e-01
   6.5686108e-01
   6.6306299e-01
   6.6919931e-01
   6.7526945e-01
   6.8127283e-01
   6.8720887e-01
   6.9307698e-01
   6.9887660e-01
   7.0460717e-01
   7.1026814e-01
   7.1585895e-01
   7.2137906e-01
   7.2682795e-01
   7.3220508e-01
   7.3750993e-01
   7.4274200e-01
   7.4790077e-01
   7.5298575e-01
   7.5799644e-01
   7.6293237e-01
   7.6779305e-01
   7.7257802e-01
   7.7728682e-01
   7.8191899e-01
   7.8647409e-01
   7.9095167e-01
   7.9535130e-01
   7.9967257e-01
   8.0391506e-01
   8.0807835e-01
   8.1216205e-01
   8.1616577e-01
   8.2008912e-01
   8.2393172e-01
   8.2769321e-01
   8.3137323e-01
   8.3497141e-01
   8.3848743e-01
   8.4192094e-01
   8.4527161e-01
   8.4853912e-01
   8.5172317e-01
   8.5482344e-01
   8.5783964e-01
   8.6077149e-01
   8.6361871e-01
   8.6638102e-01
   8.6905816e-01
   8.7164988e-01
   8.7415593e-01
   8.7657608e-01
   8.7891009e-01
   8.8115775e-01
   8.8331885e-01
   8.8539317e-01
   8.8738054e-01
   8.8928075e-01
   8.9109364e-01
   8.9281903e-01
   8.9445676e-01
   8.9600669e-01
   8.9746866e-01
   8.9884255e-01
   9.0012822e-01
   9.0132557e-01
   9.0243448e-01
   9.0345484e-01
   9.0438658e-01
   9.0522961e-01
   9.0598384e-01
   9.0664923e-01
   9.0722571e-01
   9.0771323e-01
   9.0811176e-01
   9.0842126e-01
   9.0864172e-01
   9.0877312e-01
   9.0881545e-01
   9.0876872e-01
   9.0863295e-01
   9.0840815e-01
   9.0809436e-01
   9.0769161e-01
   9.0719997e-01
   9.0661947e-01
   9.0595018e-01
   9.0519219e-01
   9.0434558e-01
   9.0341043e-01
   9.0238684e-01
   9.0127493e-01
   9.0007482e-01
   8.9878662e-01
   8.9741047e-01
   8.9594653e-01
   8.9439493e-01
   8.9275584e-01
   8.9102943e-01
   8.8921588e-01
   8.8731537e-01
   8.8532810e-01
   8.8325427e-01
   8.8109410e-01
   8.7884779e-01
   8.7651559e-01
   8.7409773e-01
   8.7159445e-01
   8.6900600e-01
   8.6633266e-01
   8.6357469e-01
   8.6073236e-01
   8.5780597e-01
   8.5479581e-01
   8.5170218e-01
   8.4852540e-01
   8.4526578e-01
   8.4192365e-01
   8.3849935e-01
   8.3499322e-01
   8.3140561e-01
   8.2773689e-01
   8.2398741e-01
   8.2015756e-01
   8.1624772e-01
   8.1225827e-01
   8.0818962e-01
   8.0404218e-01
   7.9981635e-01
   7.9551257e-01
   7.9113125e-01
   7.8667284e-01
   7.8213778e-01
   7.7752652e-01
   7.7283952e-01
   7.6807725e-01
   7.6324019e-01
   7.5832881e-01
   7.5334360e-01
   7.4828505e-01
   7.4315368e-01
   7.3794999e-01
   7.3267450e-01
   7.2732773e-01
   7.2191022e-01
   7.1642249e-01
   7.1086510e-01
   7.0523859e-01
   6.9954353e-01
   6.9378048e-01
   6.8795001e-01
   6.8205270e-01
   6.7608914e-01
   6.7005990e-01
   6.6396560e-01
   6.5780683e-01
   6.5158421e-01
   6.4529835e-01
   6.3894987e-01
   6.3253940e-01
   6.2606758e-01
   6.1953504e-01
   6.1294244e-01
   6.0629042e-01
   5.9957964e-01
   5.9281076e-01
   5.8598446e-01
   5.7910141e-01
   5.7216228e-01
   5.6516777e-01
   5.5811856e-01
   5.5101535e-01
   5.4385885e-01
   5.3664975e-01
   5.2938877e-01
   5.2207663e-01
   5.1471405e-01
   5.0730175e-01
   4.9984047e-01
   4.9233094e-01
   4.8477390e-01
   4.7717010e-01
   4.6952028e-01
   4.6182521e-01
   4.5408563e-01
   4.4630232e-01
   4.3847604e-01
   4.3060756e-01
   4.2269765e-01
   4.1474710e-01
   4.0675669e-01
   3.9872720e-01
   3.9065942e-01
   3.8255416e-01
   3.7441220e-01
   3.6623436e-01
   3.5802142e-01
   3.4977421e-01
   3.4149353e-01
   3.3318021e-01
   3.2483504e-01
   3.1645887e-01
   3.0805250e-01
   2.9961677e-01
   2.9115251e-01
   2.8266055e-01
   2.7414172e-01
   2.6559687e-01
   2.5702682e-01
   2.4843243e-01
   2.3981454e-01
   2.3117399e-01
   2.2251164e-01
   2.1382833e-01
   2.0512492e-01
   1.9640226e-01
   1.8766121e-01
   1.7890263e-01
   1.7012738e-01
   1.6133631e-01
   1.5253030e-01
   1.4371020e-01
   1.3487689e-01
   1.2603122e-01
   1.1717407e-01
   1.0830631e-01
   9.9428803e-02
   9.0542423e-02
   8.1648042e-02
   7.2746531e-02
   6.3838764e-02
   5.4925615e-02
   4.6007957e-02
   3.7086664e-02
   2.8162611e-02
   1.9236673e-02
   1.0309725e-02
   1.3826408e-03
  -7.5437037e-03
  -1.6468434e-02
  -2.5390677e-02
  -3.4309557e-02
  -4.3224201e-02
  -5.2133736e-02
  -6.1037289e-02
  -6.9933989e-02
  -7.8822964e-02
  -8.7703344e-02
  -9.6574260e-02
  -1.0543484e-01
  -1.1428423e-01
  -1.2312154e-01
  -1.3194593e-01
  -1.4075652e-01
  -1.4955246e-01
  -1.5833288e-01
  -1.6709692e-01
  -1.7584374e-01
  -1.8457246e-01
  -1.9328224e-01
  -2.0197223e-01
  -2.1064158e-01
  -2.1928943e-01
  -2.2791495e-01
  -2.3651729e-01
  -2.4509561e-01
  -2.5364908e-01
  -2.6217685e-01
  -2.7067809e-01
  -2.7915198e-01
  -2.8759768e-01
  -2.9601438e-01
  -3.0440124e-01
  -3.1275745e-01
  -3.2108220e-01
  -3.2937466e-01
  -3.3763404e-01
  -3.4585953e-01
  -3.5405032e-01
  -3.6220561e-01
  -3.7032461e-01
  -3.7840652e-01
  -3.8645057e-01
  -3.9445595e-01
  -4.0242190e-01
  -4.1034764e-01
  -4.1823239e-01
  -4.2607538e-01
  -4.3387586e-01
  -4.4163305e-01
  -4.4934621e-01
  -4.5701458e-01
  -4.6463741e-01
  -4.7221397e-01
  -4.7974352e-01
  -4.8722531e-01
  -4.9465863e-01
  -5.0204275e-01
  -5.0937695e-01
  -5.1666052e-01
  -5.2389275e-01
  -5.3107293e-01
  -5.3820036e-01
  -5.4527436e-01
  -5.5229424e-01
  -5.5925931e-01
  -5.6616889e-01
  -5.7302232e-01
  -5.7981892e-01
  -5.8655805e-01
  -5.9323903e-01
  -5.9986123e-01
  -6.0642400e-01
  -6.1292670e-01
  -6.1936871e-01
  -6.2574939e-01
  -6.3206812e-01
  -6.3832431e-01
  -6.4451733e-01
  -6.5064658e-01
  -6.5671148e-01
  -6.6271143e-01
  -6.6864586e-01
  -6.7451418e-01
  -6.8031583e-01
  -6.8605025e-01
  -6.9171688e-01
  -6.9731518e-01
  -7.0284459e-01
  -7.0830460e-01
  -7.1369465e-01
  -7.1901425e-01
  -7.2426287e-01
  -7.2944000e-01
  -7.3454515e-01
  -7.3957782e-01
  -7.4453752e-01
  -7.4942378e-01
  -7.5423613e-01
  -7.5897410e-01
  -7.6363723e-01
  -7.6822507e-01
  -7.7273718e-01
  -7.7717314e-01
  -7.8153250e-01
  -7.8581485e-01
  -7.9001978e-01
  -7.9414689e-01
  -7.9819577e-01
  -8.0216604e-01
  -8.0605731e-01
  -8.0986922e-01
  -8.1360139e-01
  -8.1725348e-01
  -8.2082512e-01
  -8.2431598e-01
  -8.2772573e-01
  -8.3105402e-01
  -8.3430056e-01
  -8.3746503e-01
  -8.4054712e-01
  -8.4354655e-01
  -8.4646302e-01
  -8.4929626e-01
  -8.5204600e-01
  -8.5471198e-01
  -8.5729395e-01
  -8.5979165e-01
  -8.6220486e-01
  -8.6453334e-01
  -8.6677688e-01
  -8.6893527e-01
  -8.7100829e-01
  -8.7299577e-01
  -8.7489750e-01
  -8.7671331e-01
  -8.7844304e-01
  -8.8008652e-01
  -8.8164359e-01
  -8.8311413e-01
  -8.8449798e-01
  -8.8579502e-01
  -8.8700514e-01
  -8.8812822e-01
  -8.8916416e-01
  -8.9011287e-01
  -8.9097427e-01
  -8.9174827e-01
  -8.9243482e-01
  -8.9303384e-01
  -8.9354531e-01
  -8.9396916e-01
  -8.9430537e-01
  -8.9455391e-01
  -8.9471477e-01
  -8.9478795e-01
  -8.9477343e-01
  -8.9467124e-01
  -8.9448138e-01
  -8.9420390e-01
  -8.9383882e-01
  -8.9338619e-01
  -8.9284606e-01
  -8.9221849e-01
  -8.9150355e-01
  -8.9070133e-01
  -8.8981190e-01
  -8.8883537e-01
  -8.8777183e-01
  -8.8662141e-01
  -8.8538422e-01
  -8.8406039e-01
  -8.8265007e-01
  -8.8115338e-01
  -8.7957051e-01
  -8.7790159e-01
  -8.7614682e-01
  -8.7430636e-01
  -8.7238041e-01
  -8.7036916e-01
  -8.6827282e-01
  -8.6609161e-01
  -8.6382574e-01
  -8.6147544e-01
  -8.5904096e-01
  -8.5652254e-01
  -8.5392044e-01
  -8.5123492e-01
  -8.4846624e-01
  -8.4561470e-01
  -8.4268057e-01
  -8.3966415e-01
  -8.3656576e-01
  -8.3338569e-01
  -8.3012426e-01
  -8.2678182e-01
  -8.2335868e-01
  -8.1985520e-01
  -8.1627172e-01
  -8.1260861e-01
  -8.0886623e-01
  -8.0504496e-01
  -8.0114517e-01
  -7.9716726e-01
  -7.9311162e-01
  -7.8897867e-01
  -7.8476881e-01
  -7.8048246e-01
  -7.7612005e-01
  -7.7168202e-01
  -7.6716880e-01
  -7.6258085e-01
  -7.5791863e-01
  -7.5318259e-01
  -7.4837321e-01
  -7.4349097e-01
  -7.3853635e-01
  -7.3350985e-01
  -7.2841197e-01
  -7.2324321e-01
  -7.1800408e-01
  -7.1269511e-01
  -7.0731682e-01
  -7.0186975e-01
  -6.9635443e-01
  -6.9077142e-01
  -6.8512127e-01
  -6.7940454e-01
  -6.7362179e-01
  -6.6777360e-01
  -6.6186055e-01
  -6.5588322e-01
  -6.4984221e-01
  -6.4373811e-01
  -6.3757153e-01
  -6.3134307e-01
  -6.2505336e-01
  -6.1870302e-01
  -6.1229268e-01
  -6.0582296e-01
  -5.9929451e-01
  -5.9270798e-01
  -5.8606401e-01
  -5.7936327e-01
  -5.7260640e-01
  -5.6579410e-01
  -5.5892701e-01
  -5.5200583e-01
  -5.4503124e-01
  -5.3800392e-01
  -5.3092458e-01
  -5.2379390e-01
  -5.1661259e-01
  -5.0938136e-01
  -5.0210093e-01
  -4.9477201e-01
  -4.8739532e-01
  -4.7997160e-01
  -4.7250157e-01
  -4.6498598e-01
  -4.5742555e-01
  -4.4982105e-01
  -4.4217321e-01
  -4.3448279e-01
  -4.2675055e-01
  -4.1897725e-01
  -4.1116365e-01
  -4.0331054e-01
  -3.9541867e-01
  -3.8748882e-01
  -3.7952179e-01
  -3.7151834e-01
  -3.6347928e-01
  -3.5540538e-01
  -3.4729745e-01
  -3.3915628e-01
  -3.3098267e-01
  -3.2277744e-01
  -3.1454138e-01
  -3.0627530e-01
  -2.9798002e-01
  -2.8965635e-01
  -2.8130512e-01
  -2.7292714e-01
  -2.6452324e-01
  -2.5609424e-01
  -2.4764097e-01
  -2.3916426e-01
  -2.3066495e-01
  -2.2214386e-01
  -2.1360185e-01
  -2.0503974e-01
  -1.9645838e-01
  -1.8785860e-01
  -1.7924126e-01
  -1.7060721e-01
  -1.6195728e-01
  -1.5329232e-01
  -1.4461320e-01
  -1.3592076e-01
  -1.2721584e-01
  -1.1849932e-01
  -1.0977204e-01
  -1.0103485e-01
  -9.2288625e-02
  -8.3534210e-02
  -7.4772468e-02
  -6.6004257e-02
  -5.7230438e-02
  -4.8451870e-02
  -3.9669415e-02
  -3.0883934e-02
  -2.2096286e-02
  -1.3307335e-02
  -4.5179412e-03
   4.2710343e-03
   1.3058730e-02
   2.1844285e-02
   3.0626839e-02
   3.9405530e-02
   4.8179501e-02
   5.6947890e-02
   6.5709840e-02
   7.4464492e-02
   8.3210989e-02
   9.1948476e-02
   1.0067610e-01
   1.0939300e-01
   1.1809832e-01
   1.2679122e-01
   1.3547085e-01
   1.4413635e-01
   1.5278687e-01
   1.6142158e-01
   1.7003962e-01
   1.7864016e-01
   1.8722235e-01
   1.9578535e-01
   2.0432833e-01
   2.1285044e-01
   2.2135087e-01
   2.2982877e-01
   2.3828332e-01
   2.4671369e-01
   2.5511906e-01
   2.6349861e-01
   2.7185152e-01
   2.8017697e-01
   2.8847415e-01
   2.9674225e-01
   3.0498046e-01
   3.1318797e-01
   3.2136400e-01
   3.2950773e-01
   3.3761837e-01
   3.4569514e-01
   3.5373724e-01
   3.6174389e-01
   3.6971431e-01
   3.7764772e-01
   3.8554334e-01
   3.9340042e-01
   4.0121817e-01
   4.0899584e-01
   4.1673267e-01
   4.2442791e-01
   4.3208080e-01
   4.3969061e-01
   4.4725658e-01
   4.5477798e-01
   4.6225409e-01
   4.6968416e-01
   4.7706749e-01
   4.8440334e-01
   4.9169100e-01
   4.9892977e-01
   5.0611894e-01
   5.1325781e-01
   5.2034569e-01
   5.2738188e-01
   5.3436571e-01
   5.4129648e-01
   5.4817354e-01
   5.5499621e-01
   5.6176382e-01
   5.6847573e-01
   5.7513127e-01
   5.8172980e-01
   5.8827068e-01
   5.9475328e-01
   6.0117696e-01
   6.0754110e-01
   6.1384509e-01
   6.2008830e-01
   6.2627014e-01
   6.3239001e-01
   6.3844731e-01
   6.4444145e-01
   6.5037186e-01
   6.5623796e-01
   6.6203917e-01
   6.6777495e-01
   6.7344472e-01
   6.7904796e-01
   6.8458410e-01
   6.9005261e-01
   6.9545297e-01
   7.0078466e-01
   7.0604715e-01
   7.1123994e-01
   7.1636253e-01
   7.2141441e-01
   7.2639512e-01
   7.3130415e-01
   7.3614104e-01
   7.4090533e-01
   7.4559654e-01
   7.5021423e-01
   7.5475796e-01
   7.5922728e-01
   7.6362177e-01
   7.6794100e-01
   7.7218456e-01
   7.7635203e-01
   7.8044302e-01
   7.8445713e-01
   7.8839399e-01
   7.9225319e-01
   7.9603439e-01
   7.9973722e-01
   8.0336131e-01
   8.0690633e-01
   8.1037193e-01
   8.1375778e-01
   8.1706357e-01
   8.2028896e-01
   8.2343365e-01
   8.2649735e-01
   8.2947976e-01
   8.3238060e-01
   8.3519959e-01
   8.3793646e-01
   8.4059095e-01
   8.4316281e-01
   8.4565180e-01
   8.4805768e-01
   8.5038022e-01
   8.5261920e-01
   8.5477442e-01
   8.5684567e-01
   8.5883275e-01
   8.6073547e-01
   8.6255367e-01
   8.6428717e-01
   8.6593581e-01
   8.6749943e-01
   8.6897789e-01
   8.7037105e-01
   8.7167879e-01
   8.7290099e-01
   8.7403753e-01
   8.7508831e-01
   8.7605324e-01
   8.7693223e-01
   8.7772520e-01
   8.7843208e-01
   8.7905282e-01
   8.7958736e-01
   8.8003566e-01
   8.8039767e-01
   8.8067338e-01
   8.8086277e-01
   8.8096582e-01
   8.8098254e-01
   8.8091292e-01
   8.8075699e-01
   8.8051477e-01
   8.8018630e-01
   8.7977160e-01
   8.7927074e-01
   8.7868376e-01
   8.7801074e-01
   8.7725175e-01
   8.7640687e-01
   8.7547620e-01
   8.7445983e-01
   8.7335787e-01
   8.7217043e-01
   8.7089765e-01
   8.6953965e-01
   8.6809658e-01
   8.6656859e-01
   8.6495583e-01
   8.6325847e-01
   8.6147669e-01
   8.5961066e-01
   8.5766059e-01
   8.5562666e-01
   8.5350909e-01
   8.5130809e-01
   8.4902389e-01
   8.4665671e-01
   8.4420680e-01
   8.4167441e-01
   8.3905979e-01
   8.3636320e-01
   8.3358493e-01
   8.3072524e-01
   8.2778443e-01
   8.2476280e-01
   8.2166064e-01
   8.1847827e-01
   8.1521601e-01
   8.1187418e-01
   8.0845313e-01
   8.0495319e-01
   8.0137472e-01
   7.9771807e-01
   7.9398361e-01
   7.9017171e-01
   7.8628276e-01
   7.8231714e-01
   7.7827525e-01
   7.7415749e-01
   7.6996428e-01
   7.6569602e-01
   7.6135316e-01
   7.5693611e-01
   7.5244533e-01
   7.4788125e-01
   7.4324434e-01
   7.3853505e-01
   7.3375385e-01
   7.2890122e-01
   7.2397763e-01
   7.1898359e-01
   7.1391959e-01
   7.0878612e-01
   7.0358370e-01
   6.9831285e-01
   6.9297408e-01
   6.8756794e-01
   6.8209495e-01
   6.7655565e-01
   6.7095061e-01
   6.6528036e-01
   6.5954548e-01
   6.5374654e-01
   6.4788410e-01
   6.4195875e-01
   6.3597107e-01
   6.2992166e-01
   6.2381112e-01
   6.1764005e-01
   6.1140906e-01
   6.0511877e-01
   5.9876980e-01
   5.9236277e-01
   5.8589833e-01
   5.7937711e-01
   5.7279976e-01
   5.6616692e-01
   5.5947926e-01
   5.5273742e-01
   5.4594209e-01
   5.3909392e-01
   5.3219359e-01
   5.2524180e-01
   5.1823921e-01
   5.1118653e-01
   5.0408445e-01
   4.9693367e-01
   4.8973489e-01
   4.8248884e-01
   4.7519621e-01
   4.6785773e-01
   4.6047413e-01
   4.5304612e-01
   4.4557445e-01
   4.3805986e-01
   4.3050307e-01
   4.2290483e-01
   4.1526591e-01
   4.0758703e-01
   3.9986897e-01
   3.9211249e-01
   3.8431834e-01
   3.7648729e-01
   3.6862012e-01
   3.6071760e-01
   3.5278051e-01
   3.4480962e-01
   3.3680573e-01
   3.2876962e-01
   3.2070208e-01
   3.1260391e-01
   3.0447589e-01
   2.9631884e-01
   2.8813355e-01
   2.7992083e-01
   2.7168148e-01
   2.6341632e-01
   2.5512615e-01
   2.4681180e-01
   2.3847408e-01
   2.3011381e-01
   2.2173180e-01
   2.1332890e-01
   2.0490591e-01
   1.9646366e-01
   1.8800299e-01
   1.7952473e-01
   1.7102971e-01
   1.6251876e-01
   1.5399272e-01
   1.4545243e-01
   1.3689872e-01
   1.2833243e-01
   1.1975441e-01
   1.1116549e-01
   1.0256652e-01
   9.3958344e-02
   8.5341804e-02
   7.6717745e-02
   6.8087014e-02
   5.9450457e-02
   5.0808920e-02
   4.2163252e-02
   3.3514299e-02
   2.4862909e-02
   1.6209931e-02
   7.5562129e-03
  -1.0973982e-03
  -9.7500537e-03
  -1.8400906e-02
  -2.7049107e-02
  -3.5693811e-02
  -4.4334169e-02
  -5.2969337e-02
  -6.1598468e-02
  -7.0220718e-02
  -7.8835241e-02
  -8.7441195e-02
  -9.6037738e-02
  -1.0462403e-01
  -1.1319922e-01
  -1.2176249e-01
  -1.3031298e-01
  -1.3884986e-01
  -1.4737231e-01
  -1.5587947e-01
  -1.6437053e-01
  -1.7284465e-01
  -1.8130100e-01
  -1.8973876e-01
  -1.9815710e-01
  -2.0655520e-01
  -2.1493223e-01
  -2.2328738e-01
  -2.3161983e-01
  -2.3992877e-01
  -2.4821338e-01
  -2.5647286e-01
  -2.6470640e-01
  -2.7291319e-01
  -2.8109244e-01
  -2.8924334e-01
  -2.9736509e-01
  -3.0545692e-01
  -3.1351802e-01
  -3.2154760e-01
  -3.2954489e-01
  -3.3750911e-01
  -3.4543947e-01
  -3.5333521e-01
  -3.6119554e-01
  -3.6901972e-01
  -3.7680697e-01
  -3.8455653e-01
  -3.9226765e-01
  -3.9993957e-01
  -4.0757155e-01
  -4.1516285e-01
  -4.2271272e-01
  -4.3022043e-01
  -4.3768524e-01
  -4.4510644e-01
  -4.5248329e-01
  -4.5981508e-01
  -4.6710110e-01
  -4.7434062e-01
  -4.8153296e-01
  -4.8867741e-01
  -4.9577327e-01
  -5.0281986e-01
  -5.0981648e-01
  -5.1676247e-01
  -5.2365713e-01
  -5.3049980e-01
  -5.3728982e-01
  -5.4402653e-01
  -5.5070926e-01
  -5.5733738e-01
  -5.6391023e-01
  -5.7042718e-01
  -5.7688760e-01
  -5.8329085e-01
  -5.8963632e-01
  -5.9592339e-01
  -6.0215145e-01
  -6.0831989e-01
  -6.1442812e-01
  -6.2047554e-01
  -6.2646157e-01
  -6.3238563e-01
  -6.3824714e-01
  -6.4404553e-01
  -6.4978024e-01
  -6.5545072e-01
  -6.6105641e-01
  -6.6659678e-01
  -6.7207128e-01
  -6.7747940e-01
  -6.8282059e-01
  -6.8809435e-01
  -6.9330017e-01
  -6.9843754e-01
  -7.0350597e-01
  -7.0850497e-01
  -7.1343405e-01
  -7.1829273e-01
  -7.2308056e-01
  -7.2779706e-01
  -7.3244178e-01
  -7.3701427e-01
  -7.4151409e-01
  -7.4594082e-01
  -7.5029401e-01
  -7.5457326e-01
  -7.5877814e-01
  -7.6290826e-01
  -7.6696322e-01
  -7.7094262e-01
  -7.7484609e-01
  -7.7867325e-01
  -7.8242374e-01
  -7.8609718e-01
  -7.8969324e-01
  -7.9321156e-01
  -7.9665181e-01
  -8.0001366e-01
  -8.0329678e-01
  -8.0650087e-01
  -8.0962561e-01
  -8.1267071e-01
  -8.1563588e-01
  -8.1852084e-01
  -8.2132530e-01
  -8.2404901e-01
  -8.2669170e-01
  -8.2925313e-01
  -8.3173305e-01
  -8.3413122e-01
  -8.3644742e-01
  -8.3868143e-01
  -8.4083303e-01
  -8.4290203e-01
  -8.4488824e-01
  -8.4679146e-01
  -8.4861151e-01
  -8.5034823e-01
  -8.5200145e-01
  -8.5357103e-01
  -8.5505680e-01
  -8.5645865e-01
  -8.5777643e-01
  -8.5901003e-01
  -8.6015934e-01
  -8.6122424e-01
  -8.6220465e-01
  -8.6310047e-01
  -8.6391163e-01
  -8.6463806e-01
  -8.6527969e-01
  -8.6583647e-01
  -8.6630835e-01
  -8.6669529e-01
  -8.6699727e-01
  -8.6721426e-01
  -8.6734625e-01
  -8.6739323e-01
  -8.6735522e-01
  -8.6723221e-01
  -8.6702424e-01
  -8.6673133e-01
  -8.6635352e-01
  -8.6589084e-01
  -8.6534337e-01
  -8.6471115e-01
  -8.6399426e-01
  -8.6319278e-01
  -8.6230679e-01
  -8.6133639e-01
  -8.6028169e-01
  -8.5914279e-01
  -8.5791981e-01
  -8.5661288e-01
  -8.5522214e-01
  -8.5374774e-01
  -8.5218982e-01
  -8.5054854e-01
  -8.4882409e-01
  -8.4701662e-01
  -8.4512633e-01
  -8.4315341e-01
  -8.4109807e-01
  -8.3896050e-01
  -8.3674094e-01
  -8.3443960e-01
  -8.3205672e-01
  -8.2959254e-01
  -8.2704731e-01
  -8.2442128e-01
  -8.2171473e-01
  -8.1892792e-01
  -8.1606114e-01
  -8.1311468e-01
  -8.1008882e-01
  -8.0698388e-01
  -8.0380017e-01
  -8.0053800e-01
  -7.9719771e-01
  -7.9377963e-01
  -7.9028410e-01
  -7.8671148e-01
  -7.8306211e-01
  -7.7933637e-01
  -7.7553463e-01
  -7.7165726e-01
  -7.6770466e-01
  -7.6367722e-01
  -7.5957534e-01
  -7.5539943e-01
  -7.5114990e-01
  -7.4682719e-01
  -7.4243172e-01
  -7.3796393e-01
  -7.3342427e-01
  -7.2881318e-01
  -7.2413113e-01
  -7.1937857e-01
  -7.1455599e-01
  -7.0966387e-01
  -7.0470268e-01
  -6.9967293e-01
  -6.9457510e-01
  -6.8940972e-01
  -6.8417728e-01
  -6.7887832e-01
  -6.7351335e-01
  -6.6808290e-01
  -6.6258753e-01
  -6.5702776e-01
  -6.5140416e-01
  -6.4571728e-01
  -6.3996768e-01
  -6.3415594e-01
  -6.2828262e-01
  -6.2234831e-01
  -6.1635360e-01
  -6.1029908e-01
  -6.0418535e-01
  -5.9801302e-01
  -5.9178269e-01
  -5.8549498e-01
  -5.7915051e-01
  -5.7274992e-01
  -5.6629383e-01
  -5.5978288e-01
  -5.5321771e-01
  -5.4659898e-01
  -5.3992733e-01
  -5.3320343e-01
  -5.2642794e-01
  -5.1960153e-01
  -5.1272488e-01
  -5.0579865e-01
  -4.9882354e-01
  -4.9180024e-01
  -4.8472943e-01
  -4.7761181e-01
  -4.7044809e-01
  -4.6323897e-01
  -4.5598517e-01
  -4.4868739e-01
  -4.4134637e-01
  -4.3396281e-01
  -4.2653746e-01
  -4.1907103e-01
  -4.1156427e-01
  -4.0401792e-01
  -3.9643272e-01
  -3.8880941e-01
  -3.8114875e-01
  -3.7345150e-01
  -3.6571840e-01
  -3.5795022e-01
  -3.5014773e-01
  -3.4231170e-01
  -3.3444288e-01
  -3.2654207e-01
  -3.1861003e-01
  -3.1064755e-01
  -3.0265541e-01
  -2.9463440e-01
  -2.8658529e-01
  -2.7850890e-01
  -2.7040601e-01
  -2.6227741e-01
  -2.5412391e-01
  -2.4594630e-01
  -2.3774540e-01
  -2.2952200e-01
  -2.2127692e-01
  -2.1301096e-01
  -2.0472494e-01
  -1.9641967e-01
  -1.8809597e-01
  -1.7975465e-01
  -1.7139654e-01
  -1.6302245e-01
  -1.5463320e-01
  -1.4622963e-01
  -1.3781254e-01
  -1.2938278e-01
  -1.2094117e-01
  -1.1248853e-01
  -1.0402570e-01
  -9.5553504e-02
  -8.7072775e-02
  -7.8584345e-02
  -7.0089046e-02
  -6.1587711e-02
  -5.3081174e-02
  -4.4570270e-02
  -3.6055832e-02
  -2.7538695e-02
  -1.9019694e-02
  -1.0499664e-02
  -1.9794405e-03
   6.5401423e-03
   1.5058249e-02
   2.3574046e-02
   3.2086698e-02
   4.0595372e-02
   4.9099235e-02
   5.7597452e-02
   6.6089193e-02
   7.4573626e-02
   8.3049920e-02
   9.1517245e-02
   9.9974773e-02
   1.0842168e-01
   1.1685713e-01
   1.2528030e-01
   1.3369037e-01
   1.4208652e-01
   1.5046792e-01
   1.5883375e-01
   1.6718320e-01
   1.7551545e-01
   1.8382969e-01
   1.9212510e-01
   2.0040086e-01
   2.0865618e-01
   2.1689025e-01
   2.2510225e-01
   2.3329139e-01
   2.4145687e-01
   2.4959789e-01
   2.5771365e-01
   2.6580337e-01
   2.7386624e-01
   2.8190149e-01
   2.8990833e-01
   2.9788597e-01
   3.0583365e-01
   3.1375057e-01
   3.2163598e-01
   3.2948909e-01
   3.3730915e-01
   3.4509539e-01
   3.5284705e-01
   3.6056337e-01
   3.6824361e-01
   3.7588701e-01
   3.8349283e-01
   3.9106032e-01
   3.9858876e-01
   4.0607739e-01
   4.1352551e-01
   4.2093237e-01
   4.2829725e-01
   4.3561945e-01
   4.4289824e-01
   4.5013292e-01
   4.5732278e-01
   4.6446712e-01
   4.7156526e-01
   4.7861648e-01
   4.8562012e-01
   4.9257548e-01
   4.9948189e-01
   5.0633868e-01
   5.1314519e-01
   5.1990074e-01
   5.2660469e-01
   5.3325638e-01
   5.3985516e-01
   5.4640039e-01
   5.5289144e-01
   5.5932768e-01
   5.6570848e-01
   5.7203322e-01
   5.7830128e-01
   5.8451206e-01
   5.9066496e-01
   5.9675938e-01
   6.0279472e-01
   6.0877040e-01
   6.1468584e-01
   6.2054047e-01
   6.2633372e-01
   6.3206503e-01
   6.3773383e-01
   6.4333960e-01
   6.4888177e-01
   6.5435981e-01
   6.5977320e-01
   6.6512140e-01
   6.7040390e-01
   6.7562020e-01
   6.8076977e-01
   6.8585214e-01
   6.9086680e-01
   6.9581327e-01
   7.0069107e-01
   7.0549973e-01
   7.1023879e-01
   7.1490779e-01
   7.1950628e-01
   7.2403381e-01
   7.2848995e-01
   7.3287427e-01
   7.3718634e-01
   7.4142576e-01
   7.4559210e-01
   7.4968498e-01
   7.5370399e-01
   7.5764876e-01
   7.6151889e-01
   7.6531403e-01
   7.6903380e-01
   7.7267785e-01
   7.7624582e-01
   7.7973738e-01
   7.8315219e-01
   7.8648993e-01
   7.8975027e-01
   7.9293290e-01
   7.9603752e-01
   7.9906384e-01
   8.0201155e-01
   8.0488039e-01
   8.0767007e-01
   8.1038034e-01
   8.1301094e-01
   8.1556161e-01
   8.1803211e-01
   8.2042221e-01
   8.2273168e-01
   8.2496030e-01
   8.2710787e-01
   8.2917418e-01
   8.3115904e-01
   8.3306226e-01
   8.3488366e-01
   8.3662307e-01
   8.3828032e-01
   8.3985528e-01
   8.4134777e-01
   8.4275768e-01
   8.4408487e-01
   8.4532922e-01
   8.4649061e-01
   8.4756894e-01
   8.4856411e-01
   8.4947603e-01
   8.5030462e-01
   8.5104981e-01
   8.5171153e-01
   8.5228973e-01
   8.5278435e-01
   8.5319536e-01
   8.5352273e-01
   8.5376642e-01
   8.5392643e-01
   8.5400275e-01
   8.5399538e-01
   8.5390432e-01
   8.5372960e-01
   8.5347124e-01
   8.5312927e-01
   8.5270374e-01
   8.5219469e-01
   8.5160219e-01
   8.5092629e-01
   8.5016708e-01
   8.4932464e-01
   8.4839905e-01
   8.4739042e-01
   8.4629884e-01
   8.4512445e-01
   8.4386736e-01
   8.4252770e-01
   8.4110561e-01
   8.3960125e-01
   8.3801475e-01
   8.3634630e-01
   8.3459605e-01
   8.3276419e-01
   8.3085091e-01
   8.2885640e-01
   8.2678087e-01
   8.2462452e-01
   8.2238758e-01
   8.2007028e-01
   8.1767284e-01
   8.1519551e-01
   8.1263854e-01
   8.1000219e-01
   8.0728673e-01
   8.0449243e-01
   8.0161957e-01
   7.9866844e-01
   7.9563934e-01
   7.9253257e-01
   7.8934844e-01
   7.8608728e-01
   7.8274941e-01
   7.7933516e-01
   7.7584488e-01
   7.7227892e-01
   7.6863763e-01
   7.6492137e-01
   7.6113053e-01
   7.5726548e-01
   7.5332659e-01
   7.4931428e-01
   7.4522893e-01
   7.4107096e-01
   7.3684078e-01
   7.3253881e-01
   7.2816548e-01
   7.2372122e-01
   7.1920649e-01
   7.1462172e-01
   7.0996737e-01
   7.0524391e-01
   7.0045180e-01
   6.9559153e-01
   6.9066357e-01
   6.8566842e-01
   6.8060656e-01
   6.7547851e-01
   6.7028477e-01
   6.6502586e-01
   6.5970230e-01
   6.5431462e-01
   6.4886334e-01
   6.4334902e-01
   6.3777220e-01
   6.3213343e-01
   6.2643326e-01
   6.2067228e-01
   6.1485103e-01
   6.0897011e-01
   6.0303009e-01
   5.9703156e-01
   5.9097512e-01
   5.8486135e-01
   5.7869088e-01
   5.7246431e-01
   5.6618225e-01
   5.5984532e-01
   5.5345416e-01
   5.4700939e-01
   5.4051165e-01
   5.3396158e-01
   5.2735983e-01
   5.2070705e-01
   5.1400390e-01
   5.0725104e-01
   5.0044913e-01
   4.9359885e-01
   4.8670088e-01
   4.7975589e-01
   4.7276456e-01
   4.6572760e-01
   4.5864569e-01
   4.5151953e-01
   4.4434982e-01
   4.3713728e-01
   4.2988260e-01
   4.2258651e-01
   4.1524973e-01
   4.0787298e-01
   4.0045698e-01
   3.9300247e-01
   3.8551017e-01
   3.7798084e-01
   3.7041520e-01
   3.6281401e-01
   3.5517801e-01
   3.4750796e-01
   3.3980460e-01
   3.3206870e-01
   3.2430102e-01
   3.1650233e-01
   3.0867338e-01
   3.0081495e-01
   2.9292782e-01
   2.8501275e-01
   2.7707054e-01
   2.6910195e-01
   2.6110777e-01
   2.5308879e-01
   2.4504579e-01
   2.3697957e-01
   2.2889092e-01
   2.2078063e-01
   2.1264951e-01
   2.0449834e-01
   1.9632793e-01
   1.8813908e-01
   1.7993261e-01
   1.7170930e-01
   1.6346997e-01
   1.5521543e-01
   1.4694650e-01
   1.3866397e-01
   1.3036866e-01
   1.2206140e-01
   1.1374299e-01
   1.0541424e-01
   9.7075987e-02
   8.8729035e-02
   8.0374206e-02
   7.2012320e-02
   6.3644197e-02
   5.5270657e-02
   4.6892522e-02
   3.8510613e-02
   3.0125752e-02
   2.1738760e-02
   1.3350460e-02
   4.9616733e-03
  -3.4267773e-03
  -1.1814070e-02
  -2.0199383e-02
  -2.8581896e-02
  -3.6960786e-02
  -4.5335233e-02
  -5.3704417e-02
  -6.2067519e-02
  -7.0423719e-02
  -7.8772199e-02
  -8.7112142e-02
  -9.5442732e-02
  -1.0376315e-01
  -1.1207259e-01
  -1.2037023e-01
  -1.2865527e-01
  -1.3692688e-01
  -1.4518427e-01
  -1.5342662e-01
  -1.6165313e-01
  -1.6986299e-01
  -1.7805540e-01
  -1.8622957e-01
  -1.9438468e-01
  -2.0251994e-01
  -2.1063457e-01
  -2.1872776e-01
  -2.2679872e-01
  -2.3484667e-01
  -2.4287081e-01
  -2.5087037e-01
  -2.5884456e-01
  -2.6679261e-01
  -2.7471374e-01
  -2.8260717e-01
  -2.9047213e-01
  -2.9830786e-01
  -3.0611359e-01
  -3.1388856e-01
  -3.2163201e-01
  -3.2934319e-01
  -3.3702133e-01
  -3.4466570e-01
  -3.5227555e-01
  -3.5985013e-01
  -3.6738871e-01
  -3.7489054e-01
  -3.8235491e-01
  -3.8978108e-01
  -3.9716832e-01
  -4.0451593e-01
  -4.1182317e-01
  -4.1908934e-01
  -4.2631374e-01
  -4.3349565e-01
  -4.4063438e-01
  -4.4772923e-01
  -4.5477952e-01
  -4.6178455e-01
  -4.6874364e-01
  -4.7565612e-01
  -4.8252131e-01
  -4.8933854e-01
  -4.9610716e-01
  -5.0282650e-01
  -5.0949591e-01
  -5.1611474e-01
  -5.2268235e-01
  -5.2919809e-01
  -5.3566135e-01
  -5.4207147e-01
  -5.4842786e-01
  -5.5472987e-01
  -5.6097692e-01
  -5.6716838e-01
  -5.7330366e-01
  -5.7938215e-01
  -5.8540328e-01
  -5.9136645e-01
  -5.9727110e-01
  -6.0311663e-01
  -6.0890250e-01
  -6.1462813e-01
  -6.2029297e-01
  -6.2589647e-01
  -6.3143809e-01
  -6.3691730e-01
  -6.4233355e-01
  -6.4768634e-01
  -6.5297513e-01
  -6.5819941e-01
  -6.6335869e-01
  -6.6845246e-01
  -6.7348023e-01
  -6.7844151e-01
  -6.8333583e-01
  -6.8816270e-01
  -6.9292167e-01
  -6.9761227e-01
  -7.0223406e-01
  -7.0678658e-01
  -7.1126939e-01
  -7.1568207e-01
  -7.2002418e-01
  -7.2429532e-01
  -7.2849506e-01
  -7.3262300e-01
  -7.3667875e-01
  -7.4066192e-01
  -7.4457211e-01
  -7.4840897e-01
  -7.5217211e-01
  -7.5586117e-01
  -7.5947581e-01
  -7.6301567e-01
  -7.6648042e-01
  -7.6986972e-01
  -7.7318324e-01
  -7.7642068e-01
  -7.7958172e-01
  -7.8266606e-01
  -7.8567340e-01
  -7.8860346e-01
  -7.9145595e-01
  -7.9423061e-01
  -7.9692718e-01
  -7.9954538e-01
  -8.0208499e-01
  -8.0454574e-01
  -8.0692742e-01
  -8.0922979e-01
  -8.1145265e-01
  -8.1359576e-01
  -8.1565895e-01
  -8.1764200e-01
  -8.1954474e-01
  -8.2136699e-01
  -8.2310857e-01
  -8.2476933e-01
  -8.2634910e-01
  -8.2784774e-01
  -8.2926512e-01
  -8.3060109e-01
  -8.3185555e-01
  -8.3302836e-01
  -8.3411944e-01
  -8.3512867e-01
  -8.3605596e-01
  -8.3690125e-01
  -8.3766444e-01
  -8.3834547e-01
  -8.3894428e-01
  -8.3946083e-01
  -8.3989507e-01
  -8.4024697e-01
  -8.4051649e-01
  -8.4070362e-01
  -8.4080836e-01
  -8.4083069e-01
  -8.4077063e-01
  -8.4062819e-01
  -8.4040339e-01
  -8.4009626e-01
  -8.3970683e-01
  -8.3923517e-01
  -8.3868131e-01
  -8.3804532e-01
  -8.3732727e-01
  -8.3652725e-01
  -8.3564533e-01
  -8.3468161e-01
  -8.3363620e-01
  -8.3250920e-01
  -8.3130073e-01
  -8.3001093e-01
  -8.2863991e-01
  -8.2718783e-01
  -8.2565484e-01
  -8.2404109e-01
  -8.2234675e-01
  -8.2057200e-01
  -8.1871701e-01
  -8.1678197e-01
  -8.1476709e-01
  -8.1267257e-01
  -8.1049862e-01
  -8.0824546e-01
  -8.0591332e-01
  -8.0350243e-01
  -8.0101305e-01
  -7.9844542e-01
  -7.9579980e-01
  -7.9307646e-01
  -7.9027568e-01
  -7.8739773e-01
  -7.8444290e-01
  -7.8141149e-01
  -7.7830382e-01
  -7.7512017e-01
  -7.7186089e-01
  -7.6852629e-01
  -7.6511671e-01
  -7.6163249e-01
  -7.5807398e-01
  -7.5444153e-01
  -7.5073551e-01
  -7.4695629e-01
  -7.4310425e-01
  -7.3917976e-01
  -7.3518323e-01
  -7.3111505e-01
  -7.2697563e-01
  -7.2276537e-01
  -7.1848470e-01
  -7.1413405e-01
  -7.0971384e-01
  -7.0522453e-01
  -7.0066654e-01
  -6.9604035e-01
  -6.9134640e-01
  -6.8658517e-01
  -6.8175713e-01
  -6.7686275e-01
  -6.7190253e-01
  -6.6687695e-01
  -6.6178652e-01
  -6.5663174e-01
  -6.5141312e-01
  -6.4613118e-01
  -6.4078644e-01
  -6.3537944e-01
  -6.2991070e-01
  -6.2438077e-01
  -6.1879021e-01
  -6.1313955e-01
  -6.0742937e-01
  -6.0166022e-01
  -5.9583269e-01
  -5.8994733e-01
  -5.8400475e-01
  -5.7800552e-01
  -5.7195024e-01
  -5.6583951e-01
  -5.5967393e-01
  -5.5345411e-01
  -5.4718067e-01
  -5.4085422e-01
  -5.3447539e-01
  -5.2804482e-01
  -5.2156313e-01
  -5.1503098e-01
  -5.0844899e-01
  -5.0181782e-01
  -4.9513813e-01
  -4.8841058e-01
  -4.8163582e-01
  -4.7481454e-01
  -4.6794739e-01
  -4.6103507e-01
  -4.5407824e-01
  -4.4707760e-01
  -4.4003384e-01
  -4.3294765e-01
  -4.2581973e-01
  -4.1865078e-01
  -4.1144151e-01
  -4.0419263e-01
  -3.9690485e-01
  -3.8957889e-01
  -3.8221548e-01
  -3.7481533e-01
  -3.6737918e-01
  -3.5990776e-01
  -3.5240181e-01
  -3.4486205e-01
  -3.3728925e-01
  -3.2968413e-01
  -3.2204746e-01
  -3.1437997e-01
  -3.0668243e-01
  -2.9895559e-01
  -2.9120022e-01
  -2.8341707e-01
  -2.7560691e-01
  -2.6777050e-01
  -2.5990863e-01
  -2.5202206e-01
  -2.4411157e-01
  -2.3617793e-01
  -2.2822192e-01
  -2.2024434e-01
  -2.1224595e-01
  -2.0422754e-01
  -1.9618991e-01
  -1.8813385e-01
  -1.8006013e-01
  -1.7196957e-01
  -1.6386294e-01
  -1.5574106e-01
  -1.4760471e-01
  -1.3945469e-01
  -1.3129180e-01
  -1.2311685e-01
  -1.1493064e-01
  -1.0673396e-01
  -9.8527634e-02
  -9.0312453e-02
  -8.2089228e-02
  -7.3858765e-02
  -6.5621871e-02
  -5.7379354e-02
  -4.9132022e-02
  -4.0880683e-02
  -3.2626148e-02
  -2.4369224e-02
  -1.6110721e-02
  -7.8514484e-03
   4.0778397e-04
   8.6661670e-03
   1.6922892e-02
   2.5177149e-02
   3.3428130e-02
   4.1675027e-02
   4.9917033e-02
   5.8153339e-02
   6.6383140e-02
   7.4605629e-02
   8.2820002e-02
   9.1025454e-02
   9.9221183e-02
   1.0740639e-01
   1.1558026e-01
   1.2374201e-01
   1.3189084e-01
   1.4002594e-01
   1.4814652e-01
   1.5625179e-01
   1.6434096e-01
   1.7241323e-01
   1.8046781e-01
   1.8850392e-01
   1.9652077e-01
   2.0451758e-01
   2.1249356e-01
   2.2044794e-01
   2.2837994e-01
   2.3628878e-01
   2.4417369e-01
   2.5203390e-01
   2.5986865e-01
   2.6767716e-01
   2.7545868e-01
   2.8321245e-01
   2.9093770e-01
   2.9863369e-01
   3.0629966e-01
   3.1393486e-01
   3.2153855e-01
   3.2910999e-01
   3.3664844e-01
   3.4415316e-01
   3.5162342e-01
   3.5905850e-01
   3.6645766e-01
   3.7382019e-01
   3.8114536e-01
   3.8843247e-01
   3.9568080e-01
   4.0288965e-01
   4.1005831e-01
   4.1718609e-01
   4.2427229e-01
   4.3131622e-01
   4.3831720e-01
   4.4527454e-01
   4.5218756e-01
   4.5905560e-01
   4.6587798e-01
   4.7265404e-01
   4.7938312e-01
   4.8606457e-01
   4.9269773e-01
   4.9928196e-01
   5.0581663e-01
   5.1230108e-01
   5.1873471e-01
   5.2511687e-01
   5.3144694e-01
   5.3772433e-01
   5.4394840e-01
   5.5011856e-01
   5.5623421e-01
   5.6229476e-01
   5.6829962e-01
   5.7424819e-01
   5.8013992e-01
   5.8597421e-01
   5.9175052e-01
   5.9746828e-01
   6.0312692e-01
   6.0872592e-01
   6.1426471e-01
   6.1974277e-01
   6.2515957e-01
   6.3051457e-01
   6.3580727e-01
   6.4103714e-01
   6.4620368e-01
   6.5130640e-01
   6.5634480e-01
   6.6131838e-01
   6.6622668e-01
   6.7106921e-01
   6.7584551e-01
   6.8055511e-01
   6.8519757e-01
   6.8977243e-01
   6.9427924e-01
   6.9871759e-01
   7.0308703e-01
   7.0738715e-01
   7.1161752e-01
   7.1577776e-01
   7.1986744e-01
   7.2388619e-01
   7.2783360e-01
   7.3170931e-01
   7.3551294e-01
   7.3924412e-01
   7.4290250e-01
   7.4648773e-01
   7.4999945e-01
   7.5343733e-01
   7.5680105e-01
   7.6009028e-01
   7.6330471e-01
   7.6644403e-01
   7.6950793e-01
   7.7249613e-01
   7.7540834e-01
   7.7824428e-01
   7.8100368e-01
   7.8368628e-01
   7.8629183e-01
   7.8882007e-01
   7.9127076e-01
   7.9364368e-01
   7.9593860e-01
   7.9815530e-01
   8.0029357e-01
   8.0235320e-01
   8.0433402e-01
   8.0623582e-01
   8.0805843e-01
   8.0980168e-01
   8.1146541e-01
   8.1304946e-01
   8.1455368e-01
   8.1597794e-01
   8.1732210e-01
   8.1858604e-01
   8.1976964e-01
   8.2087280e-01
   8.2189541e-01
   8.2283738e-01
   8.2369863e-01
   8.2447908e-01
   8.2517866e-01
   8.2579731e-01
   8.2633499e-01
   8.2679164e-01
   8.2716722e-01
   8.2746172e-01
   8.2767510e-01
   8.2780736e-01
   8.2785848e-01
   8.2782848e-01
   8.2771737e-01
   8.2752515e-01
   8.2725187e-01
   8.2689755e-01
   8.2646224e-01
   8.2594598e-01
   8.2534884e-01
   8.2467088e-01
   8.2391218e-01
   8.2307281e-01
   8.2215288e-01
   8.2115247e-01
   8.2007170e-01
   8.1891067e-01
   8.1766951e-01
   8.1634835e-01
   8.1494733e-01
   8.1346658e-01
   8.1190627e-01
   8.1026655e-01
   8.0854760e-01
   8.0674958e-01
   8.0487268e-01
   8.0291710e-01
   8.0088303e-01
   7.9877069e-01
   7.9658028e-01
   7.9431202e-01
   7.9196615e-01
   7.8954291e-01
   7.8704254e-01
   7.8446529e-01
   7.8181142e-01
   7.7908120e-01
   7.7627491e-01
   7.7339283e-01
   7.7043524e-01
   7.6740245e-01
   7.6429475e-01
   7.6111247e-01
   7.5785592e-01
   7.5452542e-01
   7.5112131e-01
   7.4764394e-01
   7.4409364e-01
   7.4047078e-01
   7.3677571e-01
   7.3300881e-01
   7.2917045e-01
   7.2526101e-01
   7.2128089e-01
   7.1723048e-01
   7.1311019e-01
   7.0892042e-01
   7.0466159e-01
   7.0033414e-01
   6.9593848e-01
   6.9147505e-01
   6.8694430e-01
   6.8234669e-01
   6.7768266e-01
   6.7295268e-01
   6.6815723e-01
   6.6329676e-01
   6.5837178e-01
   6.5338277e-01
   6.4833022e-01
   6.4321464e-01
   6.3803653e-01
   6.3279640e-01
   6.2749478e-01
   6.2213219e-01
   6.1670917e-01
   6.1122624e-01
   6.0568396e-01
   6.0008287e-01
   5.9442352e-01
   5.8870648e-01
   5.8293232e-01
   5.7710160e-01
   5.7121490e-01
   5.6527280e-01
   5.5927589e-01
   5.5322477e-01
   5.4712003e-01
   5.4096227e-01
   5.3475211e-01
   5.2849016e-01
   5.2217704e-01
   5.1581336e-01
   5.0939976e-01
   5.0293688e-01
   4.9642535e-01
   4.8986581e-01
   4.8325890e-01
   4.7660530e-01
   4.6990564e-01
   4.6316059e-01
   4.5637082e-01
   4.4953699e-01
   4.4265978e-01
   4.3573987e-01
   4.2877794e-01
   4.2177468e-01
   4.1473077e-01
   4.0764691e-01
   4.0052380e-01
   3.9336215e-01
   3.8616264e-01
   3.7892601e-01
   3.7165295e-01
   3.6434418e-01
   3.5700043e-01
   3.4962242e-01
   3.4221087e-01
   3.3476651e-01
   3.2729008e-01
   3.1978231e-01
   3.1224394e-01
   3.0467571e-01
   2.9707837e-01
   2.8945266e-01
   2.8179933e-01
   2.7411915e-01
   2.6641285e-01
   2.5868120e-01
   2.5092496e-01
   2.4314490e-01
   2.3534177e-01
   2.2751634e-01
   2.1966938e-01
   2.1180167e-01
   2.0391398e-01
   1.9600708e-01
   1.8808174e-01
   1.8013875e-01
   1.7217889e-01
   1.6420293e-01
   1.5621167e-01
   1.4820588e-01
   1.4018636e-01
   1.3215388e-01
   1.2410924e-01
   1.1605323e-01
   1.0798664e-01
   9.9910249e-02
   9.1824864e-02
   8.3731273e-02
   7.5630270e-02
   6.7522650e-02
   5.9409209e-02
   5.1290740e-02
   4.3168041e-02
   3.5041908e-02
   2.6913138e-02
   1.8782526e-02
   1.0650871e-02
   2.5189695e-03
  -5.6123823e-03
  -1.3742387e-02
  -2.1870249e-02
  -2.9995171e-02
  -3.8116358e-02
  -4.6233014e-02
  -5.4344345e-02
  -6.2449555e-02
  -7.0547851e-02
  -7.8638441e-02
  -8.6720533e-02
  -9.4793334e-02
  -1.0285606e-01
  -1.1090791e-01
  -1.1894810e-01
  -1.2697586e-01
  -1.3499038e-01
  -1.4299089e-01
  -1.5097660e-01
  -1.5894674e-01
  -1.6690052e-01
  -1.7483717e-01
  -1.8275591e-01
  -1.9065596e-01
  -1.9853656e-01
  -2.0639693e-01
  -2.1423630e-01
  -2.2205391e-01
  -2.2984900e-01
  -2.3762080e-01
  -2.4536856e-01
  -2.5309151e-01
  -2.6078890e-01
  -2.6845999e-01
  -2.7610402e-01
  -2.8372024e-01
  -2.9130791e-01
  -2.9886630e-01
  -3.0639466e-01
  -3.1389226e-01
  -3.2135836e-01
  -3.2879224e-01
  -3.3619318e-01
  -3.4356045e-01
  -3.5089332e-01
  -3.5819110e-01
  -3.6545306e-01
  -3.7267850e-01
  -3.7986672e-01
  -3.8701700e-01
  -3.9412866e-01
  -4.0120100e-01
  -4.0823334e-01
  -4.1522498e-01
  -4.2217525e-01
  -4.2908347e-01
  -4.3594897e-01
  -4.4277108e-01
  -4.4954913e-01
  -4.5628246e-01
  -4.6297043e-01
  -4.6961237e-01
  -4.7620764e-01
  -4.8275560e-01
  -4.8925562e-01
  -4.9570706e-01
  -5.0210929e-01
  -5.0846169e-01
  -5.1476364e-01
  -5.2101453e-01
  -5.2721376e-01
  -5.3336072e-01
  -5.3945481e-01
  -5.4549544e-01
  -5.5148203e-01
  -5.5741399e-01
  -5.6329075e-01
  -5.6911174e-01
  -5.7487639e-01
  -5.8058414e-01
  -5.8623444e-01
  -5.9182674e-01
  -5.9736050e-01
  -6.0283518e-01
  -6.0825025e-01
  -6.1360519e-01
  -6.1889948e-01
  -6.2413260e-01
  -6.2930405e-01
  -6.3441333e-01
  -6.3945994e-01
  -6.4444340e-01
  -6.4936321e-01
  -6.5421892e-01
  -6.5901004e-01
  -6.6373611e-01
  -6.6839669e-01
  -6.7299131e-01
  -6.7751953e-01
  -6.8198092e-01
  -6.8637504e-01
  -6.9070148e-01
  -6.9495980e-01
  -6.9914962e-01
  -7.0327051e-01
  -7.0732208e-01
  -7.1130395e-01
  -7.1521572e-01
  -7.1905703e-01
  -7.2282750e-01
  -7.2652677e-01
  -7.3015449e-01
  -7.3371030e-01
  -7.3719387e-01
  -7.4060486e-01
  -7.4394294e-01
  -7.4720779e-01
  -7.5039911e-01
  -7.5351658e-01
  -7.5655991e-01
  -7.5952880e-01
  -7.6242298e-01
  -7.6524216e-01
  -7.6798608e-01
  -7.7065448e-01
  -7.7324710e-01
  -7.7576369e-01
  -7.7820402e-01
  -7.8056786e-01
  -7.8285497e-01
  -7.8506515e-01
  -7.8719818e-01
  -7.8925387e-01
  -7.9123201e-01
  -7.9313243e-01
  -7.9495494e-01
  -7.9669938e-01
  -7.9836557e-01
  -7.9995337e-01
  -8.0146263e-01
  -8.0289320e-01
  -8.0424496e-01
  -8.0551778e-01
  -8.0671154e-01
  -8.0782613e-01
  -8.0886145e-01
  -8.0981741e-01
  -8.1069393e-01
  -8.1149091e-01
  -8.1220830e-01
  -8.1284604e-01
  -8.1340406e-01
  -8.1388231e-01
  -8.1428077e-01
  -8.1459940e-01
  -8.1483817e-01
  -8.1499708e-01
  -8.1507610e-01
  -8.1507525e-01
  -8.1499453e-01
  -8.1483396e-01
  -8.1459355e-01
  -8.1427335e-01
  -8.1387339e-01
  -8.1339371e-01
  -8.1283438e-01
  -8.1219545e-01
  -8.1147700e-01
  -8.1067910e-01
  -8.0980184e-01
  -8.0884531e-01
  -8.0780962e-01
  -8.0669487e-01
  -8.0550118e-01
  -8.0422868e-01
  -8.0287750e-01
  -8.0144777e-01
  -7.9993965e-01
  -7.9835330e-01
  -7.9668886e-01
  -7.9494652e-01
  -7.9312646e-01
  -7.9122885e-01
  -7.8925390e-01
  -7.8720180e-01
  -7.8507277e-01
  -7.8286701e-01
  -7.8058476e-01
  -7.7822624e-01
  -7.7579169e-01
  -7.7328136e-01
  -7.7069550e-01
  -7.6803438e-01
  -7.6529825e-01
  -7.6248741e-01
  -7.5960212e-01
  -7.5664268e-01
  -7.5360939e-01
  -7.5050254e-01
  -7.4732246e-01
  -7.4406947e-01
  -7.4074387e-01
  -7.3734602e-01
  -7.3387625e-01
  -7.3033491e-01
  -7.2672234e-01
  -7.2303892e-01
  -7.1928501e-01
  -7.1546099e-01
  -7.1156723e-01
  -7.0760412e-01
  -7.0357207e-01
  -6.9947146e-01
  -6.9530272e-01
  -6.9106625e-01
  -6.8676248e-01
  -6.8239184e-01
  -6.7795475e-01
  -6.7345167e-01
  -6.6888304e-01
  -6.6424931e-01
  -6.5955095e-01
  -6.5478841e-01
  -6.4996218e-01
  -6.4507273e-01
  -6.4012055e-01
  -6.3510613e-01
  -6.3002997e-01
  -6.2489257e-01
  -6.1969443e-01
  -6.1443609e-01
  -6.0911805e-01
  -6.0374084e-01
  -5.9830500e-01
  -5.9281106e-01
  -5.8725957e-01
  -5.8165108e-01
  -5.7598615e-01
  -5.7026532e-01
  -5.6448918e-01
  -5.5865829e-01
  -5.5277323e-01
  -5.4683457e-01
  -5.4084292e-01
  -5.3479885e-01
  -5.2870297e-01
  -5.2255589e-01
  -5.1635819e-01
  -5.1011051e-01
  -5.0381345e-01
  -4.9746765e-01
  -4.9107371e-01
  -4.8463228e-01
  -4.7814400e-01
  -4.7160950e-01
  -4.6502942e-01
  -4.5840442e-01
  -4.5173515e-01
  -4.4502227e-01
  -4.3826643e-01
  -4.3146832e-01
  -4.2462859e-01
  -4.1774792e-01
  -4.1082699e-01
  -4.0386648e-01
  -3.9686708e-01
  -3.8982947e-01
  -3.8275436e-01
  -3.7564243e-01
  -3.6849439e-01
  -3.6131094e-01
  -3.5409279e-01
  -3.4684065e-01
  -3.3955523e-01
  -3.3223725e-01
  -3.2488744e-01
  -3.1750651e-01
  -3.1009519e-01
  -3.0265421e-01
  -2.9518430e-01
  -2.8768620e-01
  -2.8016064e-01
  -2.7260837e-01
  -2.6503012e-01
  -2.5742665e-01
  -2.4979869e-01
  -2.4214701e-01
  -2.3447235e-01
  -2.2677546e-01
  -2.1905711e-01
  -2.1131804e-01
  -2.0355903e-01
  -1.9578083e-01
  -1.8798421e-01
  -1.8016993e-01
  -1.7233876e-01
  -1.6449148e-01
  -1.5662884e-01
  -1.4875163e-01
  -1.4086061e-01
  -1.3295656e-01
  -1.2504026e-01
  -1.1711248e-01
  -1.0917400e-01
  -1.0122560e-01
  -9.3268060e-02
  -8.5302161e-02
  -7.7328684e-02
  -6.9348411e-02
  -6.1362125e-02
  -5.3370608e-02
  -4.5374644e-02
  -3.7375018e-02
  -2.9372513e-02
  -2.1367914e-02
  -1.3362006e-02
  -5.3555729e-03
   2.6506005e-03
   1.0655730e-02
   1.8659030e-02
   2.6659718e-02
   3.4657010e-02
   4.2650121e-02
   5.0638271e-02
   5.8620675e-02
   6.6596553e-02
   7.4565124e-02
   8.2525607e-02
   9.0477223e-02
   9.8419194e-02
   1.0635074e-01
   1.1427109e-01
   1.2217947e-01
   1.3007510e-01
   1.3795721e-01
   1.4582503e-01
   1.5367779e-01
   1.6151472e-01
   1.6933505e-01
   1.7713803e-01
   1.8492288e-01
   1.9268885e-01
   2.0043518e-01
   2.0816110e-01
   2.1586588e-01
   2.2354874e-01
   2.3120895e-01
   2.3884574e-01
   2.4645839e-01
   2.5404614e-01
   2.6160825e-01
   2.6914399e-01
   2.7665261e-01
   2.8413339e-01
   2.9158559e-01
   2.9900850e-01
   3.0640137e-01
   3.1376349e-01
   3.2109415e-01
   3.2839263e-01
   3.3565821e-01
   3.4289018e-01
   3.5008785e-01
   3.5725051e-01
   3.6437746e-01
   3.7146800e-01
   3.7852145e-01
   3.8553712e-01
   3.9251432e-01
   3.9945238e-01
   4.0635061e-01
   4.1320835e-01
   4.2002492e-01
   4.2679967e-01
   4.3353193e-01
   4.4022105e-01
   4.4686638e-01
   4.5346727e-01
   4.6002308e-01
   4.6653316e-01
   4.7299690e-01
   4.7941365e-01
   4.8578279e-01
   4.9210371e-01
   4.9837578e-01
   5.0459841e-01
   5.1077098e-01
   5.1689289e-01
   5.2296355e-01
   5.2898238e-01
   5.3494878e-01
   5.4086217e-01
   5.4672199e-01
   5.5252765e-01
   5.5827861e-01
   5.6397430e-01
   5.6961416e-01
   5.7519766e-01
   5.8072424e-01
   5.8619338e-01
   5.9160454e-01
   5.9695720e-01
   6.0225084e-01
   6.0748494e-01
   6.1265900e-01
   6.1777253e-01
   6.2282501e-01
   6.2781597e-01
   6.3274492e-01
   6.3761138e-01
   6.4241489e-01
   6.4715498e-01
   6.5183119e-01
   6.5644306e-01
   6.6099016e-01
   6.6547204e-01
   6.6988828e-01
   6.7423843e-01
   6.7852210e-01
   6.8273885e-01
   6.8688829e-01
   6.9097001e-01
   6.9498363e-01
   6.9892875e-01
   7.0280500e-01
   7.0661199e-01
   7.1034938e-01
   7.1401679e-01
   7.1761387e-01
   7.2114028e-01
   7.2459568e-01
   7.2797974e-01
   7.3129214e-01
   7.3453255e-01
   7.3770066e-01
   7.4079618e-01
   7.4381880e-01
   7.4676824e-01
   7.4964421e-01
   7.5244644e-01
   7.5517467e-01
   7.5782863e-01
   7.6040807e-01
   7.6291274e-01
   7.6534241e-01
   7.6769685e-01
   7.6997583e-01
   7.7217913e-01
   7.7430656e-01
   7.7635790e-01
   7.7833296e-01
   7.8023156e-01
   7.8205352e-01
   7.8379867e-01
   7.8546684e-01
   7.8705788e-01
   7.8857164e-01
   7.9000798e-01
   7.9136676e-01
   7.9264787e-01
   7.9385117e-01
   7.9497657e-01
   7.9602396e-01
   7.9699325e-01
   7.9788434e-01
   7.9869716e-01
   7.9943164e-01
   8.0008770e-01
   8.0066530e-01
   8.0116439e-01
   8.0158492e-01
   8.0192687e-01
   8.0219019e-01
   8.0237489e-01
   8.0248094e-01
   8.0250835e-01
   8.0245712e-01
   8.0232725e-01
   8.0211878e-01
   8.0183174e-01
   8.0146614e-01
   8.0102205e-01
   8.0049951e-01
   7.9989858e-01
   7.9921932e-01
   7.9846182e-01
   7.9762614e-01
   7.9671239e-01
   7.9572066e-01
   7.9465106e-01
   7.9350369e-01
   7.9227867e-01
   7.9097614e-01
   7.8959624e-01
   7.8813909e-01
   7.8660485e-01
   7.8499369e-01
   7.8330576e-01
   7.8154125e-01
   7.7970032e-01
   7.7778316e-01
   7.7578999e-01
   7.7372098e-01
   7.7157636e-01
   7.6935635e-01
   7.6706116e-01
   7.6469103e-01
   7.6224621e-01
   7.5972693e-01
   7.5713345e-01
   7.5446603e-01
   7.5172494e-01
   7.4891046e-01
   7.4602287e-01
   7.4306246e-01
   7.4002953e-01
   7.3692438e-01
   7.3374732e-01
   7.3049867e-01
   7.2717876e-01
   7.2378792e-01
   7.2032649e-01
   7.1679481e-01
   7.1319323e-01
   7.0952213e-01
   7.0578186e-01
   7.0197279e-01
   6.9809531e-01
   6.9414980e-01
   6.9013667e-01
   6.8605629e-01
   6.8190909e-01
   6.7769548e-01
   6.7341587e-01
   6.6907069e-01
   6.6466038e-01
   6.6018536e-01
   6.5564610e-01
   6.5104303e-01
   6.4637662e-01
   6.4164732e-01
   6.3685562e-01
   6.3200197e-01
   6.2708688e-01
   6.2211081e-01
   6.1707427e-01
   6.1197776e-01
   6.0682178e-01
   6.0160685e-01
   5.9633347e-01
   5.9100217e-01
   5.8561349e-01
   5.8016794e-01
   5.7466608e-01
   5.6910845e-01
   5.6349560e-01
   5.5782807e-01
   5.5210644e-01
   5.4633128e-01
   5.4050314e-01
   5.3462261e-01
   5.2869026e-01
   5.2270669e-01
   5.1667249e-01
   5.1058825e-01
   5.0445458e-01
   4.9827207e-01
   4.9204134e-01
   4.8576301e-01
   4.7943769e-01
   4.7306601e-01
   4.6664861e-01
   4.6018610e-01
   4.5367913e-01
   4.4712834e-01
   4.4053439e-01
   4.3389791e-01
   4.2721956e-01
   4.2050000e-01
   4.1373990e-01
   4.0693991e-01
   4.0010072e-01
   3.9322299e-01
   3.8630740e-01
   3.7935464e-01
   3.7236538e-01
   3.6534032e-01
   3.5828015e-01
   3.5118556e-01
   3.4405726e-01
   3.3689594e-01
   3.2970231e-01
   3.2247707e-01
   3.1522095e-01
   3.0793464e-01
   3.0061888e-01
   2.9327437e-01
   2.8590185e-01
   2.7850203e-01
   2.7107565e-01
   2.6362344e-01
   2.5614612e-01
   2.4864443e-01
   2.4111911e-01
   2.3357091e-01
   2.2600055e-01
   2.1840879e-01
   2.1079638e-01
   2.0316405e-01
   1.9551257e-01
   1.8784267e-01
   1.8015512e-01
   1.7245067e-01
   1.6473007e-01
   1.5699410e-01
   1.4924349e-01
   1.4147902e-01
   1.3370145e-01
   1.2591153e-01
   1.1811005e-01
   1.1029775e-01
   1.0247541e-01
   9.4643797e-02
   8.6803677e-02
   7.8955818e-02
   7.1100992e-02
   6.3239968e-02
   5.5373517e-02
   4.7502412e-02
   3.9627422e-02
   3.1749322e-02
   2.3868882e-02
   1.5986875e-02
   8.1040745e-03
   2.2125211e-04
  -7.6608195e-03
  -1.5541368e-02
  -2.3419622e-02
  -3.1294808e-02
  -3.9166157e-02
  -4.7032896e-02
  -5.4894255e-02
  -6.2749465e-02
  -7.0597756e-02
  -7.8438361e-02
  -8.6270511e-02
  -9.4093440e-02
  -1.0190638e-01
  -1.0970857e-01
  -1.1749925e-01
  -1.2527765e-01
  -1.3304301e-01
  -1.4079457e-01
  -1.4853157e-01
  -1.5625327e-01
  -1.6395889e-01
  -1.7164770e-01
  -1.7931893e-01
  -1.8697184e-01
  -1.9460567e-01
  -2.0221969e-01
  -2.0981315e-01
  -2.1738530e-01
  -2.2493541e-01
  -2.3246274e-01
  -2.3996655e-01
  -2.4744611e-01
  -2.5490069e-01
  -2.6232957e-01
  -2.6973200e-01
  -2.7710729e-01
  -2.8445469e-01
  -2.9177351e-01
  -2.9906301e-01
  -3.0632250e-01
  -3.1355125e-01
  -3.2074858e-01
  -3.2791376e-01
  -3.3504612e-01
  -3.4214494e-01
  -3.4920954e-01
  -3.5623923e-01
  -3.6323332e-01
  -3.7019113e-01
  -3.7711199e-01
  -3.8399522e-01
  -3.9084014e-01
  -3.9764609e-01
  -4.0441241e-01
  -4.1113844e-01
  -4.1782352e-01
  -4.2446701e-01
  -4.3106825e-01
  -4.3762660e-01
  -4.4414143e-01
  -4.5061210e-01
  -4.5703797e-01
  -4.6341844e-01
  -4.6975286e-01
  -4.7604064e-01
  -4.8228115e-01
  -4.8847379e-01
  -4.9461796e-01
  -5.0071305e-01
  -5.0675849e-01
  -5.1275368e-01
  -5.1869803e-01
  -5.2459097e-01
  -5.3043193e-01
  -5.3622034e-01
  -5.4195564e-01
  -5.4763728e-01
  -5.5326469e-01
  -5.5883733e-01
  -5.6435467e-01
  -5.6981617e-01
  -5.7522129e-01
  -5.8056952e-01
  -5.8586034e-01
  -5.9109323e-01
  -5.9626768e-01
  -6.0138320e-01
  -6.0643928e-01
  -6.1143545e-01
  -6.1637121e-01
  -6.2124609e-01
  -6.2605962e-01
  -6.3081132e-01
  -6.3550075e-01
  -6.4012745e-01
  -6.4469096e-01
  -6.4919086e-01
  -6.5362669e-01
  -6.5799805e-01
  -6.6230450e-01
  -6.6654563e-01
  -6.7072102e-01
  -6.7483029e-01
  -6.7887302e-01
  -6.8284884e-01
  -6.8675735e-01
  -6.9059818e-01
  -6.9437097e-01
  -6.9807535e-01
  -7.0171095e-01
  -7.0527744e-01
  -7.0877447e-01
  -7.1220171e-01
  -7.1555881e-01
  -7.1884548e-01
  -7.2206138e-01
  -7.2520621e-01
  -7.2827967e-01
  -7.3128146e-01
  -7.3421130e-01
  -7.3706891e-01
  -7.3985401e-01
  -7.4256634e-01
  -7.4520564e-01
  -7.4777166e-01
  -7.5026415e-01
  -7.5268288e-01
  -7.5502762e-01
  -7.5729814e-01
  -7.5949423e-01
  -7.6161569e-01
  -7.6366230e-01
  -7.6563388e-01
  -7.6753025e-01
  -7.6935122e-01
  -7.7109662e-01
  -7.7276628e-01
  -7.7436007e-01
  -7.7587781e-01
  -7.7731938e-01
  -7.7868464e-01
  -7.7997346e-01
  -7.8118572e-01
  -7.8232132e-01
  -7.8338014e-01
  -7.8436210e-01
  -7.8526710e-01
  -7.8609507e-01
  -7.8684592e-01
  -7.8751960e-01
  -7.8811604e-01
  -7.8863519e-01
  -7.8907702e-01
  -7.8944148e-01
  -7.8972855e-01
  -7.8993820e-01
  -7.9007042e-01
  -7.9012522e-01
  -7.9010258e-01
  -7.9000252e-01
  -7.8982506e-01
  -7.8957023e-01
  -7.8923804e-01
  -7.8882856e-01
  -7.8834181e-01
  -7.8777786e-01
  -7.8713678e-01
  -7.8641862e-01
  -7.8562347e-01
  -7.8475142e-01
  -7.8380255e-01
  -7.8277697e-01
  -7.8167479e-01
  -7.8049612e-01
  -7.7924109e-01
  -7.7790982e-01
  -7.7650245e-01
  -7.7501913e-01
  -7.7346001e-01
  -7.7182525e-01
  -7.7011502e-01
  -7.6832949e-01
  -7.6646885e-01
  -7.6453329e-01
  -7.6252300e-01
  -7.6043818e-01
  -7.5827906e-01
  -7.5604584e-01
  -7.5373875e-01
  -7.5135804e-01
  -7.4890393e-01
  -7.4637667e-01
  -7.4377653e-01
  -7.4110375e-01
  -7.3835862e-01
  -7.3554140e-01
  -7.3265239e-01
  -7.2969186e-01
  -7.2666012e-01
  -7.2355748e-01
  -7.2038423e-01
  -7.1714071e-01
  -7.1382723e-01
  -7.1044413e-01
  -7.0699174e-01
  -7.0347041e-01
  -6.9988050e-01
  -6.9622235e-01
  -6.9249634e-01
  -6.8870283e-01
  -6.8484222e-01
  -6.8091487e-01
  -6.7692118e-01
  -6.7286156e-01
  -6.6873639e-01
  -6.6454611e-01
  -6.6029111e-01
  -6.5597183e-01
  -6.5158869e-01
  -6.4714213e-01
  -6.4263260e-01
  -6.3806053e-01
  -6.3342639e-01
  -6.2873063e-01
  -6.2397373e-01
  -6.1915614e-01
  -6.1427836e-01
  -6.0934086e-01
  -6.0434414e-01
  -5.9928868e-01
  -5.9417500e-01
  -5.8900359e-01
  -5.8377498e-01
  -5.7848967e-01
  -5.7314819e-01
  -5.6775108e-01
  -5.6229886e-01
  -5.5679207e-01
  -5.5123126e-01
  -5.4561698e-01
  -5.3994979e-01
  -5.3423024e-01
  -5.2845891e-01
  -5.2263635e-01
  -5.1676315e-01
  -5.1083989e-01
  -5.0486716e-01
  -4.9884553e-01
  -4.9277562e-01
  -4.8665801e-01
  -4.8049331e-01
  -4.7428213e-01
  -4.6802509e-01
  -4.6172280e-01
  -4.5537588e-01
  -4.4898496e-01
  -4.4255067e-01
  -4.3607365e-01
  -4.2955453e-01
  -4.2299396e-01
  -4.1639257e-01
  -4.0975104e-01
  -4.0307000e-01
  -3.9635012e-01
  -3.8959206e-01
  -3.8279649e-01
  -3.7596407e-01
  -3.6909548e-01
  -3.6219140e-01
  -3.5525250e-01
  -3.4827947e-01
  -3.4127300e-01
  -3.3423377e-01
  -3.2716247e-01
  -3.2005982e-01
  -3.1292649e-01
  -3.0576320e-01
  -2.9857065e-01
  -2.9134955e-01
  -2.8410061e-01
  -2.7682454e-01
  -2.6952205e-01
  -2.6219387e-01
  -2.5484072e-01
  -2.4746331e-01
  -2.4006238e-01
  -2.3263865e-01
  -2.2519285e-01
  -2.1772571e-01
  -2.1023797e-01
  -2.0273037e-01
  -1.9520363e-01
  -1.8765850e-01
  -1.8009572e-01
  -1.7251604e-01
  -1.6492019e-01
  -1.5730893e-01
  -1.4968300e-01
  -1.4204315e-01
  -1.3439013e-01
  -1.2672469e-01
  -1.1904758e-01
  -1.1135956e-01
  -1.0366138e-01
  -9.5953796e-02
  -8.8237566e-02
  -8.0513445e-02
  -7.2782192e-02
  -6.5044564e-02
  -5.7301321e-02
  -4.9553222e-02
  -4.1801026e-02
  -3.4045494e-02
  -2.6287385e-02
  -1.8527461e-02
  -1.0766482e-02
  -3.0052082e-03
   4.7555995e-03
   1.2515181e-02
   2.0272775e-02
   2.8027623e-02
   3.5778965e-02
   4.3526040e-02
   5.1268092e-02
   5.9004361e-02
   6.6734091e-02
   7.4456523e-02
   8.2170903e-02
   8.9876475e-02
   9.7572485e-02
   1.0525818e-01
   1.1293281e-01
   1.2059561e-01
   1.2824586e-01
   1.3588278e-01
   1.4350564e-01
   1.5111369e-01
   1.5870619e-01
   1.6628239e-01
   1.7384156e-01
   1.8138295e-01
   1.8890583e-01
   1.9640946e-01
   2.0389310e-01
   2.1135604e-01
   2.1879753e-01
   2.2621686e-01
   2.3361329e-01
   2.4098610e-01
   2.4833458e-01
   2.5565800e-01
   2.6295565e-01
   2.7022682e-01
   2.7747080e-01
   2.8468688e-01
   2.9187435e-01
   2.9903252e-01
   3.0616069e-01
   3.1325815e-01
   3.2032423e-01
   3.2735822e-01
   3.3435945e-01
   3.4132722e-01
   3.4826087e-01
   3.5515971e-01
   3.6202307e-01
   3.6885029e-01
   3.7564069e-01
   3.8239362e-01
   3.8910842e-01
   3.9578442e-01
   4.0242100e-01
   4.0901748e-01
   4.1557325e-01
   4.2208764e-01
   4.2856004e-01
   4.3498981e-01
   4.4137632e-01
   4.4771896e-01
   4.5401711e-01
   4.6027014e-01
   4.6647747e-01
   4.7263847e-01
   4.7875256e-01
   4.8481913e-01
   4.9083760e-01
   4.9680739e-01
   5.0272791e-01
   5.0859858e-01
   5.1441884e-01
   5.2018813e-01
   5.2590587e-01
   5.3157152e-01
   5.3718453e-01
   5.4274435e-01
   5.4825043e-01
   5.5370226e-01
   5.5909930e-01
   5.6444101e-01
   5.6972690e-01
   5.7495644e-01
   5.8012913e-01
   5.8524446e-01
   5.9030195e-01
   5.9530109e-01
   6.0024141e-01
   6.0512243e-01
   6.0994368e-01
   6.1470468e-01
   6.1940498e-01
   6.2404413e-01
   6.2862167e-01
   6.3313716e-01
   6.3759017e-01
   6.4198027e-01
   6.4630702e-01
   6.5057002e-01
   6.5476886e-01
   6.5890312e-01
   6.6297241e-01
   6.6697634e-01
   6.7091451e-01
   6.7478656e-01
   6.7859211e-01
   6.8233078e-01
   6.8600223e-01
   6.8960610e-01
   6.9314204e-01
   6.9660971e-01
   7.0000878e-01
   7.0333893e-01
   7.0659982e-01
   7.0979116e-01
   7.1291263e-01
   7.1596394e-01
   7.1894479e-01
   7.2185490e-01
   7.2469399e-01
   7.2746179e-01
   7.3015803e-01
   7.3278246e-01
   7.3533483e-01
   7.3781489e-01
   7.4022241e-01
   7.4255716e-01
   7.4481891e-01
   7.4700746e-01
   7.4912260e-01
   7.5116412e-01
   7.5313184e-01
   7.5502556e-01
   7.5684511e-01
   7.5859032e-01
   7.6026102e-01
   7.6185707e-01
   7.6337830e-01
   7.6482458e-01
   7.6619577e-01
   7.6749174e-01
   7.6871239e-01
   7.6985758e-01
   7.7092723e-01
   7.7192123e-01
   7.7283949e-01
   7.7368193e-01
   7.7444847e-01
   7.7513905e-01
   7.7575360e-01
   7.7629208e-01
   7.7675444e-01
   7.7714064e-01
   7.7745064e-01
   7.7768444e-01
   7.7784200e-01
   7.7792333e-01
   7.7792842e-01
   7.7785728e-01
   7.7770993e-01
   7.7748638e-01
   7.7718667e-01
   7.7681083e-01
   7.7635891e-01
   7.7583095e-01
   7.7522703e-01
   7.7454720e-01
   7.7379153e-01
   7.7296012e-01
   7.7205304e-01
   7.7107041e-01
   7.7001230e-01
   7.6887885e-01
   7.6767017e-01
   7.6638638e-01
   7.6502762e-01
   7.6359403e-01
   7.6208575e-01
   7.6050294e-01
   7.5884577e-01
   7.5711440e-01
   7.5530901e-01
   7.5342978e-01
   7.5147691e-01
   7.4945059e-01
   7.4735103e-01
   7.4517844e-01
   7.4293305e-01
   7.4061508e-01
   7.3822476e-01
   7.3576233e-01
   7.3322805e-01
   7.3062217e-01
   7.2794495e-01
   7.2519666e-01
   7.2237757e-01
   7.1948798e-01
   7.1652817e-01
   7.1349843e-01
   7.1039908e-01
   7.0723042e-01
   7.0399276e-01
   7.0068644e-01
   6.9731178e-01
   6.9386912e-01
   6.9035881e-01
   6.8678120e-01
   6.8313663e-01
   6.7942548e-01
   6.7564812e-01
   6.7180492e-01
   6.6789627e-01
   6.6392255e-01
   6.5988417e-01
   6.5578152e-01
   6.5161501e-01
   6.4738505e-01
   6.4309207e-01
   6.3873650e-01
   6.3431876e-01
   6.2983930e-01
   6.2529856e-01
   6.2069700e-01
   6.1603506e-01
   6.1131321e-01
   6.0653192e-01
   6.0169166e-01
   5.9679292e-01
   5.9183618e-01
   5.8682194e-01
   5.8175068e-01
   5.7662291e-01
   5.7143914e-01
   5.6619988e-01
   5.6090565e-01
   5.5555698e-01
   5.5015439e-01
   5.4469843e-01
   5.3918962e-01
