   1.0000000e+00
   1.0000000e+00
   9.9980400e-01
   9.9960800e-01
   9.9921608e-01
   9.9882415e-01
   9.9823646e-01
   9.9764877e-01
   9.9686554e-01
   9.9608230e-01
   9.9510384e-01
   9.9412538e-01
   9.9295206e-01
   9.9177875e-01
   9.9041105e-01
   9.8904335e-01
   9.8748180e-01
   9.8592024e-01
   9.8416545e-01
   9.8241065e-01
   9.8046331e-01
   9.7851596e-01
   9.7637682e-01
   9.7423769e-01
   9.7190760e-01
   9.6957752e-01
   9.6705739e-01
   9.6453727e-01
   9.6182810e-01
   9.5911892e-01
   9.5622176e-01
   9.5332460e-01
   9.5024059e-01
   9.4715658e-01
   9.4388693e-01
   9.4061727e-01
   9.3716326e-01
   9.3370924e-01
   9.3007222e-01
   9.2643520e-01
   9.2261659e-01
   9.1879799e-01
   9.1479930e-01
   9.1080061e-01
   9.0662341e-01
   9.0244620e-01
   8.9809212e-01
   8.9373803e-01
   8.8920878e-01
   8.8467952e-01
   8.7997687e-01
   8.7527421e-01
   8.7040000e-01
   8.6552579e-01
   8.6048194e-01
   8.5543809e-01
   8.5022658e-01
   8.4501506e-01
   8.3963792e-01
   8.3426078e-01
   8.2872012e-01
   8.2317947e-01
   8.1747747e-01
   8.1177547e-01
   8.0591437e-01
   8.0005326e-01
   7.9403534e-01
   7.8801743e-01
   7.8184506e-01
   7.7567269e-01
   7.6934829e-01
   7.6302389e-01
   7.5654994e-01
   7.5007599e-01
   7.4345502e-01
   7.3683405e-01
   7.3006866e-01
   7.2330328e-01
   7.1639612e-01
   7.0948897e-01
   7.0244275e-01
   6.9539654e-01
   6.8821403e-01
   6.8103152e-01
   6.7371552e-01
   6.6639953e-01
   6.5895292e-01
   6.5150631e-01
   6.4393201e-01
   6.3635770e-01
   6.2865867e-01
   6.2095964e-01
   6.1313891e-01
   6.0531817e-01
   5.9737879e-01
   5.8943941e-01
   5.8138450e-01
   5.7332959e-01
   5.6516230e-01
   5.5699502e-01
   5.4871857e-01
   5.4044211e-01
   5.3205973e-01
   5.2367735e-01
   5.1519233e-01
   5.0670731e-01
   4.9812297e-01
   4.8953864e-01
   4.8085835e-01
   4.7217807e-01
   4.6340523e-01
   4.5463240e-01
   4.4577046e-01
   4.3690852e-01
   4.2796094e-01
   4.1901337e-01
   4.0998367e-01
   4.0095397e-01
   3.9184568e-01
   3.8273739e-01
   3.7355409e-01
   3.6437078e-01
   3.5511606e-01
   3.4586134e-01
   3.3653883e-01
   3.2721632e-01
   3.1782967e-01
   3.0844303e-01
   2.9899593e-01
   2.8954883e-01
   2.8004498e-01
   2.7054113e-01
   2.6098425e-01
   2.5142738e-01
   2.4182122e-01
   2.3221506e-01
   2.2256339e-01
   2.1291172e-01
   2.0321832e-01
   1.9352492e-01
   1.8379358e-01
   1.7406225e-01
   1.6429680e-01
   1.5453135e-01
   1.4473562e-01
   1.3493988e-01
   1.2511770e-01
   1.1529551e-01
   1.0545073e-01
   9.5605944e-02
   8.5742423e-02
   7.5878901e-02
   6.6000507e-02
   5.6122113e-02
   4.6232719e-02
   3.6343325e-02
   2.6446808e-02
   1.6550290e-02
   6.6505294e-03
  -3.2492317e-03
  -1.3148356e-02
  -2.3047480e-02
  -3.2942087e-02
  -4.2836694e-02
  -5.2722905e-02
  -6.2609116e-02
  -7.2483056e-02
  -8.2356995e-02
  -9.2214793e-02
  -1.0207259e-01
  -1.1191038e-01
  -1.2174817e-01
  -1.3156210e-01
  -1.4137603e-01
  -1.5116225e-01
  -1.6094847e-01
  -1.7070314e-01
  -1.8045782e-01
  -1.9017712e-01
  -1.9989642e-01
  -2.0957655e-01
  -2.1925667e-01
  -2.2889382e-01
  -2.3853097e-01
  -2.4812137e-01
  -2.5771176e-01
  -2.6725165e-01
  -2.7679153e-01
  -2.8627717e-01
  -2.9576280e-01
  -3.0519047e-01
  -3.1461813e-01
  -3.2398413e-01
  -3.3335013e-01
  -3.4265080e-01
  -3.5195146e-01
  -3.6118314e-01
  -3.7041482e-01
  -3.7957390e-01
  -3.8873298e-01
  -3.9781587e-01
  -4.0689876e-01
  -4.1590189e-01
  -4.2490503e-01
  -4.3382488e-01
  -4.4274474e-01
  -4.5157781e-01
  -4.6041089e-01
  -4.6915373e-01
  -4.7789656e-01
  -4.8654573e-01
  -4.9519490e-01
  -5.0374701e-01
  -5.1229912e-01
  -5.2075082e-01
  -5.2920252e-01
  -5.3755049e-01
  -5.4589847e-01
  -5.5413945e-01
  -5.6238043e-01
  -5.7051118e-01
  -5.7864193e-01
  -5.8665927e-01
  -5.9467661e-01
  -6.0257739e-01
  -6.1047818e-01
  -6.1825931e-01
  -6.2604043e-01
  -6.3369886e-01
  -6.4135728e-01
  -6.4889000e-01
  -6.5642272e-01
  -6.6382678e-01
  -6.7123084e-01
  -6.7850334e-01
  -6.8577584e-01
  -6.9291393e-01
  -7.0005201e-01
  -7.0705289e-01
  -7.1405377e-01
  -7.2091469e-01
  -7.2777561e-01
  -7.3449389e-01
  -7.4121217e-01
  -7.4778517e-01
  -7.5435817e-01
  -7.6078331e-01
  -7.6720846e-01
  -7.7348323e-01
  -7.7975801e-01
  -7.8587995e-01
  -7.9200189e-01
  -7.9796860e-01
  -8.0393530e-01
  -8.0974444e-01
  -8.1555358e-01
  -8.2120287e-01
  -8.2685216e-01
  -8.3233938e-01
  -8.3782661e-01
  -8.4314962e-01
  -8.4847263e-01
  -8.5362934e-01
  -8.5878605e-01
  -8.6377444e-01
  -8.6876283e-01
  -8.7358094e-01
  -8.7839905e-01
  -8.8304500e-01
  -8.8769094e-01
  -8.9216290e-01
  -8.9663486e-01
  -9.0093107e-01
  -9.0522729e-01
  -9.0934608e-01
  -9.1346488e-01
  -9.1740463e-01
  -9.2134438e-01
  -9.2510355e-01
  -9.2886272e-01
  -9.3243984e-01
  -9.3601695e-01
  -9.3941060e-01
  -9.4280426e-01
  -9.4601312e-01
  -9.4922199e-01
  -9.5224480e-01
  -9.5526762e-01
  -9.5810320e-01
  -9.6093879e-01
  -9.6358603e-01
  -9.6623327e-01
  -9.6869112e-01
  -9.7114898e-01
  -9.7341650e-01
  -9.7568401e-01
  -9.7776029e-01
  -9.7983657e-01
  -9.8172080e-01
  -9.8360503e-01
  -9.8529647e-01
  -9.8698792e-01
  -9.8848591e-01
  -9.8998391e-01
  -9.9128787e-01
  -9.9259182e-01
  -9.9370123e-01
  -9.9481064e-01
  -9.9572507e-01
  -9.9663950e-01
  -9.9735858e-01
  -9.9807767e-01
  -9.9860113e-01
  -9.9912460e-01
  -9.9945223e-01
  -9.9977986e-01
  -9.9991154e-01
  -1.0000432e+00
  -9.9997889e-01
  -9.9991456e-01
  -9.9965424e-01
  -9.9939393e-01
  -9.9893773e-01
  -9.9848154e-01
  -9.9782964e-01
  -9.9717774e-01
  -9.9633039e-01
  -9.9548305e-01
  -9.9444059e-01
  -9.9339813e-01
  -9.9216097e-01
  -9.9092380e-01
  -9.8949241e-01
  -9.8806103e-01
  -9.8643598e-01
  -9.8481093e-01
  -9.8299286e-01
  -9.8117479e-01
  -9.7916441e-01
  -9.7715403e-01
  -9.7495213e-01
  -9.7275023e-01
  -9.7035767e-01
  -9.6796511e-01
  -9.6538283e-01
  -9.6280054e-01
  -9.6002955e-01
  -9.5725856e-01
  -9.5429995e-01
  -9.5134133e-01
  -9.4819626e-01
  -9.4505118e-01
  -9.4172087e-01
  -9.3839057e-01
  -9.3487634e-01
  -9.3136211e-01
  -9.2766533e-01
  -9.2396855e-01
  -9.2009067e-01
  -9.1621280e-01
  -9.1215534e-01
  -9.0809789e-01
  -9.0386245e-01
  -8.9962701e-01
  -8.9521524e-01
  -8.9080347e-01
  -8.8621711e-01
  -8.8163074e-01
  -8.7687158e-01
  -8.7211241e-01
  -8.6718231e-01
  -8.6225221e-01
  -8.5715311e-01
  -8.5205401e-01
  -8.4678791e-01
  -8.4152181e-01
  -8.3609077e-01
  -8.3065972e-01
  -8.2506587e-01
  -8.1947202e-01
  -8.1371756e-01
  -8.0796309e-01
  -8.0205026e-01
  -7.9613743e-01
  -7.9006856e-01
  -7.8399969e-01
  -7.7777716e-01
  -7.7155462e-01
  -7.6518086e-01
  -7.5880710e-01
  -7.5228462e-01
  -7.4576213e-01
  -7.3909348e-01
  -7.3242482e-01
  -7.2561261e-01
  -7.1880040e-01
  -7.1184731e-01
  -7.0489421e-01
  -6.9780296e-01
  -6.9071170e-01
  -6.8348507e-01
  -6.7625843e-01
  -6.6889925e-01
  -6.6154007e-01
  -6.5405123e-01
  -6.4656239e-01
  -6.3894682e-01
  -6.3133125e-01
  -6.2359194e-01
  -6.1585263e-01
  -6.0799261e-01
  -6.0013260e-01
  -5.9215496e-01
  -5.8417731e-01
  -5.7608517e-01
  -5.6799303e-01
  -5.5978956e-01
  -5.5158609e-01
  -5.4327451e-01
  -5.3496294e-01
  -5.2654650e-01
  -5.1813007e-01
  -5.0961209e-01
  -5.0109410e-01
  -4.9247790e-01
  -4.8386170e-01
  -4.7515067e-01
  -4.6643963e-01
  -4.5763717e-01
  -4.4883471e-01
  -4.3994428e-01
  -4.3105385e-01
  -4.2207893e-01
  -4.1310402e-01
  -4.0404813e-01
  -3.9499225e-01
  -3.8585894e-01
  -3.7672564e-01
  -3.6751850e-01
  -3.5831136e-01
  -3.4903399e-01
  -3.3975661e-01
  -3.3041265e-01
  -3.2106869e-01
  -3.1166179e-01
  -3.0225490e-01
  -2.9278877e-01
  -2.8332263e-01
  -2.7380097e-01
  -2.6427930e-01
  -2.5470584e-01
  -2.4513237e-01
  -2.3551086e-01
  -2.2588935e-01
  -2.1622357e-01
  -2.0655778e-01
  -1.9685151e-01
  -1.8714524e-01
  -1.7740229e-01
  -1.6765934e-01
  -1.5788353e-01
  -1.4810771e-01
  -1.3830287e-01
  -1.2849803e-01
  -1.1866801e-01
  -1.0883798e-01
  -9.8986620e-02
  -8.9135261e-02
  -7.9266432e-02
  -6.9397603e-02
  -5.9515171e-02
  -4.9632740e-02
  -3.9740581e-02
  -2.9848421e-02
  -1.9950411e-02
  -1.0052402e-02
  -1.5242189e-04
   9.7475580e-03
   1.9645627e-02
   2.9543697e-02
   3.9435976e-02
   4.9328255e-02
   5.9210865e-02
   6.9093476e-02
   7.8962544e-02
   8.8831612e-02
   9.8683269e-02
   1.0853493e-01
   1.1836531e-01
   1.2819570e-01
   1.3800095e-01
   1.4780621e-01
   1.5758250e-01
   1.6735879e-01
   1.7710227e-01
   1.8684576e-01
   1.9655262e-01
   2.0625949e-01
   2.1592592e-01
   2.2559236e-01
   2.3521458e-01
   2.4483680e-01
   2.5441103e-01
   2.6398527e-01
   2.7350776e-01
   2.8303025e-01
   2.9249727e-01
   3.0196429e-01
   3.1137212e-01
   3.2077995e-01
   3.3012491e-01
   3.3946987e-01
   3.4874830e-01
   3.5802672e-01
   3.6723497e-01
   3.7644322e-01
   3.8557769e-01
   3.9471216e-01
   4.0376926e-01
   4.1282637e-01
   4.2180256e-01
   4.3077875e-01
   4.3967050e-01
   4.4856226e-01
   4.5736610e-01
   4.6616994e-01
   4.7488241e-01
   4.8359488e-01
   4.9221257e-01
   5.0083025e-01
   5.0934977e-01
   5.1786930e-01
   5.2628732e-01
   5.3470534e-01
   5.4301856e-01
   5.5133177e-01
   5.5953693e-01
   5.6774209e-01
   5.7583597e-01
   5.8392985e-01
   5.9190928e-01
   5.9988871e-01
   6.0775056e-01
   6.1561241e-01
   6.2335360e-01
   6.3109479e-01
   6.3871229e-01
   6.4632978e-01
   6.5382060e-01
   6.6131142e-01
   6.6867262e-01
   6.7603381e-01
   6.8326251e-01
   6.9049121e-01
   6.9758457e-01
   7.0467793e-01
   7.1163317e-01
   7.1858841e-01
   7.2540281e-01
   7.3221721e-01
   7.3888810e-01
   7.4555898e-01
   7.5208374e-01
   7.5860849e-01
   7.6498456e-01
   7.7136063e-01
   7.7758551e-01
   7.8381040e-01
   7.8988165e-01
   7.9595291e-01
   8.0186815e-01
   8.0778340e-01
   8.1354032e-01
   8.1929725e-01
   8.2489359e-01
   8.3048993e-01
   8.3592349e-01
   8.4135706e-01
   8.4662571e-01
   8.5189437e-01
   8.5699606e-01
   8.6209775e-01
   8.6703046e-01
   8.7196318e-01
   8.7672499e-01
   8.8148680e-01
   8.8607584e-01
   8.9066488e-01
   8.9507935e-01
   8.9949382e-01
   9.0373199e-01
   9.0797016e-01
   9.1203036e-01
   9.1609057e-01
   9.1997122e-01
   9.2385187e-01
   9.2755145e-01
   9.3125103e-01
   9.3476808e-01
   9.3828513e-01
   9.4161828e-01
   9.4495143e-01
   9.4809937e-01
   9.5124731e-01
   9.5420880e-01
   9.5717030e-01
   9.5994418e-01
   9.6271807e-01
   9.6530327e-01
   9.6788846e-01
   9.7028395e-01
   9.7267944e-01
   9.7488429e-01
   9.7708913e-01
   9.7910246e-01
   9.8111580e-01
   9.8293684e-01
   9.8475787e-01
   9.8638590e-01
   9.8801392e-01
   9.8944829e-01
   9.9088266e-01
   9.9212282e-01
   9.9336298e-01
   9.9440844e-01
   9.9545391e-01
   9.9630426e-01
   9.9715461e-01
   9.9780952e-01
   9.9846443e-01
   9.9892364e-01
   9.9938285e-01
   9.9964618e-01
   9.9990951e-01
   9.9997686e-01
   1.0000442e+00
   9.9991555e-01
   9.9978689e-01
   9.9946227e-01
   9.9913765e-01
   9.9861720e-01
   9.9809676e-01
   9.9738068e-01
   9.9666460e-01
   9.9575318e-01
   9.9484176e-01
   9.9373535e-01
   9.9262894e-01
   9.9132797e-01
   9.9002701e-01
   9.8853199e-01
   9.8703698e-01
   9.8534851e-01
   9.8366004e-01
   9.8177877e-01
   9.7989750e-01
   9.7782418e-01
   9.7575085e-01
   9.7348627e-01
   9.7122170e-01
   9.6876676e-01
   9.6631183e-01
   9.6366750e-01
   9.6102316e-01
   9.5819047e-01
   9.5535778e-01
   9.5233784e-01
   9.4931789e-01
   9.4611189e-01
   9.4290588e-01
   9.3951506e-01
   9.3612424e-01
   9.3254994e-01
   9.2897564e-01
   9.2521926e-01
   9.2146289e-01
   9.1752590e-01
   9.1358892e-01
   9.0947287e-01
   9.0535682e-01
   9.0106332e-01
   8.9676982e-01
   8.9230056e-01
   8.8783129e-01
   8.8318801e-01
   8.7854474e-01
   8.7372926e-01
   8.6891379e-01
   8.6392800e-01
   8.5894222e-01
   8.5378809e-01
   8.4863395e-01
   8.4331349e-01
   8.3799302e-01
   8.3250831e-01
   8.2702359e-01
   8.2137678e-01
   8.1572997e-01
   8.0992328e-01
   8.0411659e-01
   7.9815229e-01
   7.9218799e-01
   7.8606842e-01
   7.7994885e-01
   7.7367641e-01
   7.6740397e-01
   7.6098112e-01
   7.5455827e-01
   7.4798753e-01
   7.4141679e-01
   7.3470073e-01
   7.2798466e-01
   7.2112592e-01
   7.1426717e-01
   7.0726843e-01
   7.0026969e-01
   6.9313369e-01
   6.8599770e-01
   6.7872725e-01
   6.7145680e-01
   6.6405474e-01
   6.5665268e-01
   6.4912192e-01
   6.4159116e-01
   6.3393465e-01
   6.2627814e-01
   6.1849888e-01
   6.1071961e-01
   6.0282065e-01
   5.9492169e-01
   5.8690612e-01
   5.7889055e-01
   5.7076152e-01
   5.6263249e-01
   5.5439318e-01
   5.4615388e-01
   5.3780752e-01
   5.2946117e-01
   5.2101104e-01
   5.1256091e-01
   5.0401033e-01
   4.9545974e-01
   4.8681204e-01
   4.7816434e-01
   4.6942292e-01
   4.6068150e-01
   4.5184978e-01
   4.4301807e-01
   4.3409953e-01
   4.2518098e-01
   4.1617910e-01
   4.0717722e-01
   3.9809553e-01
   3.8901385e-01
   3.7985591e-01
   3.7069798e-01
   3.6146739e-01
   3.5223680e-01
   3.4293717e-01
   3.3363754e-01
   3.2427252e-01
   3.1490750e-01
   3.0548075e-01
   2.9605401e-01
   2.8656924e-01
   2.7708447e-01
   2.6754539e-01
   2.5800631e-01
   2.4841666e-01
   2.3882702e-01
   2.2919056e-01
   2.1955410e-01
   2.0987461e-01
   2.0019512e-01
   1.9047639e-01
   1.8075766e-01
   1.7100350e-01
   1.6124935e-01
   1.5146358e-01
   1.4167782e-01
   1.3186429e-01
   1.2205076e-01
   1.1221331e-01
   1.0237585e-01
   9.2518333e-02
   8.2660815e-02
   7.2787094e-02
   6.2913374e-02
   5.3027322e-02
   4.3141271e-02
   3.3246764e-02
   2.3352257e-02
   1.3453173e-02
   3.5540887e-03
  -6.3456920e-03
  -1.6245473e-02
  -2.6142069e-02
  -3.6038666e-02
  -4.5928199e-02
  -5.5817732e-02
  -6.5696325e-02
  -7.5574918e-02
  -8.5438698e-02
  -9.5302478e-02
  -1.0514758e-01
  -1.1499268e-01
  -1.2481524e-01
  -1.3463780e-01
  -1.4443398e-01
  -1.5423015e-01
  -1.6399609e-01
  -1.7376204e-01
  -1.8349393e-01
  -1.9322581e-01
  -2.0291983e-01
  -2.1261384e-01
  -2.2226618e-01
  -2.3191853e-01
  -2.4152541e-01
  -2.5113230e-01
  -2.6068996e-01
  -2.7024763e-01
  -2.7975232e-01
  -2.8925702e-01
  -2.9870502e-01
  -3.0815302e-01
  -3.1754062e-01
  -3.2692823e-01
  -3.3625175e-01
  -3.4557528e-01
  -3.5483107e-01
  -3.6408686e-01
  -3.7327129e-01
  -3.8245573e-01
  -3.9156520e-01
  -4.0067467e-01
  -4.0970560e-01
  -4.1873654e-01
  -4.2768541e-01
  -4.3663427e-01
  -4.4549756e-01
  -4.5436084e-01
  -4.6313507e-01
  -4.7190931e-01
  -4.8059104e-01
  -4.8927278e-01
  -4.9785862e-01
  -5.0644446e-01
  -5.1493103e-01
  -5.2341761e-01
  -5.3180159e-01
  -5.4018558e-01
  -5.4846369e-01
  -5.5674180e-01
  -5.6491079e-01
  -5.7307978e-01
  -5.8113644e-01
  -5.8919310e-01
  -5.9713429e-01
  -6.0507547e-01
  -6.1289806e-01
  -6.2072065e-01
  -6.2842157e-01
  -6.3612250e-01
  -6.4369875e-01
  -6.5127499e-01
  -6.5872359e-01
  -6.6617219e-01
  -6.7349021e-01
  -6.8080824e-01
  -6.8799283e-01
  -6.9517742e-01
  -7.0222575e-01
  -7.0927409e-01
  -7.1618340e-01
  -7.2309272e-01
  -7.2986031e-01
  -7.3662790e-01
  -7.4325111e-01
  -7.4987432e-01
  -7.5635055e-01
  -7.6282679e-01
  -7.6915351e-01
  -7.7548023e-01
  -7.8165496e-01
  -7.8782969e-01
  -7.9385000e-01
  -7.9987031e-01
  -8.0573385e-01
  -8.1159739e-01
  -8.1730185e-01
  -8.2300632e-01
  -8.2854948e-01
  -8.3409263e-01
  -8.3947230e-01
  -8.4485198e-01
  -8.5006606e-01
  -8.5528014e-01
  -8.6032659e-01
  -8.6537304e-01
  -8.7024987e-01
  -8.7512671e-01
  -8.7983202e-01
  -8.8453733e-01
  -8.8906927e-01
  -8.9360121e-01
  -8.9795800e-01
  -9.0231480e-01
  -9.0649474e-01
  -9.1067468e-01
  -9.1467613e-01
  -9.1867758e-01
  -9.2249897e-01
  -9.2632035e-01
  -9.2996018e-01
  -9.3360001e-01
  -9.3705686e-01
  -9.4051370e-01
  -9.4378620e-01
  -9.4705870e-01
  -9.5014558e-01
  -9.5323246e-01
  -9.5613251e-01
  -9.5903255e-01
  -9.6174463e-01
  -9.6445671e-01
  -9.6697975e-01
  -9.6950279e-01
  -9.7183581e-01
  -9.7416883e-01
  -9.7631091e-01
  -9.7845299e-01
  -9.8040330e-01
  -9.8235360e-01
  -9.8411137e-01
  -9.8586913e-01
  -9.8743367e-01
  -9.8899820e-01
  -9.9036889e-01
  -9.9173958e-01
  -9.9291589e-01
  -9.9409220e-01
  -9.9507367e-01
  -9.9605513e-01
  -9.9684137e-01
  -9.9762761e-01
  -9.9821832e-01
  -9.9880902e-01
  -9.9920396e-01
  -9.9959890e-01
  -9.9979792e-01
  -9.9999694e-01
  -9.9999995e-01
  -1.0000030e+00
  -9.9980999e-01
  -9.9961701e-01
  -9.9922810e-01
  -9.9883919e-01
  -9.9825451e-01
  -9.9766983e-01
  -9.9688961e-01
  -9.9610938e-01
  -9.9513392e-01
  -9.9415846e-01
  -9.9298815e-01
  -9.9181783e-01
  -9.9045312e-01
  -9.8908841e-01
  -9.8752983e-01
  -9.8597126e-01
  -9.8421944e-01
  -9.8246761e-01
  -9.8052322e-01
  -9.7857884e-01
  -9.7644265e-01
  -9.7430646e-01
  -9.7197931e-01
  -9.6965215e-01
  -9.6713495e-01
  -9.6461774e-01
  -9.6191147e-01
  -9.5920520e-01
  -9.5631093e-01
  -9.5341666e-01
  -9.5033551e-01
  -9.4725437e-01
  -9.4398756e-01
  -9.4072076e-01
  -9.3726957e-01
  -9.3381838e-01
  -9.3018417e-01
  -9.2654995e-01
  -9.2273413e-01
  -9.1891831e-01
  -9.1492239e-01
  -9.1092646e-01
  -9.0675199e-01
  -9.0257752e-01
  -8.9822615e-01
  -8.9387478e-01
  -8.8934820e-01
  -8.8482163e-01
  -8.8012163e-01
  -8.7542163e-01
  -8.7055005e-01
  -8.6567847e-01
  -8.6063722e-01
  -8.5559596e-01
  -8.5038701e-01
  -8.4517806e-01
  -8.3980345e-01
  -8.3442885e-01
  -8.2889070e-01
  -8.2335254e-01
  -8.1765301e-01
  -8.1195348e-01
  -8.0609481e-01
  -8.0023613e-01
  -7.9422061e-01
  -7.8820509e-01
  -7.8203508e-01
  -7.7586508e-01
  -7.6954300e-01
  -7.6322092e-01
  -7.5674925e-01
  -7.5027758e-01
  -7.4365886e-01
  -7.3704014e-01
  -7.3027695e-01
  -7.2351377e-01
  -7.1660878e-01
  -7.0970378e-01
  -7.0265969e-01
  -6.9561560e-01
  -6.8843516e-01
  -6.8125473e-01
  -6.7394077e-01
  -6.6662681e-01
  -6.5918219e-01
  -6.5173757e-01
  -6.4416521e-01
  -6.3659285e-01
  -6.2889572e-01
  -6.2119858e-01
  -6.1337970e-01
  -6.0556081e-01
  -5.9762323e-01
  -5.8968565e-01
  -5.8163250e-01
  -5.7357934e-01
  -5.6541377e-01
  -5.5724819e-01
  -5.4897339e-01
  -5.4069859e-01
  -5.3231782e-01
  -5.2393705e-01
  -5.1545358e-01
  -5.0697011e-01
  -4.9838728e-01
  -4.8980445e-01
  -4.8112561e-01
  -4.7244678e-01
  -4.6367535e-01
  -4.5490391e-01
  -4.4604332e-01
  -4.3718272e-01
  -4.2823644e-01
  -4.1929016e-01
  -4.1026170e-01
  -4.0123323e-01
  -3.9212613e-01
  -3.8301902e-01
  -3.7383685e-01
  -3.6465467e-01
  -3.5540102e-01
  -3.4614737e-01
  -3.3682588e-01
  -3.2750438e-01
  -3.1811870e-01
  -3.0873301e-01
  -2.9928682e-01
  -2.8984062e-01
  -2.8033761e-01
  -2.7083461e-01
  -2.6127852e-01
  -2.5172243e-01
  -2.4211700e-01
  -2.3251158e-01
  -2.2286058e-01
  -2.1320958e-01
  -2.0351679e-01
  -1.9382400e-01
  -1.8409323e-01
  -1.7436245e-01
  -1.6459750e-01
  -1.5483254e-01
  -1.4503724e-01
  -1.3524195e-01
  -1.2542014e-01
  -1.1559833e-01
  -1.0575387e-01
  -9.5909402e-02
  -8.6046140e-02
  -7.6182877e-02
  -6.6304683e-02
  -5.6426489e-02
  -4.6537235e-02
  -3.6647981e-02
  -2.6751544e-02
  -1.6855107e-02
  -6.9553661e-03
   2.9443745e-03
   1.2843538e-02
   2.2742701e-02
   3.2637407e-02
   4.2532113e-02
   5.2418483e-02
   6.2304853e-02
   7.2179010e-02
   8.2053168e-02
   9.1911244e-02
   1.0176932e-01
   1.1160745e-01
   1.2144558e-01
   1.3125990e-01
   1.4107423e-01
   1.5086090e-01
   1.6064758e-01
   1.7040276e-01
   1.8015795e-01
   1.8987783e-01
   1.9959771e-01
   2.0927846e-01
   2.1895922e-01
   2.2859706e-01
   2.3823490e-01
   2.4782604e-01
   2.5741719e-01
   2.6695788e-01
   2.7649857e-01
   2.8598507e-01
   2.9547157e-01
   3.0490015e-01
   3.1432874e-01
   3.2369572e-01
   3.3306270e-01
   3.4236439e-01
   3.5166609e-01
   3.6089886e-01
   3.7013163e-01
   3.7929185e-01
   3.8845208e-01
   3.9753617e-01
   4.0662026e-01
   4.1562465e-01
   4.2462904e-01
   4.3355020e-01
   4.4247136e-01
   4.5130580e-01
   4.6014024e-01
   4.6888449e-01
   4.7762874e-01
   4.8627938e-01
   4.9493002e-01
   5.0348365e-01
   5.1203728e-01
   5.2049055e-01
   5.2894382e-01
   5.3729341e-01
   5.4564301e-01
   5.5388566e-01
   5.6212831e-01
   5.7026079e-01
   5.7839326e-01
   5.8641237e-01
   5.9443148e-01
   6.0233408e-01
   6.1023668e-01
   6.1801968e-01
   6.2580267e-01
   6.3346301e-01
   6.4112335e-01
   6.4865802e-01
   6.5619270e-01
   6.6359876e-01
   6.7100483e-01
   6.7827937e-01
   6.8555392e-01
   6.9269410e-01
   6.9983427e-01
   7.0683728e-01
   7.1384029e-01
   7.2070339e-01
   7.2756649e-01
   7.3428698e-01
   7.4100748e-01
   7.4758273e-01
   7.5415799e-01
   7.6058543e-01
   7.6701287e-01
   7.7328998e-01
   7.7956709e-01
   7.8569140e-01
   7.9181571e-01
   7.9778483e-01
   8.0375395e-01
   8.0956553e-01
   8.1537711e-01
   8.2102887e-01
   8.2668064e-01
   8.3217038e-01
   8.3766011e-01
   8.4298567e-01
   8.4831123e-01
   8.5347051e-01
   8.5862980e-01
   8.6362080e-01
   8.6861179e-01
   8.7343254e-01
   8.7825329e-01
   8.8290190e-01
   8.8755051e-01
   8.9202516e-01
   8.9649981e-01
   9.0079874e-01
   9.0509768e-01
   9.0921921e-01
   9.1334075e-01
   9.1728327e-01
   9.2122580e-01
   9.2498776e-01
   9.2874972e-01
   9.3232965e-01
   9.3590957e-01
   9.3930606e-01
   9.4270255e-01
   9.4591427e-01
   9.4912599e-01
   9.5215168e-01
   9.5517737e-01
   9.5801584e-01
   9.6085432e-01
   9.6350447e-01
   9.6615461e-01
   9.6861540e-01
   9.7107618e-01
   9.7334663e-01
   9.7561708e-01
   9.7769631e-01
   9.7977554e-01
   9.8166273e-01
   9.8354993e-01
   9.8524434e-01
   9.8693876e-01
   9.8843974e-01
   9.8994072e-01
   9.9124767e-01
   9.9255462e-01
   9.9366703e-01
   9.9477944e-01
   9.9569687e-01
   9.9661430e-01
   9.9733640e-01
   9.9805849e-01
   9.9858497e-01
   9.9911144e-01
   9.9944209e-01
   9.9977274e-01
   9.9990744e-01
   1.0000421e+00
   9.9998082e-01
   9.9991951e-01
   9.9966221e-01
   9.9940491e-01
   9.9895173e-01
   9.9849855e-01
   9.9784966e-01
   9.9720078e-01
   9.9635644e-01
   9.9551210e-01
   9.9447264e-01
   9.9343319e-01
   9.9219901e-01
   9.9096484e-01
   9.8953644e-01
   9.8810804e-01
   9.8648597e-01
   9.8486390e-01
   9.8304880e-01
   9.8123370e-01
   9.7922627e-01
   9.7721885e-01
   9.7501989e-01
   9.7282093e-01
   9.7043130e-01
   9.6804166e-01
   9.6546230e-01
   9.6288293e-01
   9.6011483e-01
   9.5734674e-01
   9.5439101e-01
   9.5143527e-01
   9.4829306e-01
   9.4515084e-01
   9.4182338e-01
   9.3849591e-01
   9.3498450e-01
   9.3147310e-01
   9.2777912e-01
   9.2408514e-01
   9.2021004e-01
   9.1633494e-01
   9.1228024e-01
   9.0822554e-01
   9.0399283e-01
   8.9976011e-01
   8.9535105e-01
   8.9094198e-01
   8.8635829e-01
   8.8177460e-01
   8.7701808e-01
   8.7226156e-01
   8.6733408e-01
   8.6240660e-01
   8.5731009e-01
   8.5221357e-01
   8.4695003e-01
   8.4168648e-01
   8.3625796e-01
   8.3082944e-01
   8.2523808e-01
   8.1964672e-01
   8.1389471e-01
   8.0814270e-01
   8.0223229e-01
   7.9632189e-01
   7.9025540e-01
   7.8418891e-01
   7.7796873e-01
   7.7174854e-01
   7.6537709e-01
   7.5900564e-01
   7.5248542e-01
   7.4596521e-01
   7.3929879e-01
   7.3263236e-01
   7.2582234e-01
   7.1901232e-01
   7.1206137e-01
   7.0511043e-01
   6.9802128e-01
   6.9093213e-01
   6.8370756e-01
   6.7648299e-01
   6.6912583e-01
   6.6176867e-01
   6.5428180e-01
   6.4679493e-01
   6.3918129e-01
   6.3156765e-01
   6.2383022e-01
   6.1609280e-01
   6.0823461e-01
   6.0037643e-01
   5.9240058e-01
   5.8442472e-01
   5.7633432e-01
   5.6824392e-01
   5.6004214e-01
   5.5184036e-01
   5.4353042e-01
   5.3522048e-01
   5.2680564e-01
   5.1839080e-01
   5.0987435e-01
   5.0135791e-01
   4.9274319e-01
   4.8412848e-01
   4.7541888e-01
   4.6670928e-01
   4.5790820e-01
   4.4910712e-01
   4.4021802e-01
   4.3132892e-01
   4.2235527e-01
   4.1338163e-01
   4.0432697e-01
   3.9527230e-01
   3.8614016e-01
   3.7700802e-01
   3.6780199e-01
   3.5859596e-01
   3.4931964e-01
   3.4004332e-01
   3.3070036e-01
   3.2135739e-01
   3.1195144e-01
   3.0254549e-01
   2.9308024e-01
   2.8361499e-01
   2.7409415e-01
   2.6457331e-01
   2.5500061e-01
   2.4542792e-01
   2.3580712e-01
   2.2618632e-01
   2.1652119e-01
   2.0685606e-01
   1.9715038e-01
   1.8744470e-01
   1.7770229e-01
   1.6795987e-01
   1.5818454e-01
   1.4840920e-01
   1.3860478e-01
   1.2880036e-01
   1.1897069e-01
   1.0914102e-01
   9.9289962e-02
   8.9438903e-02
   7.9570313e-02
   6.9701723e-02
   5.9819472e-02
   4.9937221e-02
   4.0045182e-02
   3.0153143e-02
   2.0255194e-02
   1.0357245e-02
   4.5726565e-04
  -9.4427134e-03
  -1.9340842e-02
  -2.9238970e-02
  -3.9131367e-02
  -4.9023765e-02
  -5.8906553e-02
  -6.8789342e-02
  -7.8658648e-02
  -8.8527954e-02
  -9.8379909e-02
  -1.0823186e-01
  -1.1806260e-01
  -1.2789335e-01
  -1.3769902e-01
  -1.4750469e-01
  -1.5728146e-01
  -1.6705822e-01
  -1.7680224e-01
  -1.8654626e-01
  -1.9625372e-01
  -2.0596117e-01
  -2.1562826e-01
  -2.2529535e-01
  -2.3491828e-01
  -2.4454121e-01
  -2.5411621e-01
  -2.6369121e-01
  -2.7321453e-01
  -2.8273784e-01
  -2.9220574e-01
  -3.0167364e-01
  -3.1108242e-01
  -3.2049119e-01
  -3.2983714e-01
  -3.3918310e-01
  -3.4846258e-01
  -3.5774205e-01
  -3.6695141e-01
  -3.7616077e-01
  -3.8529640e-01
  -3.9443203e-01
  -4.0349035e-01
  -4.1254868e-01
  -4.2152614e-01
  -4.3050360e-01
  -4.3939669e-01
  -4.4828977e-01
  -4.5709499e-01
  -4.6590021e-01
  -4.7461411e-01
  -4.8332801e-01
  -4.9194718e-01
  -5.0056635e-01
  -5.0908741e-01
  -5.1760847e-01
  -5.2602808e-01
  -5.3444769e-01
  -5.4276255e-01
  -5.5107740e-01
  -5.5928425e-01
  -5.6749109e-01
  -5.7558671e-01
  -5.8368233e-01
  -5.9166354e-01
  -5.9964476e-01
  -6.0750844e-01
  -6.1537213e-01
  -6.2311520e-01
  -6.3085827e-01
  -6.3847770e-01
  -6.4609712e-01
  -6.5358991e-01
  -6.6108270e-01
  -6.6844592e-01
  -6.7580913e-01
  -6.8303989e-01
  -6.9027065e-01
  -6.9736611e-01
  -7.0446158e-01
  -7.1141897e-01
  -7.1837636e-01
  -7.2519295e-01
  -7.3200954e-01
  -7.3868265e-01
  -7.4535577e-01
  -7.5188279e-01
  -7.5840982e-01
  -7.6478819e-01
  -7.7116657e-01
  -7.7739380e-01
  -7.8362103e-01
  -7.8969467e-01
  -7.9576830e-01
  -8.0168597e-01
  -8.0760364e-01
  -8.1336302e-01
  -8.1912239e-01
  -8.2472122e-01
  -8.3032005e-01
  -8.3575614e-01
  -8.4119223e-01
  -8.4646344e-01
  -8.5173465e-01
  -8.5683893e-01
  -8.6194320e-01
  -8.6687853e-01
  -8.7181386e-01
  -8.7657832e-01
  -8.8134278e-01
  -8.8593449e-01
  -8.9052621e-01
  -8.9494338e-01
  -8.9936055e-01
  -9.0360144e-01
  -9.0784234e-01
  -9.1190530e-01
  -9.1596826e-01
  -9.1985168e-01
  -9.2373511e-01
  -9.2743749e-01
  -9.3113987e-01
  -9.3465974e-01
  -9.3817961e-01
  -9.4151560e-01
  -9.4485159e-01
  -9.4800239e-01
  -9.5115319e-01
  -9.5411757e-01
  -9.5708194e-01
  -9.5985872e-01
  -9.6263551e-01
  -9.6522362e-01
  -9.6781173e-01
  -9.7021014e-01
  -9.7260856e-01
  -9.7481635e-01
  -9.7702413e-01
  -9.7904042e-01
  -9.8105671e-01
  -9.8288072e-01
  -9.8470472e-01
  -9.8633572e-01
  -9.8796672e-01
  -9.8940408e-01
  -9.9084144e-01
  -9.9208459e-01
  -9.9332774e-01
  -9.9437621e-01
  -9.9542467e-01
  -9.9627803e-01
  -9.9713138e-01
  -9.9778931e-01
  -9.9844723e-01
  -9.9890945e-01
  -9.9937168e-01
  -9.9963802e-01
  -9.9990437e-01
  -9.9997474e-01
  -1.0000451e+00
  -9.9991946e-01
  -9.9979382e-01
  -9.9947222e-01
  -9.9915062e-01
  -9.9863318e-01
  -9.9811575e-01
  -9.9740268e-01
  -9.9668962e-01
  -9.9578120e-01
  -9.9487278e-01
  -9.9376937e-01
  -9.9266596e-01
  -9.9136799e-01
  -9.9007001e-01
  -9.8857798e-01
  -9.8708595e-01
  -9.8540046e-01
  -9.8371496e-01
  -9.8183666e-01
  -9.7995835e-01
  -9.7788797e-01
  -9.7581760e-01
  -9.7355596e-01
  -9.7129432e-01
  -9.6884231e-01
  -9.6639030e-01
  -9.6374888e-01
  -9.6110745e-01
  -9.5827765e-01
  -9.5544785e-01
  -9.5243078e-01
  -9.4941372e-01
  -9.4621056e-01
  -9.4300741e-01
  -9.3961943e-01
  -9.3623144e-01
  -9.3265996e-01
  -9.2908847e-01
  -9.2533489e-01
  -9.2158130e-01
  -9.1764709e-01
  -9.1371287e-01
  -9.0959957e-01
  -9.0548627e-01
  -9.0119549e-01
  -8.9690471e-01
  -8.9243814e-01
  -8.8797157e-01
  -8.8333095e-01
  -8.7869034e-01
  -8.7387750e-01
  -8.6906466e-01
  -8.6408149e-01
  -8.5909831e-01
  -8.5394676e-01
  -8.4879520e-01
  -8.4347728e-01
  -8.3815936e-01
  -8.3267716e-01
  -8.2719495e-01
  -8.2155062e-01
  -8.1590629e-01
  -8.1010204e-01
  -8.0429780e-01
  -7.9833591e-01
  -7.9237401e-01
  -7.8625682e-01
  -7.8013962e-01
  -7.7386952e-01
  -7.6759942e-01
  -7.6117886e-01
  -7.5475831e-01
  -7.4818982e-01
  -7.4162134e-01
  -7.3490750e-01
  -7.2819365e-01
  -7.2133708e-01
  -7.1448051e-01
  -7.0748391e-01
  -7.0048730e-01
  -6.9335339e-01
  -6.8621949e-01
  -6.7895109e-01
  -6.7168269e-01
  -6.6428264e-01
  -6.5688258e-01
  -6.4935378e-01
  -6.4182498e-01
  -6.3417038e-01
  -6.2651579e-01
  -6.1873839e-01
  -6.1096099e-01
  -6.0306385e-01
  -5.9516671e-01
  -5.8715291e-01
  -5.7913911e-01
  -5.7101180e-01
  -5.6288450e-01
  -5.5464686e-01
  -5.4640923e-01
  -5.3806450e-01
  -5.2971977e-01
  -5.2127122e-01
  -5.1282266e-01
  -5.0427359e-01
  -4.9572453e-01
  -4.8707830e-01
  -4.7843207e-01
  -4.6969206e-01
  -4.6095206e-01
  -4.5212171e-01
  -4.4329136e-01
  -4.3437413e-01
  -4.2545690e-01
  -4.1645627e-01
  -4.0745565e-01
  -3.9837516e-01
  -3.8929468e-01
  -3.8013789e-01
  -3.7098110e-01
  -3.6175161e-01
  -3.5252211e-01
  -3.4322351e-01
  -3.3392492e-01
  -3.2456088e-01
  -3.1519683e-01
  -3.0577101e-01
  -2.9634519e-01
  -2.8686129e-01
  -2.7737738e-01
  -2.6783911e-01
  -2.5830084e-01
  -2.4871194e-01
  -2.3912304e-01
  -2.2948728e-01
  -2.1985151e-01
  -2.1017265e-01
  -2.0049380e-01
  -1.9077564e-01
  -1.8105749e-01
  -1.7130385e-01
  -1.6155021e-01
  -1.5176490e-01
  -1.4197960e-01
  -1.3216647e-01
  -1.2235333e-01
  -1.1251622e-01
  -1.0267910e-01
  -9.2821865e-02
  -8.2964626e-02
  -7.3091126e-02
  -6.3217626e-02
  -5.3331735e-02
  -4.3445844e-02
  -3.3551438e-02
  -2.3657031e-02
  -1.3757988e-02
  -3.8589453e-03
   6.0408541e-03
   1.5940653e-02
   2.5837329e-02
   3.5734004e-02
   4.5623675e-02
   5.5513346e-02
   6.5392137e-02
   7.5270927e-02
   8.5134965e-02
   9.4999002e-02
   1.0484442e-01
   1.1468984e-01
   1.2451278e-01
   1.3433571e-01
   1.4413232e-01
   1.5392893e-01
   1.6369537e-01
   1.7346181e-01
   1.8319425e-01
   1.9292669e-01
   2.0262132e-01
   2.1231594e-01
   2.2196895e-01
   2.3162197e-01
   2.4122958e-01
   2.5083720e-01
   2.6039565e-01
   2.6995410e-01
   2.7945964e-01
   2.8896518e-01
   2.9841408e-01
   3.0786298e-01
   3.1725154e-01
   3.2664010e-01
   3.3596464e-01
   3.4528918e-01
   3.5454605e-01
   3.6380291e-01
   3.7298847e-01
   3.8217402e-01
   3.9128468e-01
   4.0039533e-01
   4.0942750e-01
   4.1845968e-01
   4.2740983e-01
   4.3635999e-01
   4.4522462e-01
   4.5408925e-01
   4.6286487e-01
   4.7164050e-01
   4.8032369e-01
   4.8900687e-01
   4.9759422e-01
   5.0618156e-01
   5.1466969e-01
   5.2315782e-01
   5.3154341e-01
   5.3992900e-01
   5.4820876e-01
   5.5648853e-01
   5.6465922e-01
   5.7282991e-01
   5.8088833e-01
   5.8894675e-01
   5.9688973e-01
   6.0483272e-01
   6.1265715e-01
   6.2048159e-01
   6.2818441e-01
   6.3588724e-01
   6.4346543e-01
   6.5104361e-01
   6.5849420e-01
   6.6594478e-01
   6.7326484e-01
   6.8058490e-01
   6.8777157e-01
   6.9495823e-01
   7.0200868e-01
   7.0905914e-01
   7.1597061e-01
   7.2288209e-01
   7.2965188e-01
   7.3642168e-01
   7.4304713e-01
   7.4967258e-01
   7.5615110e-01
   7.6262962e-01
   7.6895866e-01
   7.7528770e-01
   7.8146479e-01
   7.8764188e-01
   7.9366458e-01
   7.9968729e-01
   8.0555326e-01
   8.1141923e-01
   8.1712616e-01
   8.2283309e-01
   8.2837875e-01
   8.3392441e-01
   8.3930661e-01
   8.4468882e-01
   8.4990547e-01
   8.5512212e-01
   8.6017116e-01
   8.6522020e-01
   8.7009966e-01
   8.7497913e-01
   8.7968709e-01
   8.8439505e-01
   8.8892968e-01
   8.9346430e-01
   8.9782381e-01
   9.0218331e-01
   9.0636599e-01
   9.1054866e-01
   9.1455287e-01
   9.1855708e-01
   9.2238125e-01
   9.2620543e-01
   9.2984806e-01
   9.3349070e-01
   9.3695037e-01
   9.4041004e-01
   9.4368539e-01
   9.4696074e-01
   9.5005049e-01
   9.5314023e-01
   9.5604317e-01
   9.5894610e-01
   9.6166107e-01
   9.6437605e-01
   9.6690201e-01
   9.6942797e-01
   9.7176392e-01
   9.7409988e-01
   9.7624491e-01
   9.7838993e-01
   9.8034320e-01
   9.8229646e-01
   9.8405720e-01
   9.8581793e-01
   9.8738544e-01
   9.8895296e-01
   9.9032664e-01
   9.9170032e-01
   9.9287962e-01
   9.9405893e-01
   9.9504340e-01
   9.9602787e-01
   9.9681712e-01
   9.9760636e-01
   9.9820008e-01
   9.9879380e-01
   9.9919175e-01
   9.9958971e-01
   9.9979174e-01
   9.9999378e-01
   9.9999981e-01
   1.0000059e+00
   9.9981588e-01
   9.9962592e-01
   9.9924003e-01
   9.9885414e-01
   9.9827247e-01
   9.9769080e-01
   9.9691359e-01
   9.9613637e-01
   9.9516391e-01
   9.9419146e-01
   9.9302414e-01
   9.9185682e-01
   9.9049510e-01
   9.8913337e-01
   9.8757778e-01
   9.8602219e-01
   9.8427333e-01
   9.8252448e-01
   9.8058305e-01
   9.7864162e-01
   9.7650838e-01
   9.7437514e-01
   9.7205092e-01
   9.6972670e-01
   9.6721241e-01
   9.6469813e-01
   9.6199476e-01
   9.5929139e-01
   9.5640001e-01
   9.5350862e-01
   9.5043034e-01
   9.4735207e-01
   9.4408811e-01
   9.4082415e-01
   9.3737580e-01
   9.3392744e-01
   9.3029603e-01
   9.2666462e-01
   9.2285159e-01
   9.1903855e-01
   9.1504539e-01
   9.1105222e-01
   9.0688049e-01
   9.0270876e-01
   8.9836010e-01
   8.9401143e-01
   8.8948754e-01
   8.8496366e-01
   8.8026631e-01
   8.7556897e-01
   8.7070002e-01
   8.6583106e-01
   8.6079241e-01
   8.5575375e-01
   8.5054737e-01
   8.4534098e-01
   8.3996891e-01
   8.3459684e-01
   8.2906119e-01
   8.2352554e-01
   8.1782847e-01
   8.1213141e-01
   8.0627517e-01
   8.0041893e-01
   7.9440581e-01
   7.8839268e-01
   7.8222504e-01
   7.7605739e-01
   7.6973763e-01
   7.6341788e-01
   7.5694849e-01
   7.5047911e-01
   7.4386263e-01
   7.3724615e-01
   7.3048517e-01
   7.2372419e-01
   7.1682136e-01
   7.0991854e-01
   7.0287656e-01
   6.9583459e-01
   6.8865623e-01
   6.8147788e-01
   6.7416595e-01
   6.6685402e-01
   6.5941139e-01
   6.5196876e-01
   6.4439835e-01
   6.3682793e-01
   6.2913270e-01
   6.2143747e-01
   6.1362043e-01
   6.0580339e-01
   5.9786762e-01
   5.8993185e-01
   5.8188045e-01
   5.7382905e-01
   5.6566518e-01
   5.5750131e-01
   5.4922817e-01
   5.4095503e-01
   5.3257586e-01
   5.2419669e-01
   5.1571478e-01
   5.0723287e-01
   4.9865154e-01
   4.9007022e-01
   4.8139283e-01
   4.7271545e-01
   4.6394542e-01
   4.5517539e-01
   4.4631614e-01
   4.3745689e-01
   4.2851190e-01
   4.1956691e-01
   4.1053968e-01
   4.0151246e-01
   3.9240654e-01
   3.8330062e-01
   3.7411957e-01
   3.6493852e-01
   3.5568594e-01
   3.4643337e-01
   3.3711289e-01
   3.2779241e-01
   3.1840769e-01
   3.0902297e-01
   2.9957767e-01
   2.9013238e-01
   2.8063022e-01
   2.7112806e-01
   2.6157276e-01
   2.5201746e-01
   2.4241277e-01
   2.3280807e-01
   2.2315775e-01
   2.1350742e-01
   2.0381525e-01
   1.9412307e-01
   1.8439285e-01
   1.7466263e-01
   1.6489817e-01
   1.5513372e-01
   1.4533886e-01
   1.3554400e-01
   1.2572257e-01
   1.1590114e-01
   1.0605700e-01
   9.6212851e-02
   8.6349849e-02
   7.6486847e-02
   6.6608853e-02
   5.6730859e-02
   4.6841746e-02
   3.6952633e-02
   2.7056277e-02
   1.7159921e-02
   7.2602022e-03
  -2.6395170e-03
  -1.2538719e-02
  -2.2437921e-02
  -3.2332724e-02
  -4.2227528e-02
  -5.2114056e-02
  -6.2000583e-02
  -7.1874958e-02
  -8.1749334e-02
  -9.1607686e-02
  -1.0146604e-01
  -1.1130450e-01
  -1.2114297e-01
  -1.3095769e-01
  -1.4077241e-01
  -1.5055954e-01
  -1.6034667e-01
  -1.7010237e-01
  -1.7985807e-01
  -1.8957852e-01
  -1.9929897e-01
  -2.0898036e-01
  -2.1866175e-01
  -2.2830027e-01
  -2.3793880e-01
  -2.4753070e-01
  -2.5712259e-01
  -2.6666409e-01
  -2.7620558e-01
  -2.8569295e-01
  -2.9518031e-01
  -3.0460981e-01
  -3.1403932e-01
  -3.2340727e-01
  -3.3277523e-01
  -3.4207795e-01
  -3.5138068e-01
  -3.6061454e-01
  -3.6984840e-01
  -3.7900977e-01
  -3.8817114e-01
  -3.9725643e-01
  -4.0634172e-01
  -4.1534736e-01
  -4.2435300e-01
  -4.3327548e-01
  -4.4219795e-01
  -4.5103375e-01
  -4.5986955e-01
  -4.6861521e-01
  -4.7736088e-01
  -4.8601298e-01
  -4.9466509e-01
  -5.0322024e-01
  -5.1177538e-01
  -5.2023023e-01
  -5.2868507e-01
  -5.3703629e-01
  -5.4538750e-01
  -5.5363183e-01
  -5.6187615e-01
  -5.7001034e-01
  -5.7814454e-01
  -5.8616542e-01
  -5.9418630e-01
  -6.0209072e-01
  -6.0999513e-01
  -6.1777999e-01
  -6.2556485e-01
  -6.3322710e-01
  -6.4088935e-01
  -6.4842598e-01
  -6.5596262e-01
  -6.6337068e-01
  -6.7077875e-01
  -6.7805534e-01
  -6.8533193e-01
  -6.9247420e-01
  -6.9961647e-01
  -7.0662161e-01
  -7.1362675e-01
  -7.2049203e-01
  -7.2735730e-01
  -7.3408001e-01
  -7.4080272e-01
  -7.4738023e-01
  -7.5395774e-01
  -7.6038748e-01
  -7.6681722e-01
  -7.7309666e-01
  -7.7937610e-01
  -7.8550278e-01
  -7.9162947e-01
  -7.9760099e-01
  -8.0357251e-01
  -8.0938654e-01
  -8.1520056e-01
  -8.2085480e-01
  -8.2650905e-01
  -8.3200130e-01
  -8.3749355e-01
  -8.4282164e-01
  -8.4814974e-01
  -8.5331161e-01
  -8.5847347e-01
  -8.6346707e-01
  -8.6846067e-01
  -8.7328406e-01
  -8.7810744e-01
  -8.8275871e-01
  -8.8740999e-01
  -8.9188733e-01
  -8.9636467e-01
  -9.0066633e-01
  -9.0496798e-01
  -9.0909226e-01
  -9.1321654e-01
  -9.1716183e-01
  -9.2110712e-01
  -9.2487187e-01
  -9.2863663e-01
  -9.3221937e-01
  -9.3580211e-01
  -9.3920143e-01
  -9.4260075e-01
  -9.4581533e-01
  -9.4902990e-01
  -9.5205847e-01
  -9.5508703e-01
  -9.5792840e-01
  -9.6076976e-01
  -9.6342282e-01
  -9.6607587e-01
  -9.6853958e-01
  -9.7100328e-01
  -9.7327667e-01
  -9.7555006e-01
  -9.7763224e-01
  -9.7971442e-01
  -9.8160458e-01
  -9.8349473e-01
  -9.8519212e-01
  -9.8688951e-01
  -9.8839348e-01
  -9.8989744e-01
  -9.9120738e-01
  -9.9251732e-01
  -9.9363273e-01
  -9.9474813e-01
  -9.9566857e-01
  -9.9658901e-01
  -9.9731411e-01
  -9.9803922e-01
  -9.9856871e-01
  -9.9909820e-01
  -9.9943187e-01
  -9.9976553e-01
  -9.9990325e-01
  -1.0000410e+00
  -9.9998266e-01
  -9.9992437e-01
  -9.9967009e-01
  -9.9941581e-01
  -9.9896564e-01
  -9.9851547e-01
  -9.9786960e-01
  -9.9722372e-01
  -9.9638239e-01
  -9.9554106e-01
  -9.9450461e-01
  -9.9346815e-01
  -9.9223697e-01
  -9.9100579e-01
  -9.8958038e-01
  -9.8815497e-01
  -9.8653587e-01
  -9.8491678e-01
  -9.8310465e-01
  -9.8129251e-01
  -9.7928804e-01
  -9.7728357e-01
  -9.7508756e-01
  -9.7289154e-01
  -9.7050483e-01
  -9.6811813e-01
  -9.6554168e-01
  -9.6296522e-01
  -9.6020003e-01
  -9.5743483e-01
  -9.5448198e-01
  -9.5152912e-01
  -9.4838977e-01
  -9.4525042e-01
  -9.4192580e-01
  -9.3860117e-01
  -9.3509259e-01
  -9.3158400e-01
  -9.2789282e-01
  -9.2420164e-01
  -9.2032932e-01
  -9.1645700e-01
  -9.1240505e-01
  -9.0835310e-01
  -9.0412312e-01
  -8.9989313e-01
  -8.9548677e-01
  -8.9108041e-01
  -8.8649939e-01
  -8.8191838e-01
  -8.7716451e-01
  -8.7241063e-01
  -8.6748577e-01
  -8.6256091e-01
  -8.5746698e-01
  -8.5237305e-01
  -8.4711206e-01
  -8.4185107e-01
  -8.3642508e-01
  -8.3099909e-01
  -8.2541022e-01
  -8.1982135e-01
  -8.1407179e-01
  -8.0832224e-01
  -8.0241425e-01
  -7.9650627e-01
  -7.9044216e-01
  -7.8437806e-01
  -7.7816022e-01
  -7.7194239e-01
  -7.6557325e-01
  -7.5920411e-01
  -7.5268616e-01
  -7.4616822e-01
  -7.3950403e-01
  -7.3283983e-01
  -7.2603200e-01
  -7.1922417e-01
  -7.1227538e-01
  -7.0532658e-01
  -6.9823954e-01
  -6.9115250e-01
  -6.8392999e-01
  -6.7670748e-01
  -6.6935234e-01
  -6.6199720e-01
  -6.5451231e-01
  -6.4702741e-01
  -6.3941570e-01
  -6.3180399e-01
  -6.2406845e-01
  -6.1633290e-01
  -6.0847656e-01
  -6.0062021e-01
  -5.9264615e-01
  -5.8467208e-01
  -5.7658342e-01
  -5.6849475e-01
  -5.6029467e-01
  -5.5209458e-01
  -5.4378628e-01
  -5.3547798e-01
  -5.2706473e-01
  -5.1865148e-01
  -5.1013657e-01
  -5.0162166e-01
  -4.9300844e-01
  -4.8439521e-01
  -4.7568704e-01
  -4.6697888e-01
  -4.5817918e-01
  -4.4937949e-01
  -4.4049171e-01
  -4.3160394e-01
  -4.2263157e-01
  -4.1365921e-01
  -4.0460576e-01
  -3.9555232e-01
  -3.8642134e-01
  -3.7729037e-01
  -3.6808545e-01
  -3.5888053e-01
  -3.4960526e-01
  -3.4033000e-01
  -3.3098803e-01
  -3.2164607e-01
  -3.1224106e-01
  -3.0283605e-01
  -2.9337168e-01
  -2.8390732e-01
  -2.7438731e-01
  -2.6486729e-01
  -2.5529537e-01
  -2.4572344e-01
  -2.3610336e-01
  -2.2648327e-01
  -2.1681879e-01
  -2.0715431e-01
  -1.9744923e-01
  -1.8774415e-01
  -1.7800227e-01
  -1.6826040e-01
  -1.5848554e-01
  -1.4871068e-01
  -1.3890668e-01
  -1.2910267e-01
  -1.1927336e-01
  -1.0944405e-01
  -9.9593295e-02
  -8.9742536e-02
  -7.9874186e-02
  -7.0005837e-02
  -6.0123767e-02
  -5.0241697e-02
  -4.0349779e-02
  -3.0457861e-02
  -2.0559974e-02
  -1.0662087e-02
  -7.6210938e-04
   9.1378678e-03
   1.9036054e-02
   2.8934240e-02
   3.8826755e-02
   4.8719270e-02
   5.8602236e-02
   6.8485202e-02
   7.8354745e-02
   8.8224288e-02
   9.8076539e-02
   1.0792879e-01
   1.1775989e-01
   1.2759098e-01
   1.3739707e-01
   1.4720316e-01
   1.5698040e-01
   1.6675764e-01
   1.7650219e-01
   1.8624674e-01
   1.9595479e-01
   2.0566284e-01
   2.1533058e-01
   2.2499832e-01
   2.3462196e-01
   2.4424559e-01
   2.5382136e-01
   2.6339713e-01
   2.7292127e-01
   2.8244541e-01
   2.9191419e-01
   3.0138297e-01
   3.1079268e-01
   3.2020239e-01
   3.2954934e-01
   3.3889630e-01
   3.4817682e-01
   3.5745735e-01
   3.6666782e-01
   3.7587828e-01
   3.8501507e-01
   3.9415187e-01
   4.0321141e-01
   4.1227095e-01
   4.2124968e-01
   4.3022842e-01
   4.3912283e-01
   4.4801724e-01
   4.5682383e-01
   4.6563043e-01
   4.7434577e-01
   4.8306110e-01
   4.9168176e-01
   5.0030241e-01
   5.0882501e-01
   5.1734760e-01
   5.2576880e-01
   5.3418999e-01
   5.4250649e-01
   5.5082298e-01
   5.5903151e-01
   5.6724005e-01
   5.7533740e-01
   5.8343476e-01
   5.9141776e-01
   5.9940076e-01
   6.0726627e-01
   6.1513179e-01
   6.2287675e-01
   6.3062170e-01
   6.3824305e-01
   6.4586440e-01
   6.5335916e-01
   6.6085392e-01
   6.6821915e-01
   6.7558439e-01
   6.8281721e-01
   6.9005003e-01
   6.9714759e-01
   7.0424516e-01
   7.1120470e-01
   7.1816424e-01
   7.2498302e-01
   7.3180179e-01
   7.3847714e-01
   7.4515248e-01
   7.5168177e-01
   7.5821107e-01
   7.6459175e-01
   7.7097244e-01
   7.7720201e-01
   7.8343159e-01
   7.8950761e-01
   7.9558363e-01
   8.0150372e-01
   8.0742380e-01
   8.1318563e-01
   8.1894747e-01
   8.2454878e-01
   8.3015010e-01
   8.3558871e-01
   8.4102732e-01
   8.4630109e-01
   8.5157486e-01
   8.5668171e-01
   8.6178857e-01
   8.6672652e-01
   8.7166447e-01
   8.7643157e-01
   8.8119867e-01
   8.8579306e-01
   8.9038745e-01
   8.9480732e-01
   8.9922719e-01
   9.0347081e-01
   9.0771444e-01
   9.1178015e-01
   9.1584586e-01
   9.1973206e-01
   9.2361827e-01
   9.2732344e-01
   9.3102862e-01
   9.3455131e-01
   9.3807401e-01
   9.4141284e-01
   9.4475167e-01
   9.4790533e-01
   9.5105899e-01
   9.5402624e-01
   9.5699349e-01
   9.5977318e-01
   9.6255286e-01
   9.6514388e-01
   9.6773490e-01
   9.7013625e-01
   9.7253759e-01
   9.7474832e-01
   9.7695905e-01
   9.7897829e-01
   9.8099754e-01
   9.8282450e-01
   9.8465147e-01
   9.8628545e-01
   9.8791943e-01
   9.8935977e-01
   9.9080012e-01
   9.9204626e-01
   9.9329241e-01
   9.9434388e-01
   9.9539534e-01
   9.9625170e-01
   9.9710807e-01
   9.9776900e-01
   9.9842993e-01
   9.9889517e-01
   9.9936041e-01
   9.9962978e-01
   9.9989914e-01
   9.9997253e-01
   1.0000459e+00
   9.9992329e-01
   9.9980066e-01
   9.9948208e-01
   9.9916349e-01
   9.9864907e-01
   9.9813465e-01
   9.9742459e-01
   9.9671454e-01
   9.9580913e-01
   9.9490372e-01
   9.9380330e-01
   9.9270289e-01
   9.9140791e-01
   9.9011292e-01
   9.8862388e-01
   9.8713484e-01
   9.8545231e-01
   9.8376979e-01
   9.8189445e-01
   9.8001911e-01
   9.7795168e-01
   9.7588425e-01
   9.7362556e-01
   9.7136686e-01
   9.6891777e-01
   9.6646868e-01
   9.6383017e-01
   9.6119165e-01
   9.5836474e-01
   9.5553784e-01
   9.5252364e-01
   9.4950945e-01
   9.4630915e-01
   9.4310885e-01
   9.3972371e-01
   9.3633856e-01
   9.3276989e-01
   9.2920122e-01
   9.2545043e-01
   9.2169964e-01
   9.1776819e-01
   9.1383674e-01
   9.0972619e-01
   9.0561563e-01
   9.0132757e-01
   8.9703951e-01
   8.9257563e-01
   8.8811175e-01
   8.8347381e-01
   8.7883586e-01
   8.7402566e-01
   8.6921546e-01
   8.6423489e-01
   8.5925433e-01
   8.5410535e-01
   8.4895637e-01
   8.4364099e-01
   8.3832561e-01
   8.3284593e-01
   8.2736624e-01
   8.2172439e-01
   8.1608254e-01
   8.1028073e-01
   8.0447893e-01
   7.9851945e-01
   7.9255997e-01
   7.8644514e-01
   7.8033032e-01
   7.7406255e-01
   7.6779479e-01
   7.6137653e-01
   7.5495828e-01
   7.4839205e-01
   7.4182582e-01
   7.3511420e-01
   7.2840257e-01
   7.2154818e-01
   7.1469379e-01
   7.0769931e-01
   7.0070484e-01
   6.9357303e-01
   6.8644122e-01
   6.7917487e-01
   6.7190852e-01
   6.6451047e-01
   6.5711242e-01
   6.4958558e-01
   6.4205874e-01
   6.3440606e-01
   6.2675337e-01
   6.1897785e-01
   6.1120232e-01
   6.0330699e-01
   5.9541167e-01
   5.8739965e-01
   5.7938762e-01
   5.7126204e-01
   5.6313645e-01
   5.5490049e-01
   5.4666454e-01
   5.3832143e-01
   5.2997832e-01
   5.2153134e-01
   5.1308436e-01
   5.0453682e-01
   4.9598927e-01
   4.8734451e-01
   4.7869975e-01
   4.6996117e-01
   4.6122258e-01
   4.5239360e-01
   4.4356462e-01
   4.3464869e-01
   4.2573277e-01
   4.1673340e-01
   4.0773404e-01
   3.9865475e-01
   3.8957547e-01
   3.8041983e-01
   3.7126419e-01
   3.6203579e-01
   3.5280738e-01
   3.4350982e-01
   3.3421227e-01
   3.2484920e-01
   3.1548614e-01
   3.0606124e-01
   2.9663634e-01
   2.8715330e-01
   2.7767027e-01
   2.6813280e-01
   2.5859534e-01
   2.4900719e-01
   2.3941905e-01
   2.2978397e-01
   2.2014890e-01
   2.1047068e-01
   2.0079246e-01
   1.9107488e-01
   1.8135730e-01
   1.7160418e-01
   1.6185106e-01
   1.5206621e-01
   1.4228136e-01
   1.3246863e-01
   1.2265590e-01
   1.1281912e-01
   1.0298235e-01
   9.3125389e-02
   8.3268430e-02
   7.3395151e-02
   6.3521872e-02
   5.3636142e-02
   4.3750413e-02
   3.3856108e-02
   2.3961804e-02
   1.4062803e-02
   4.1638016e-03
  -5.7360156e-03
  -1.5635833e-02
  -2.5532585e-02
  -3.5429338e-02
  -4.5319146e-02
  -5.5208955e-02
  -6.5087942e-02
  -7.4966930e-02
  -8.4831224e-02
  -9.4695517e-02
  -1.0454125e-01
  -1.1438698e-01
  -1.2421030e-01
  -1.3403361e-01
  -1.4383066e-01
  -1.5362770e-01
  -1.6339463e-01
  -1.7316156e-01
  -1.8289456e-01
  -1.9262755e-01
  -2.0232279e-01
  -2.1201802e-01
  -2.2167170e-01
  -2.3132539e-01
  -2.4093373e-01
  -2.5054207e-01
  -2.6010131e-01
  -2.6966054e-01
  -2.7916693e-01
  -2.8867331e-01
  -2.9812311e-01
  -3.0757291e-01
  -3.1696243e-01
  -3.2635195e-01
  -3.3567750e-01
  -3.4500306e-01
  -3.5426099e-01
  -3.6351892e-01
  -3.7270560e-01
  -3.8189229e-01
  -3.9100412e-01
  -4.0011595e-01
  -4.0914936e-01
  -4.1818277e-01
  -4.2713421e-01
  -4.3608566e-01
  -4.4495163e-01
  -4.5381761e-01
  -4.6259463e-01
  -4.7137165e-01
  -4.8005629e-01
  -4.8874093e-01
  -4.9732977e-01
  -5.0591861e-01
  -5.1440829e-01
  -5.2289798e-01
  -5.3128517e-01
  -5.3967236e-01
  -5.4795378e-01
  -5.5623520e-01
  -5.6440760e-01
  -5.7257999e-01
  -5.8064016e-01
  -5.8870034e-01
  -5.9664512e-01
  -6.0458991e-01
  -6.1241619e-01
  -6.2024248e-01
  -6.2794720e-01
  -6.3565191e-01
  -6.4323205e-01
  -6.5081218e-01
  -6.5826475e-01
  -6.6571732e-01
  -6.7303941e-01
  -6.8036150e-01
  -6.8755024e-01
  -6.9473898e-01
  -7.0179155e-01
  -7.0884412e-01
  -7.1575776e-01
  -7.2267140e-01
  -7.2944339e-01
  -7.3621539e-01
  -7.4284308e-01
  -7.4947078e-01
  -7.5595158e-01
  -7.6243238e-01
  -7.6876374e-01
  -7.7509510e-01
  -7.8127455e-01
  -7.8745399e-01
  -7.9347909e-01
  -7.9950420e-01
  -8.0537260e-01
  -8.1124100e-01
  -8.1695039e-01
  -8.2265979e-01
  -8.2820795e-01
  -8.3375610e-01
  -8.3914084e-01
  -8.4452558e-01
  -8.4974480e-01
  -8.5496401e-01
  -8.6001565e-01
  -8.6506729e-01
  -8.6994937e-01
  -8.7483146e-01
  -8.7954208e-01
  -8.8425270e-01
  -8.8879001e-01
  -8.9332731e-01
  -8.9768953e-01
  -9.0205174e-01
  -9.0623715e-01
  -9.1042256e-01
  -9.1442953e-01
  -9.1843650e-01
  -9.2226346e-01
  -9.2609041e-01
  -9.2973585e-01
  -9.3338129e-01
  -9.3684379e-01
  -9.4030629e-01
  -9.4358449e-01
  -9.4686269e-01
  -9.4995530e-01
  -9.5304792e-01
  -9.5595373e-01
  -9.5885955e-01
  -9.6157743e-01
  -9.6429531e-01
  -9.6682419e-01
  -9.6935306e-01
  -9.7169195e-01
  -9.7403083e-01
  -9.7617881e-01
  -9.7832678e-01
  -9.8028301e-01
  -9.8223923e-01
  -9.8400293e-01
  -9.8576664e-01
  -9.8733713e-01
  -9.8890762e-01
  -9.9028429e-01
  -9.9166096e-01
  -9.9284326e-01
  -9.9402556e-01
  -9.9501304e-01
  -9.9600051e-01
  -9.9679277e-01
  -9.9758502e-01
  -9.9818175e-01
  -9.9877848e-01
  -9.9917945e-01
  -9.9958042e-01
  -9.9978548e-01
  -9.9999053e-01
  -9.9999958e-01
  -1.0000086e+00
  -9.9982169e-01
  -9.9963474e-01
  -9.9925186e-01
  -9.9886899e-01
  -9.9829033e-01
  -9.9771168e-01
  -9.9693747e-01
  -9.9616327e-01
  -9.9519381e-01
  -9.9422436e-01
  -9.9306004e-01
  -9.9189571e-01
  -9.9053698e-01
  -9.8917825e-01
  -9.8762563e-01
  -9.8607302e-01
  -9.8432714e-01
  -9.8258126e-01
  -9.8064279e-01
  -9.7870432e-01
  -9.7657402e-01
  -9.7444373e-01
  -9.7212244e-01
  -9.6980116e-01
  -9.6728979e-01
  -9.6477842e-01
  -9.6207796e-01
  -9.5937750e-01
  -9.5648900e-01
  -9.5360049e-01
  -9.5052509e-01
  -9.4744968e-01
  -9.4418857e-01
  -9.4092747e-01
  -9.3748194e-01
  -9.3403641e-01
  -9.3040781e-01
  -9.2677921e-01
  -9.2296896e-01
  -9.1915871e-01
  -9.1516831e-01
  -9.1117790e-01
  -9.0700891e-01
  -9.0283991e-01
  -8.9849396e-01
  -8.9414801e-01
  -8.8962680e-01
  -8.8510560e-01
  -8.8041091e-01
  -8.7571623e-01
  -8.7084990e-01
  -8.6598358e-01
  -8.6094752e-01
  -8.5591146e-01
  -8.5070764e-01
  -8.4550383e-01
  -8.4013429e-01
  -8.3476476e-01
  -8.2923161e-01
  -8.2369846e-01
  -8.1800386e-01
  -8.1230927e-01
  -8.0645546e-01
  -8.0060165e-01
  -7.9459093e-01
  -7.8858020e-01
  -7.8241492e-01
  -7.7624963e-01
  -7.6993220e-01
  -7.6361477e-01
  -7.5714767e-01
  -7.5068057e-01
  -7.4406633e-01
  -7.3745210e-01
  -7.3069332e-01
  -7.2393455e-01
  -7.1703389e-01
  -7.1013322e-01
  -7.0309337e-01
  -6.9605352e-01
  -6.8887724e-01
  -6.8170096e-01
  -6.7439107e-01
  -6.6708118e-01
  -6.5964054e-01
  -6.5219990e-01
  -6.4463143e-01
  -6.3706296e-01
  -6.2936962e-01
  -6.2167629e-01
  -6.1386111e-01
  -6.0604592e-01
  -5.9811195e-01
  -5.9017799e-01
  -5.8212834e-01
  -5.7407870e-01
  -5.6591654e-01
  -5.5775437e-01
  -5.4948289e-01
  -5.4121141e-01
  -5.3283385e-01
  -5.2445629e-01
  -5.1597594e-01
  -5.0749558e-01
  -4.9891576e-01
  -4.9033594e-01
  -4.8166001e-01
  -4.7298408e-01
  -4.6421545e-01
  -4.5544681e-01
  -4.4658891e-01
  -4.3773101e-01
  -4.2878732e-01
  -4.1984362e-01
  -4.1081763e-01
  -4.0179165e-01
  -3.9268691e-01
  -3.8358218e-01
  -3.7440226e-01
  -3.6522234e-01
  -3.5597084e-01
  -3.4671933e-01
  -3.3739987e-01
  -3.2808042e-01
  -3.1869665e-01
  -3.0931289e-01
  -2.9986850e-01
  -2.9042411e-01
  -2.8092280e-01
  -2.7142149e-01
  -2.6186698e-01
  -2.5231247e-01
  -2.4270851e-01
  -2.3310454e-01
  -2.2345489e-01
  -2.1380524e-01
  -2.0411368e-01
  -1.9442212e-01
  -1.8469246e-01
  -1.7496280e-01
  -1.6519884e-01
  -1.5543488e-01
  -1.4564046e-01
  -1.3584604e-01
  -1.2602499e-01
  -1.1620394e-01
  -1.0636012e-01
  -9.6516291e-02
  -8.6653550e-02
  -7.6790809e-02
  -6.6913016e-02
  -5.7035224e-02
  -4.7146253e-02
  -3.7257282e-02
  -2.7361008e-02
  -1.7464734e-02
  -7.5650376e-03
   2.3346592e-03
   1.2233898e-02
   2.2133138e-02
   3.2028039e-02
   4.1922940e-02
   5.1809624e-02
   6.1696308e-02
   7.1570900e-02
   8.1445491e-02
   9.1304120e-02
   1.0116275e-01
   1.1100155e-01
   1.2084035e-01
   1.3065546e-01
   1.4047058e-01
   1.5025816e-01
   1.6004575e-01
   1.6980196e-01
   1.7955818e-01
   1.8927920e-01
   1.9900022e-01
   2.0868224e-01
   2.1836425e-01
   2.2800347e-01
   2.3764269e-01
   2.4723533e-01
   2.5682797e-01
   2.6637027e-01
   2.7591257e-01
   2.8540079e-01
   2.9488902e-01
   3.0431944e-01
   3.1374987e-01
   3.2311879e-01
   3.3248772e-01
   3.4179149e-01
   3.5109525e-01
   3.6033019e-01
   3.6956514e-01
   3.7872765e-01
   3.8789017e-01
   3.9697665e-01
   4.0606314e-01
   4.1507004e-01
   4.2407693e-01
   4.3300071e-01
   4.4192449e-01
   4.5076165e-01
   4.5959881e-01
   4.6834589e-01
   4.7709297e-01
   4.8574654e-01
   4.9440011e-01
   5.0295678e-01
   5.1151345e-01
   5.1996986e-01
   5.2842627e-01
   5.3677911e-01
   5.4513195e-01
   5.5337794e-01
   5.6162393e-01
   5.6975985e-01
   5.7789576e-01
   5.8591841e-01
   5.9394106e-01
   6.0184729e-01
   6.0975353e-01
   6.1754025e-01
   6.2532697e-01
   6.3299113e-01
   6.4065529e-01
   6.4819388e-01
   6.5573247e-01
   6.6314254e-01
   6.7055261e-01
   6.7783125e-01
   6.8510988e-01
   6.9225424e-01
   6.9939860e-01
   7.0640587e-01
   7.1341315e-01
   7.2028059e-01
   7.2714804e-01
   7.3387297e-01
   7.4059789e-01
   7.4717766e-01
   7.5375743e-01
   7.6018946e-01
   7.6662149e-01
   7.7290326e-01
   7.7918504e-01
   7.8531409e-01
   7.9144314e-01
   7.9741707e-01
   8.0339101e-01
   8.0920747e-01
   8.1502394e-01
   8.2068066e-01
   8.2633738e-01
   8.3183214e-01
   8.3732690e-01
   8.4265754e-01
   8.4798818e-01
   8.5315262e-01
   8.5831706e-01
   8.6331327e-01
   8.6830947e-01
   8.7313549e-01
   8.7796151e-01
   8.8261545e-01
   8.8726939e-01
   8.9174942e-01
   8.9622945e-01
   9.0053383e-01
   9.0483820e-01
   9.0896522e-01
   9.1309225e-01
   9.1704030e-01
   9.2098836e-01
   9.2475591e-01
   9.2852345e-01
   9.3210900e-01
   9.3569456e-01
   9.3909671e-01
   9.4249887e-01
   9.4571630e-01
   9.4893373e-01
   9.5196516e-01
   9.5499660e-01
   9.5784086e-01
   9.6068512e-01
   9.6334108e-01
   9.6599704e-01
   9.6846367e-01
   9.7093030e-01
   9.7320662e-01
   9.7548295e-01
   9.7756808e-01
   9.7965321e-01
   9.8154633e-01
   9.8343945e-01
   9.8513981e-01
   9.8684018e-01
   9.8834712e-01
   9.8985406e-01
   9.9116700e-01
   9.9247993e-01
   9.9359833e-01
   9.9471674e-01
   9.9564018e-01
   9.9656362e-01
   9.9729174e-01
   9.9801986e-01
   9.9855236e-01
   9.9908486e-01
   9.9942155e-01
   9.9975823e-01
   9.9989896e-01
   1.0000397e+00
   9.9998441e-01
   9.9992913e-01
   9.9967787e-01
   9.9942661e-01
   9.9897946e-01
   9.9853230e-01
   9.9788944e-01
   9.9724658e-01
   9.9640825e-01
   9.9556993e-01
   9.9453647e-01
   9.9350302e-01
   9.9227484e-01
   9.9104665e-01
   9.8962423e-01
   9.8820180e-01
   9.8658568e-01
   9.8496957e-01
   9.8316040e-01
   9.8135123e-01
   9.7934972e-01
   9.7734820e-01
   9.7515513e-01
   9.7296206e-01
   9.7057828e-01
   9.6819451e-01
   9.6562097e-01
   9.6304743e-01
   9.6028513e-01
   9.5752283e-01
   9.5457286e-01
   9.5162289e-01
   9.4848639e-01
   9.4534990e-01
   9.4202812e-01
   9.3870635e-01
   9.3520058e-01
   9.3169481e-01
   9.2800644e-01
   9.2431806e-01
   9.2044852e-01
   9.1657897e-01
   9.1252978e-01
   9.0848058e-01
   9.0425333e-01
   9.0002607e-01
   8.9562241e-01
   8.9121875e-01
   8.8664041e-01
   8.8206207e-01
   8.7731085e-01
   8.7255962e-01
   8.6763738e-01
   8.6271513e-01
   8.5762379e-01
   8.5253246e-01
   8.4727402e-01
   8.4201559e-01
   8.3659212e-01
   8.3116865e-01
   8.2558227e-01
   8.1999589e-01
   8.1424880e-01
   8.0850170e-01
   8.0259613e-01
   7.9669057e-01
   7.9062886e-01
   7.8456714e-01
   7.7835165e-01
   7.7213616e-01
   7.6576933e-01
   7.5940250e-01
   7.5288683e-01
   7.4637116e-01
   7.3970920e-01
   7.3304724e-01
   7.2624160e-01
   7.1943596e-01
   7.1248931e-01
   7.0554267e-01
   6.9845773e-01
   6.9137280e-01
   6.8415236e-01
   6.7693191e-01
   6.6957879e-01
   6.6222567e-01
   6.5474275e-01
   6.4725984e-01
   6.3965006e-01
   6.3204028e-01
   6.2430661e-01
   6.1657295e-01
   6.0871845e-01
   6.0086394e-01
   5.9289166e-01
   5.8491938e-01
   5.7683246e-01
   5.6874554e-01
   5.6054714e-01
   5.5234874e-01
   5.4404209e-01
   5.3573543e-01
   5.2732377e-01
   5.1891211e-01
   5.1039874e-01
   5.0188537e-01
   4.9327364e-01
   4.8466190e-01
   4.7595517e-01
   4.6724844e-01
   4.5845012e-01
   4.4965181e-01
   4.4076537e-01
   4.3187893e-01
   4.2290783e-01
   4.1393674e-01
   4.0488452e-01
   3.9583230e-01
   3.8670249e-01
   3.7757268e-01
   3.6836887e-01
   3.5916506e-01
   3.4989086e-01
   3.4061665e-01
   3.3127568e-01
   3.2193471e-01
   3.1253065e-01
   3.0312658e-01
   2.9366310e-01
   2.8419962e-01
   2.7468044e-01
   2.6516125e-01
   2.5559010e-01
   2.4601894e-01
   2.3639957e-01
   2.2678020e-01
   2.1711637e-01
   2.0745255e-01
   1.9774806e-01
   1.8804358e-01
   1.7830224e-01
   1.6856090e-01
   1.5878652e-01
   1.4901214e-01
   1.3920856e-01
   1.2940497e-01
   1.1957603e-01
   1.0974708e-01
   9.9896619e-02
   9.0046160e-02
   8.0178052e-02
   7.0309945e-02
   6.0428056e-02
   5.0546168e-02
   4.0654373e-02
   3.0762577e-02
   2.0864752e-02
   1.0966927e-02
   1.0669530e-03
  -8.8330214e-03
  -1.8731265e-02
  -2.8629508e-02
  -3.8522139e-02
  -4.8414771e-02
  -5.8297914e-02
  -6.8181056e-02
  -7.8050835e-02
  -8.7920614e-02
  -9.7773161e-02
  -1.0762571e-01
  -1.1745716e-01
  -1.2728861e-01
  -1.3709511e-01
  -1.4690162e-01
  -1.5667933e-01
  -1.6645704e-01
  -1.7620212e-01
  -1.8594721e-01
  -1.9565585e-01
  -2.0536449e-01
  -2.1503288e-01
  -2.2470126e-01
  -2.3432561e-01
  -2.4394996e-01
  -2.5352649e-01
  -2.6310302e-01
  -2.7262799e-01
  -2.8215295e-01
  -2.9162261e-01
  -3.0109227e-01
  -3.1050292e-01
  -3.1991357e-01
  -3.2926151e-01
  -3.3860946e-01
  -3.4789104e-01
  -3.5717261e-01
  -3.6638419e-01
  -3.7559576e-01
  -3.8473371e-01
  -3.9387167e-01
  -4.0293242e-01
  -4.1199318e-01
  -4.2097319e-01
  -4.2995319e-01
  -4.3884893e-01
  -4.4774466e-01
  -4.5655264e-01
  -4.6536061e-01
  -4.7407738e-01
  -4.8279415e-01
  -4.9141628e-01
  -5.0003842e-01
  -5.0856255e-01
  -5.1708668e-01
  -5.2550947e-01
  -5.3393225e-01
  -5.4225038e-01
  -5.5056851e-01
  -5.5877873e-01
  -5.6698895e-01
  -5.7508804e-01
  -5.8318713e-01
  -5.9117191e-01
  -5.9915670e-01
  -6.0702405e-01
  -6.1489140e-01
  -6.2263823e-01
  -6.3038506e-01
  -6.3800834e-01
  -6.4563162e-01
  -6.5312835e-01
  -6.6062508e-01
  -6.6799233e-01
  -6.7535958e-01
  -6.8259446e-01
  -6.8982934e-01
  -6.9692901e-01
  -7.0402868e-01
  -7.1099037e-01
  -7.1795205e-01
  -7.2477302e-01
  -7.3159398e-01
  -7.3827155e-01
  -7.4494912e-01
  -7.5148069e-01
  -7.5801225e-01
  -7.6439524e-01
  -7.7077823e-01
  -7.7701015e-01
  -7.8324207e-01
  -7.8932048e-01
  -7.9539888e-01
  -8.0132138e-01
  -8.0724389e-01
  -8.1300818e-01
  -8.1877246e-01
  -8.2437627e-01
  -8.2998007e-01
  -8.3542121e-01
  -8.4086234e-01
  -8.4613866e-01
  -8.5141498e-01
  -8.5652442e-01
  -8.6163387e-01
  -8.6657443e-01
  -8.7151499e-01
  -8.7628474e-01
  -8.8105449e-01
  -8.8565155e-01
  -8.9024861e-01
  -8.9467118e-01
  -8.9909375e-01
  -9.0334010e-01
  -9.0758645e-01
  -9.1165491e-01
  -9.1572337e-01
  -9.1961235e-01
  -9.2350133e-01
  -9.2720931e-01
  -9.3091728e-01
  -9.3444280e-01
  -9.3796831e-01
  -9.4130998e-01
  -9.4465166e-01
  -9.4780818e-01
  -9.5096470e-01
  -9.5393483e-01
  -9.5690496e-01
  -9.5968754e-01
  -9.6247012e-01
  -9.6506405e-01
  -9.6765798e-01
  -9.7006226e-01
  -9.7246653e-01
  -9.7468020e-01
  -9.7689387e-01
  -9.7891607e-01
  -9.8093827e-01
  -9.8276820e-01
  -9.8459814e-01
  -9.8623509e-01
  -9.8787204e-01
  -9.8931537e-01
  -9.9075871e-01
  -9.9200785e-01
  -9.9325699e-01
  -9.9431145e-01
  -9.9536592e-01
  -9.9622529e-01
  -9.9708466e-01
  -9.9774860e-01
  -9.9841255e-01
  -9.9888080e-01
  -9.9934905e-01
  -9.9962144e-01
  -9.9989382e-01
  -9.9997022e-01
  -1.0000466e+00
  -9.9992702e-01
  -9.9980741e-01
  -9.9949184e-01
  -9.9917627e-01
  -9.9866486e-01
  -9.9815346e-01
  -9.9744641e-01
  -9.9673937e-01
  -9.9583696e-01
  -9.9493455e-01
  -9.9383714e-01
  -9.9273973e-01
  -9.9144774e-01
  -9.9015575e-01
  -9.8866969e-01
  -9.8718362e-01
  -9.8550408e-01
  -9.8382453e-01
  -9.8195215e-01
  -9.8007977e-01
  -9.7801530e-01
  -9.7595082e-01
  -9.7369506e-01
  -9.7143930e-01
  -9.6899314e-01
  -9.6654697e-01
  -9.6391137e-01
  -9.6127576e-01
  -9.5845175e-01
  -9.5562773e-01
  -9.5261641e-01
  -9.4960509e-01
  -9.4640765e-01
  -9.4321021e-01
  -9.3982790e-01
  -9.3644559e-01
  -9.3287973e-01
  -9.2931388e-01
  -9.2556588e-01
  -9.2181788e-01
  -9.1788921e-01
  -9.1396053e-01
  -9.0985272e-01
  -9.0574490e-01
  -9.0145957e-01
  -8.9717423e-01
  -8.9271304e-01
  -8.8825186e-01
  -8.8361658e-01
  -8.7898130e-01
  -8.7417373e-01
  -8.6936617e-01
  -8.6438821e-01
  -8.5941026e-01
  -8.5426385e-01
  -8.4911745e-01
  -8.4380462e-01
  -8.3849179e-01
  -8.3301462e-01
  -8.2753745e-01
  -8.2189808e-01
  -8.1625870e-01
  -8.1045935e-01
  -8.0465999e-01
  -7.9870292e-01
  -7.9274585e-01
  -7.8663340e-01
  -7.8052095e-01
  -7.7425552e-01
  -7.6799009e-01
  -7.6157413e-01
  -7.5515817e-01
  -7.4859420e-01
  -7.4203023e-01
  -7.3532083e-01
  -7.2861142e-01
  -7.2175921e-01
  -7.1490699e-01
  -7.0791466e-01
  -7.0092232e-01
  -6.9379261e-01
  -6.8666289e-01
  -6.7939859e-01
  -6.7213428e-01
  -6.6473824e-01
  -6.5734220e-01
  -6.4981732e-01
  -6.4229244e-01
  -6.3464167e-01
  -6.2699090e-01
  -6.1921724e-01
  -6.1144358e-01
  -6.0355008e-01
  -5.9565658e-01
  -5.8764633e-01
  -5.7963608e-01
  -5.7151222e-01
  -5.6338836e-01
  -5.5515407e-01
  -5.4691979e-01
  -5.3857831e-01
  -5.3023683e-01
  -5.2179142e-01
  -5.1334602e-01
  -5.0479999e-01
  -4.9625397e-01
  -4.8761068e-01
  -4.7896739e-01
  -4.7023023e-01
  -4.6149306e-01
  -4.5266544e-01
  -4.4383783e-01
  -4.3492321e-01
  -4.2600860e-01
  -4.1701050e-01
  -4.0801239e-01
  -3.9893431e-01
  -3.8985623e-01
  -3.8070174e-01
  -3.7154725e-01
  -3.6231993e-01
  -3.5309262e-01
  -3.4379610e-01
  -3.3449958e-01
  -3.2513750e-01
  -3.1577542e-01
  -3.0635144e-01
  -2.9692747e-01
  -2.8744530e-01
  -2.7796312e-01
  -2.6842647e-01
  -2.5888982e-01
  -2.4930242e-01
  -2.3971503e-01
  -2.3008065e-01
  -2.2044627e-01
  -2.1076868e-01
  -2.0109110e-01
  -1.9137410e-01
  -1.8165710e-01
  -1.7190449e-01
  -1.6215189e-01
  -1.5236750e-01
  -1.4258311e-01
  -1.3277078e-01
  -1.2295845e-01
  -1.1312201e-01
  -1.0328558e-01
  -9.3428904e-02
  -8.3572226e-02
  -7.3699169e-02
  -6.3826112e-02
  -5.3940545e-02
  -4.4054978e-02
  -3.4160776e-02
  -2.4266574e-02
  -1.4367616e-02
  -4.4686575e-03
   5.4311766e-03
   1.5331011e-02
   2.5227840e-02
   3.5124669e-02
   4.5014614e-02
   5.4904558e-02
   6.4783742e-02
   7.4662925e-02
   8.4527475e-02
   9.4392024e-02
   1.0423807e-01
   1.1408412e-01
   1.2390781e-01
   1.3373150e-01
   1.4352897e-01
   1.5332645e-01
   1.6309388e-01
   1.7286130e-01
   1.8259485e-01
   1.9232839e-01
   2.0202424e-01
   2.1172008e-01
   2.2137443e-01
   2.3102879e-01
   2.4063785e-01
   2.5024692e-01
   2.5980694e-01
   2.6936696e-01
   2.7887419e-01
   2.8838141e-01
   2.9783211e-01
   3.0728282e-01
   3.1667329e-01
   3.2606377e-01
   3.3539033e-01
   3.4471690e-01
   3.5397590e-01
   3.6323490e-01
   3.7242271e-01
   3.8161051e-01
   3.9072353e-01
   3.9983654e-01
   4.0887118e-01
   4.1790582e-01
   4.2685856e-01
   4.3581129e-01
   4.4467861e-01
   4.5354592e-01
   4.6232434e-01
   4.7110276e-01
   4.7978885e-01
   4.8847493e-01
   4.9706527e-01
   5.0565562e-01
   5.1414685e-01
   5.2263809e-01
   5.3102688e-01
   5.3941568e-01
   5.4769875e-01
   5.5598182e-01
   5.6415592e-01
   5.7233002e-01
   5.8039195e-01
   5.8845387e-01
   5.9640045e-01
   6.0434704e-01
   6.1217517e-01
   6.2000331e-01
   6.2770992e-01
   6.3541653e-01
   6.4299861e-01
   6.5058068e-01
   6.5803523e-01
   6.6548979e-01
   6.7281391e-01
   6.8013804e-01
   6.8732885e-01
   6.9451966e-01
   7.0157435e-01
   7.0862904e-01
   7.1554484e-01
   7.2246064e-01
   7.2923483e-01
   7.3600903e-01
   7.4263896e-01
   7.4926890e-01
   7.5575198e-01
   7.6223506e-01
   7.6856875e-01
   7.7490243e-01
   7.8108423e-01
   7.8726603e-01
   7.9329353e-01
   7.9932103e-01
   8.0519186e-01
   8.1106269e-01
   8.1677455e-01
   8.2248641e-01
   8.2803707e-01
   8.3358772e-01
   8.3897500e-01
   8.4436227e-01
   8.4958404e-01
   8.5480582e-01
   8.5986006e-01
   8.6491429e-01
   8.6979900e-01
   8.7468371e-01
   8.7939699e-01
   8.8411026e-01
   8.8865025e-01
   8.9319024e-01
   8.9755516e-01
   9.0192008e-01
   9.0610823e-01
   9.1029638e-01
   9.1430610e-01
   9.1831583e-01
   9.2214557e-01
   9.2597531e-01
   9.2962356e-01
   9.3327180e-01
   9.3673713e-01
   9.4020246e-01
   9.4348350e-01
   9.4676455e-01
   9.4986003e-01
   9.5295551e-01
   9.5586421e-01
   9.5877291e-01
   9.6149369e-01
   9.6421448e-01
   9.6674627e-01
   9.6927807e-01
   9.7161988e-01
   9.7396170e-01
   9.7611262e-01
   9.7826354e-01
   9.8022272e-01
   9.8218191e-01
   9.8394858e-01
   9.8571525e-01
   9.8728873e-01
   9.8886220e-01
   9.9024185e-01
   9.9162151e-01
   9.9280681e-01
   9.9399211e-01
   9.9498258e-01
   9.9597306e-01
   9.9676833e-01
   9.9756359e-01
   9.9816333e-01
   9.9876308e-01
   9.9916706e-01
   9.9957105e-01
   9.9977912e-01
   9.9998718e-01
   9.9999926e-01
   1.0000113e+00
   9.9982740e-01
   9.9964347e-01
   9.9926361e-01
   9.9888375e-01
   9.9830810e-01
   9.9773246e-01
   9.9696127e-01
   9.9619007e-01
   9.9522362e-01
   9.9425717e-01
   9.9309584e-01
   9.9193452e-01
   9.9057877e-01
   9.8922303e-01
   9.8767340e-01
   9.8612376e-01
   9.8438085e-01
   9.8263794e-01
   9.8070243e-01
   9.7876692e-01
   9.7663957e-01
   9.7451223e-01
   9.7219388e-01
   9.6987552e-01
   9.6736708e-01
   9.6485863e-01
   9.6216107e-01
   9.5946351e-01
   9.5657789e-01
   9.5369228e-01
   9.5061974e-01
   9.4754720e-01
   9.4428895e-01
   9.4103069e-01
   9.3758799e-01
   9.3414529e-01
   9.3051950e-01
   9.2689371e-01
   9.2308624e-01
   9.1927878e-01
   9.1529114e-01
   9.1130349e-01
   9.0713724e-01
   9.0297098e-01
   8.9862774e-01
   8.9428450e-01
   8.8976598e-01
   8.8524746e-01
   8.8055543e-01
   8.7586341e-01
   8.7099971e-01
   8.6613601e-01
   8.6110255e-01
   8.5606909e-01
   8.5086784e-01
   8.4566659e-01
   8.4029959e-01
   8.3493259e-01
   8.2940195e-01
   8.2387130e-01
   8.1817917e-01
   8.1248705e-01
   8.0663568e-01
   8.0078430e-01
   7.9477598e-01
   7.8876765e-01
   7.8260472e-01
   7.7644180e-01
   7.7012669e-01
   7.6381158e-01
   7.5734677e-01
   7.5088195e-01
   7.4426997e-01
   7.3765798e-01
   7.3090141e-01
   7.2414484e-01
   7.1724634e-01
   7.1034784e-01
   7.0331011e-01
   6.9627238e-01
   6.8909818e-01
   6.8192398e-01
   6.7461613e-01
   6.6730827e-01
   6.5986962e-01
   6.5243098e-01
   6.4486445e-01
   6.3729793e-01
   6.2960649e-01
   6.2191506e-01
   6.1410173e-01
   6.0628839e-01
   5.9835623e-01
   5.9042407e-01
   5.8237618e-01
   5.7432830e-01
   5.6616784e-01
   5.5800739e-01
   5.4973756e-01
   5.4146774e-01
   5.3309179e-01
   5.2471584e-01
   5.1623704e-01
   5.0775825e-01
   4.9917993e-01
   4.9060161e-01
   4.8192714e-01
   4.7325266e-01
   4.6448543e-01
   4.5571820e-01
   4.4686165e-01
   4.3800510e-01
   4.2906269e-01
   4.2012029e-01
   4.1109555e-01
   4.0207080e-01
   3.9296725e-01
   3.8386370e-01
   3.7468491e-01
   3.6550612e-01
   3.5625570e-01
   3.4700527e-01
   3.3768683e-01
   3.2836839e-01
   3.1898559e-01
   3.0960279e-01
   3.0015930e-01
   2.9071582e-01
   2.8121536e-01
   2.7171489e-01
   2.6216117e-01
   2.5260745e-01
   2.4300422e-01
   2.3340099e-01
   2.2375202e-01
   2.1410304e-01
   2.0441210e-01
   1.9472116e-01
   1.8499205e-01
   1.7526294e-01
   1.6549949e-01
   1.5573603e-01
   1.4594205e-01
   1.3614806e-01
   1.2632740e-01
   1.1650673e-01
   1.0666323e-01
   9.6819723e-02
   8.6957243e-02
   7.7094764e-02
   6.7217174e-02
   5.7339584e-02
   4.7450755e-02
   3.7561927e-02
   2.7665736e-02
   1.7769546e-02
   7.8698723e-03
  -2.0298012e-03
  -1.1929077e-02
  -2.1828352e-02
  -3.1723350e-02
  -4.1618347e-02
  -5.1505187e-02
  -6.1392027e-02
  -7.1266834e-02
  -8.1141642e-02
  -9.1000545e-02
  -1.0085945e-01
  -1.1069858e-01
  -1.2053772e-01
  -1.3035323e-01
  -1.4016874e-01
  -1.4995677e-01
  -1.5974481e-01
  -1.6950154e-01
  -1.7925826e-01
  -1.8897986e-01
  -1.9870145e-01
  -2.0838409e-01
  -2.1806674e-01
  -2.2770665e-01
  -2.3734655e-01
  -2.4693994e-01
  -2.5653332e-01
  -2.6607643e-01
  -2.7561953e-01
  -2.8510862e-01
  -2.9459770e-01
  -3.0402904e-01
  -3.1346038e-01
  -3.2283029e-01
  -3.3220019e-01
  -3.4150499e-01
  -3.5080978e-01
  -3.6004581e-01
  -3.6928185e-01
  -3.7844550e-01
  -3.8760916e-01
  -3.9669684e-01
  -4.0578452e-01
  -4.1479267e-01
  -4.2380082e-01
  -4.3272591e-01
  -4.4165099e-01
  -4.5048951e-01
  -4.5932803e-01
  -4.6807653e-01
  -4.7682502e-01
  -4.8548006e-01
  -4.9413509e-01
  -5.0269328e-01
  -5.1125146e-01
  -5.1970944e-01
  -5.2816742e-01
  -5.3652188e-01
  -5.4487634e-01
  -5.5312400e-01
  -5.6137166e-01
  -5.6950930e-01
  -5.7764693e-01
  -5.8567135e-01
  -5.9369576e-01
  -6.0160381e-01
  -6.0951186e-01
  -6.1730045e-01
  -6.2508904e-01
  -6.3275510e-01
  -6.4042117e-01
  -6.4796172e-01
  -6.5550227e-01
  -6.6291434e-01
  -6.7032640e-01
  -6.7760709e-01
  -6.8488777e-01
  -6.9203422e-01
  -6.9918066e-01
  -7.0619007e-01
  -7.1319948e-01
  -7.2006910e-01
  -7.2693872e-01
  -7.3366586e-01
  -7.4039300e-01
  -7.4697502e-01
  -7.5355704e-01
  -7.5999137e-01
  -7.6642569e-01
  -7.7270980e-01
  -7.7899390e-01
  -7.8512533e-01
  -7.9125675e-01
  -7.9723309e-01
  -8.0320942e-01
  -8.0902833e-01
  -8.1484724e-01
  -8.2050644e-01
  -8.2616563e-01
  -8.3166290e-01
  -8.3716017e-01
  -8.4249336e-01
  -8.4782654e-01
  -8.5299356e-01
  -8.5816057e-01
  -8.6315938e-01
  -8.6815819e-01
  -8.7298685e-01
  -8.7781550e-01
  -8.8247210e-01
  -8.8712870e-01
  -8.9161143e-01
  -8.9609415e-01
  -9.0040124e-01
  -9.0470833e-01
  -9.0883810e-01
  -9.1296787e-01
  -9.1691869e-01
  -9.2086952e-01
  -9.2463985e-01
  -9.2841019e-01
  -9.3199855e-01
  -9.3558692e-01
  -9.3899191e-01
  -9.4239690e-01
  -9.4561718e-01
  -9.4883747e-01
  -9.5187178e-01
  -9.5490608e-01
  -9.5775323e-01
  -9.6060038e-01
  -9.6325925e-01
  -9.6591812e-01
  -9.6838767e-01
  -9.7085722e-01
  -9.7313648e-01
  -9.7541575e-01
  -9.7750383e-01
  -9.7959191e-01
  -9.8148799e-01
  -9.8338407e-01
  -9.8508741e-01
  -9.8679074e-01
  -9.8830067e-01
  -9.8981060e-01
  -9.9112652e-01
  -9.9244245e-01
  -9.9356385e-01
  -9.9468526e-01
  -9.9561170e-01
  -9.9653815e-01
  -9.9726927e-01
  -9.9800040e-01
  -9.9853592e-01
  -9.9907143e-01
  -9.9941113e-01
  -9.9975083e-01
  -9.9989458e-01
  -1.0000383e+00
  -9.9998607e-01
  -9.9993381e-01
  -9.9968556e-01
  -9.9943731e-01
  -9.9899318e-01
  -9.9854904e-01
  -9.9790919e-01
  -9.9726934e-01
  -9.9643402e-01
  -9.9559870e-01
  -9.9456825e-01
  -9.9353780e-01
  -9.9231261e-01
  -9.9108742e-01
  -9.8966798e-01
  -9.8824854e-01
  -9.8663540e-01
  -9.8502227e-01
  -9.8321606e-01
  -9.8140986e-01
  -9.7941130e-01
  -9.7741275e-01
  -9.7522262e-01
  -9.7303248e-01
  -9.7065164e-01
  -9.6827079e-01
  -9.6570017e-01
  -9.6312954e-01
  -9.6037014e-01
  -9.5761074e-01
  -9.5466365e-01
  -9.5171656e-01
  -9.4858293e-01
  -9.4544930e-01
  -9.4213037e-01
  -9.3881143e-01
  -9.3530849e-01
  -9.3180554e-01
  -9.2811997e-01
  -9.2443439e-01
  -9.2056762e-01
  -9.1670086e-01
  -9.1265442e-01
  -9.0860798e-01
  -9.0438345e-01
  -9.0015893e-01
  -8.9575797e-01
  -8.9135701e-01
  -8.8678135e-01
  -8.8220568e-01
  -8.7745711e-01
  -8.7270853e-01
  -8.6778890e-01
  -8.6286928e-01
  -8.5778053e-01
  -8.5269178e-01
  -8.4743590e-01
  -8.4218003e-01
  -8.3675908e-01
  -8.3133814e-01
  -8.2575425e-01
  -8.2017036e-01
  -8.1442572e-01
  -8.0868109e-01
  -8.0277794e-01
  -7.9687480e-01
  -7.9081547e-01
  -7.8475615e-01
  -7.7854300e-01
  -7.7232986e-01
  -7.6596535e-01
  -7.5960083e-01
  -7.5308743e-01
  -7.4657403e-01
  -7.3991430e-01
  -7.3325457e-01
  -7.2645113e-01
  -7.1964768e-01
  -7.1270319e-01
  -7.0575869e-01
  -6.9867586e-01
  -6.9159304e-01
  -6.8437466e-01
  -6.7715628e-01
  -6.6980518e-01
  -6.6245408e-01
  -6.5497314e-01
  -6.4749220e-01
  -6.3988435e-01
  -6.3227650e-01
  -6.2454472e-01
  -6.1681295e-01
  -6.0896028e-01
  -6.0110760e-01
  -5.9313712e-01
  -5.8516663e-01
  -5.7708145e-01
  -5.6899627e-01
  -5.6079956e-01
  -5.5260286e-01
  -5.4429784e-01
  -5.3599283e-01
  -5.2758276e-01
  -5.1917269e-01
  -5.1066086e-01
  -5.0214904e-01
  -4.9353879e-01
  -4.8492854e-01
  -4.7622325e-01
  -4.6751795e-01
  -4.5872102e-01
  -4.4992410e-01
  -4.4103898e-01
  -4.3215387e-01
  -4.2318406e-01
  -4.1421424e-01
  -4.0516324e-01
  -3.9611224e-01
  -3.8698360e-01
  -3.7785496e-01
  -3.6865226e-01
  -3.5944956e-01
  -3.5017641e-01
  -3.4090326e-01
  -3.3156330e-01
  -3.2222333e-01
  -3.1282020e-01
  -3.0341708e-01
  -2.9395449e-01
  -2.8449189e-01
  -2.7497354e-01
  -2.6545519e-01
  -2.5588480e-01
  -2.4631442e-01
  -2.3669576e-01
  -2.2707710e-01
  -2.1741393e-01
  -2.0775077e-01
  -1.9804688e-01
  -1.8834299e-01
  -1.7860219e-01
  -1.6886139e-01
  -1.5908749e-01
  -1.4931359e-01
  -1.3951043e-01
  -1.2970726e-01
  -1.1987868e-01
  -1.1005009e-01
  -1.0019993e-01
  -9.0349776e-02
  -8.0481911e-02
  -7.0614046e-02
  -6.0732340e-02
  -5.0850635e-02
  -4.0958963e-02
  -3.1067290e-02
  -2.1169529e-02
  -1.1271767e-02
  -1.3717966e-03
   8.5281742e-03
   1.8426473e-02
   2.8324773e-02
   3.8217520e-02
   4.8110268e-02
   5.7993586e-02
   6.7876904e-02
   7.7746918e-02
   8.7616932e-02
   9.7469773e-02
   1.0732261e-01
   1.1715442e-01
   1.2698623e-01
   1.3679314e-01
   1.4660006e-01
   1.5637824e-01
   1.6615643e-01
   1.7590204e-01
   1.8564766e-01
   1.9535689e-01
   2.0506612e-01
   2.1473515e-01
   2.2440419e-01
   2.3402924e-01
   2.4365430e-01
   2.5323159e-01
   2.6280889e-01
   2.7233468e-01
   2.8186046e-01
   2.9133100e-01
   3.0080155e-01
   3.1021313e-01
   3.1962472e-01
   3.2897365e-01
   3.3832259e-01
   3.4760522e-01
   3.5688785e-01
   3.6610052e-01
   3.7531320e-01
   3.8445232e-01
   3.9359143e-01
   4.0265340e-01
   4.1171537e-01
   4.2069665e-01
   4.2967793e-01
   4.3857498e-01
   4.4747204e-01
   4.5628140e-01
   4.6509075e-01
   4.7380895e-01
   4.8252714e-01
   4.9115076e-01
   4.9977439e-01
   5.0830005e-01
   5.1682572e-01
   5.2525008e-01
   5.3367445e-01
   5.4199422e-01
   5.5031399e-01
   5.5852589e-01
   5.6673780e-01
   5.7483862e-01
   5.8293945e-01
   5.9092602e-01
   5.9891258e-01
   6.0678177e-01
   6.1465095e-01
   6.2239966e-01
   6.3014837e-01
   6.3777357e-01
   6.4539877e-01
   6.5289747e-01
   6.6039618e-01
   6.6776544e-01
   6.7513471e-01
   6.8237165e-01
   6.8960859e-01
   6.9671036e-01
   7.0381214e-01
   7.1077597e-01
   7.1773980e-01
   7.2456295e-01
   7.3138610e-01
   7.3806590e-01
   7.4474570e-01
   7.5127953e-01
   7.5781336e-01
   7.6419866e-01
   7.7058396e-01
   7.7681822e-01
   7.8305248e-01
   7.8913327e-01
   7.9521406e-01
   8.0113898e-01
   8.0706390e-01
   8.1283064e-01
   8.1859738e-01
   8.2420368e-01
   8.2980997e-01
   8.3525362e-01
   8.4069727e-01
   8.4597615e-01
   8.5125502e-01
   8.5636705e-01
   8.6147908e-01
   8.6642226e-01
   8.7136544e-01
   8.7613783e-01
   8.8091022e-01
   8.8550995e-01
   8.9010968e-01
   8.9453496e-01
   8.9896023e-01
   9.0320930e-01
   9.0745838e-01
   9.1152959e-01
   9.1560080e-01
   9.1949256e-01
   9.2338432e-01
   9.2709509e-01
   9.3080586e-01
   9.3433419e-01
   9.3786253e-01
   9.4120704e-01
   9.4455155e-01
   9.4771094e-01
   9.5087032e-01
   9.5384333e-01
   9.5681634e-01
   9.5960181e-01
   9.6238729e-01
   9.6498413e-01
   9.6758098e-01
   9.6998818e-01
   9.7239538e-01
   9.7461199e-01
   9.7682860e-01
   9.7885376e-01
   9.8087891e-01
   9.8271181e-01
   9.8454471e-01
   9.8618464e-01
   9.8782457e-01
   9.8927089e-01
   9.9071720e-01
   9.9196934e-01
   9.9322147e-01
   9.9427894e-01
   9.9533640e-01
   9.9619878e-01
   9.9706116e-01
   9.9772811e-01
   9.9839507e-01
   9.9886633e-01
   9.9933760e-01
   9.9961300e-01
   9.9988840e-01
   9.9996782e-01
   1.0000472e+00
   9.9993065e-01
   9.9981406e-01
   9.9950151e-01
   9.9918896e-01
   9.9868057e-01
   9.9817217e-01
   9.9746814e-01
   9.9676410e-01
   9.9586470e-01
   9.9496530e-01
   9.9387089e-01
   9.9277647e-01
   9.9148747e-01
   9.9019848e-01
   9.8871540e-01
   9.8723232e-01
   9.8555575e-01
   9.8387917e-01
   9.8200976e-01
   9.8014034e-01
   9.7807882e-01
   9.7601730e-01
   9.7376448e-01
   9.7151165e-01
   9.6906842e-01
   9.6662518e-01
   9.6399248e-01
   9.6135978e-01
   9.5853866e-01
   9.5571754e-01
   9.5270909e-01
   9.4970065e-01
   9.4650606e-01
   9.4331148e-01
   9.3993200e-01
   9.3655253e-01
   9.3298949e-01
   9.2942645e-01
   9.2568125e-01
   9.2193604e-01
   9.1801014e-01
   9.1408423e-01
   9.0997916e-01
   9.0587410e-01
   9.0159148e-01
   8.9730886e-01
   8.9285037e-01
   8.8839188e-01
   8.8375927e-01
   8.7912665e-01
   8.7432173e-01
   8.6951681e-01
   8.6454146e-01
   8.5956611e-01
   8.5442228e-01
   8.4927846e-01
   8.4396818e-01
   8.3865790e-01
   8.3318324e-01
   8.2770858e-01
   8.2207169e-01
   8.1643480e-01
   8.1063789e-01
   8.0484097e-01
   7.9888631e-01
   7.9293165e-01
   7.8682158e-01
   7.8071150e-01
   7.7444841e-01
   7.6818531e-01
   7.6177166e-01
   7.5535800e-01
   7.4879629e-01
   7.4223458e-01
   7.3552739e-01
   7.2882021e-01
   7.2197017e-01
   7.1512013e-01
   7.0812994e-01
   7.0113974e-01
   6.9401211e-01
   6.8688449e-01
   6.7962224e-01
   6.7235999e-01
   6.6496595e-01
   6.5757192e-01
   6.5004900e-01
   6.4252608e-01
   6.3487723e-01
   6.2722837e-01
   6.1945658e-01
   6.1168479e-01
   6.0379311e-01
   5.9590143e-01
   5.8789296e-01
   5.7988448e-01
   5.7176234e-01
   5.6364021e-01
   5.5540760e-01
   5.4717499e-01
   5.3883514e-01
   5.3049528e-01
   5.2205145e-01
   5.1360762e-01
   5.0506312e-01
   4.9651862e-01
   4.8787681e-01
   4.7923499e-01
   4.7049924e-01
   4.6176350e-01
   4.5293725e-01
   4.4411099e-01
   4.3519770e-01
   4.2628440e-01
   4.1728755e-01
   4.0829070e-01
   3.9921382e-01
   3.9013695e-01
   3.8098361e-01
   3.7183027e-01
   3.6260405e-01
   3.5337783e-01
   3.4408235e-01
   3.3478686e-01
   3.2542576e-01
   3.1606466e-01
   3.0664161e-01
   2.9721857e-01
   2.8773726e-01
   2.7825596e-01
   2.6872012e-01
   2.5918427e-01
   2.4959763e-01
   2.4001099e-01
   2.3037731e-01
   2.2074362e-01
   2.1106667e-01
   2.0138972e-01
   1.9167330e-01
   1.8195688e-01
   1.7220479e-01
   1.6245270e-01
   1.5266878e-01
   1.4288485e-01
   1.3307292e-01
   1.2326099e-01
   1.1342490e-01
   1.0358880e-01
   9.3732410e-02
   8.3876015e-02
   7.4003181e-02
   6.4130346e-02
   5.4244942e-02
   4.4359538e-02
   3.4465440e-02
   2.4571342e-02
   1.4672427e-02
   4.7735129e-03
  -5.1263370e-03
  -1.5026187e-02
  -2.4923092e-02
  -3.4819997e-02
  -4.4710077e-02
  -5.4600157e-02
  -6.4479535e-02
  -7.4358914e-02
  -8.4223718e-02
  -9.4088522e-02
  -1.0393488e-01
  -1.1378125e-01
  -1.2360531e-01
  -1.3342937e-01
  -1.4322728e-01
  -1.5302519e-01
  -1.6279311e-01
  -1.7256102e-01
  -1.8229512e-01
  -1.9202921e-01
  -2.0172567e-01
  -2.1142213e-01
  -2.2107714e-01
  -2.3073216e-01
  -2.4034196e-01
  -2.4995175e-01
  -2.5951256e-01
  -2.6907336e-01
  -2.7858143e-01
  -2.8808949e-01
  -2.9754109e-01
  -3.0699269e-01
  -3.1638412e-01
  -3.2577555e-01
  -3.3510313e-01
  -3.4443071e-01
  -3.5369078e-01
  -3.6295084e-01
  -3.7213978e-01
  -3.8132871e-01
  -3.9044290e-01
  -3.9955709e-01
  -4.0859296e-01
  -4.1762884e-01
  -4.2658286e-01
  -4.3553689e-01
  -4.4440554e-01
  -4.5327420e-01
  -4.6205401e-01
  -4.7083383e-01
  -4.7952136e-01
  -4.8820889e-01
  -4.9680073e-01
  -5.0539258e-01
  -5.1388536e-01
  -5.2237815e-01
  -5.3076855e-01
  -5.3915895e-01
  -5.4744367e-01
  -5.5572840e-01
  -5.6390420e-01
  -5.7208000e-01
  -5.8014367e-01
  -5.8820735e-01
  -5.9615573e-01
  -6.0410412e-01
  -6.1193410e-01
  -6.1976408e-01
  -6.2747259e-01
  -6.3518109e-01
  -6.4276511e-01
  -6.5034912e-01
  -6.5780566e-01
  -6.6526220e-01
  -6.7258836e-01
  -6.7991451e-01
  -6.8710740e-01
  -6.9430028e-01
  -7.0135709e-01
  -7.0841390e-01
  -7.1533185e-01
  -7.2224981e-01
  -7.2902620e-01
  -7.3580260e-01
  -7.4243478e-01
  -7.4906696e-01
  -7.5555232e-01
  -7.6203768e-01
  -7.6837368e-01
  -7.7470968e-01
  -7.8089384e-01
  -7.8707800e-01
  -7.9310789e-01
  -7.9913778e-01
  -8.0501104e-01
  -8.1088430e-01
  -8.1659863e-01
  -8.2231296e-01
  -8.2786611e-01
  -8.3341927e-01
  -8.3880907e-01
  -8.4419887e-01
  -8.4942321e-01
  -8.5464755e-01
  -8.5970438e-01
  -8.6476121e-01
  -8.6964855e-01
  -8.7453589e-01
  -8.7925181e-01
  -8.8396774e-01
  -8.8851041e-01
  -8.9305308e-01
  -8.9742071e-01
  -9.0178834e-01
  -9.0597922e-01
  -9.1017011e-01
  -9.1418259e-01
  -9.1819508e-01
  -9.2202760e-01
  -9.2586012e-01
  -9.2951118e-01
  -9.3316223e-01
  -9.3663038e-01
  -9.4009853e-01
  -9.4338243e-01
  -9.4666632e-01
  -9.4976467e-01
  -9.5286302e-01
  -9.5577460e-01
  -9.5868619e-01
  -9.6140987e-01
  -9.6413355e-01
  -9.6666827e-01
  -9.6920298e-01
  -9.7154773e-01
  -9.7389248e-01
  -9.7604635e-01
  -9.7820021e-01
  -9.8016235e-01
  -9.8212449e-01
  -9.8389413e-01
  -9.8566378e-01
  -9.8724023e-01
  -9.8881668e-01
  -9.9019933e-01
  -9.9158197e-01
  -9.9277027e-01
  -9.9395856e-01
  -9.9495204e-01
  -9.9594552e-01
  -9.9674379e-01
  -9.9754206e-01
  -9.9814482e-01
  -9.9874757e-01
  -9.9915457e-01
  -9.9956158e-01
  -9.9977266e-01
  -9.9998375e-01
  -9.9999884e-01
  -1.0000139e+00
  -9.9983302e-01
  -9.9965210e-01
  -9.9927526e-01
  -9.9889841e-01
  -9.9832578e-01
  -9.9775315e-01
  -9.9698497e-01
  -9.9621678e-01
  -9.9525333e-01
  -9.9428988e-01
  -9.9313156e-01
  -9.9197323e-01
  -9.9062047e-01
  -9.8926772e-01
  -9.8772107e-01
  -9.8617442e-01
  -9.8443448e-01
  -9.8269453e-01
  -9.8076198e-01
  -9.7882944e-01
  -9.7670504e-01
  -9.7458064e-01
  -9.7226522e-01
  -9.6994980e-01
  -9.6744427e-01
  -9.6493874e-01
  -9.6224409e-01
  -9.5954943e-01
  -9.5666671e-01
  -9.5378398e-01
  -9.5071431e-01
  -9.4764464e-01
  -9.4438923e-01
  -9.4113382e-01
  -9.3769395e-01
  -9.3425408e-01
  -9.3063110e-01
  -9.2700812e-01
  -9.2320344e-01
  -9.1939876e-01
  -9.1541388e-01
  -9.1142900e-01
  -9.0726548e-01
  -9.0310196e-01
  -8.9876144e-01
  -8.9442091e-01
  -8.8990508e-01
  -8.8538924e-01
  -8.8069987e-01
  -8.7601050e-01
  -8.7114943e-01
  -8.6628837e-01
  -8.6125750e-01
  -8.5622664e-01
  -8.5102796e-01
  -8.4582928e-01
  -8.4046482e-01
  -8.3510035e-01
  -8.2957221e-01
  -8.2404407e-01
  -8.1835441e-01
  -8.1266475e-01
  -8.0681582e-01
  -8.0096688e-01
  -7.9496095e-01
  -7.8895502e-01
  -7.8279446e-01
  -7.7663390e-01
  -7.7032111e-01
  -7.6400833e-01
  -7.5754580e-01
  -7.5108327e-01
  -7.4447353e-01
  -7.3786379e-01
  -7.3110943e-01
  -7.2435506e-01
  -7.1745873e-01
  -7.1056239e-01
  -7.0352679e-01
  -6.9649118e-01
  -6.8931906e-01
  -6.8214694e-01
  -6.7484112e-01
  -6.6753530e-01
  -6.6009865e-01
  -6.5266199e-01
  -6.4509741e-01
  -6.3753283e-01
  -6.2984330e-01
  -6.2215376e-01
  -6.1434229e-01
  -6.0653081e-01
  -5.9860045e-01
  -5.9067010e-01
  -5.8262397e-01
  -5.7457784e-01
  -5.6641910e-01
  -5.5826035e-01
  -5.4999219e-01
  -5.4172402e-01
  -5.3334968e-01
  -5.2497534e-01
  -5.1649810e-01
  -5.0802086e-01
  -4.9944405e-01
  -4.9086724e-01
  -4.8219422e-01
  -4.7352120e-01
  -4.6475537e-01
  -4.5598955e-01
  -4.4713434e-01
  -4.3827914e-01
  -4.2933803e-01
  -4.2039693e-01
  -4.1137342e-01
  -4.0234992e-01
  -3.9324755e-01
  -3.8414519e-01
  -3.7496753e-01
  -3.6578987e-01
  -3.5654052e-01
  -3.4729117e-01
  -3.3797375e-01
  -3.2865633e-01
  -3.1927449e-01
  -3.0989265e-01
  -3.0045008e-01
  -2.9100750e-01
  -2.8150788e-01
  -2.7200827e-01
  -2.6245534e-01
  -2.5290242e-01
  -2.4329992e-01
  -2.3369742e-01
  -2.2404912e-01
  -2.1440082e-01
  -2.0471050e-01
  -1.9502017e-01
  -1.8529162e-01
  -1.7556308e-01
  -1.6580012e-01
  -1.5603716e-01
  -1.4624362e-01
  -1.3645008e-01
  -1.2662979e-01
  -1.1680951e-01
  -1.0696633e-01
  -9.7123145e-02
  -8.7260928e-02
  -7.7398712e-02
  -6.7521325e-02
  -5.7643939e-02
  -4.7755254e-02
  -3.7866569e-02
  -2.7970462e-02
  -1.8074355e-02
  -8.1747062e-03
   1.7249430e-03
   1.1624254e-02
   2.1523565e-02
   3.1418658e-02
   4.1313750e-02
   5.1200745e-02
   6.1087741e-02
   7.0962762e-02
   8.0837784e-02
   9.0696962e-02
   1.0055614e-01
   1.1039561e-01
   1.2023508e-01
   1.3005098e-01
   1.3986688e-01
   1.4965537e-01
   1.5944386e-01
   1.6920110e-01
   1.7895833e-01
   1.8868050e-01
   1.9840266e-01
   2.0808593e-01
   2.1776921e-01
   2.2740980e-01
   2.3705039e-01
   2.4664452e-01
   2.5623865e-01
   2.6578256e-01
   2.7532647e-01
   2.8481641e-01
   2.9430635e-01
   3.0373861e-01
   3.1317087e-01
   3.2254175e-01
   3.3191263e-01
   3.4121845e-01
   3.5052428e-01
   3.5976140e-01
   3.6899852e-01
   3.7816331e-01
   3.8732811e-01
   3.9641699e-01
   4.0550587e-01
   4.1451527e-01
   4.2352467e-01
   4.3245106e-01
   4.4137745e-01
   4.5021733e-01
   4.5905721e-01
   4.6780712e-01
   4.7655702e-01
   4.8521352e-01
   4.9387002e-01
   5.0242973e-01
   5.1098943e-01
   5.1944897e-01
   5.2790852e-01
   5.3626460e-01
   5.4462068e-01
   5.5287001e-01
   5.6111934e-01
   5.6925869e-01
   5.7739805e-01
   5.8542423e-01
   5.9345041e-01
   6.0136028e-01
   6.0927014e-01
   6.1706059e-01
   6.2485104e-01
   6.3251902e-01
   6.4018700e-01
   6.4772950e-01
   6.5527200e-01
   6.6268607e-01
   6.7010014e-01
   6.7738287e-01
   6.8466560e-01
   6.9181413e-01
   6.9896266e-01
   7.0597420e-01
   7.1298574e-01
   7.1985753e-01
