   0.0000000e+00
  -9.8000000e-03
  -1.9600000e-02
  -2.9396158e-02
  -3.9192317e-02
  -4.8980794e-02
  -5.8769270e-02
  -6.8546228e-02
  -7.8323186e-02
  -8.8084793e-02
  -9.7846399e-02
  -1.0758883e-01
  -1.1733126e-01
  -1.2705069e-01
  -1.3677012e-01
  -1.4646274e-01
  -1.5615537e-01
  -1.6581739e-01
  -1.7547941e-01
  -1.8510703e-01
  -1.9473466e-01
  -2.0432411e-01
  -2.1391357e-01
  -2.2346110e-01
  -2.3300863e-01
  -2.4251049e-01
  -2.5201235e-01
  -2.6146481e-01
  -2.7091728e-01
  -2.8031664e-01
  -2.8971601e-01
  -2.9905859e-01
  -3.0840117e-01
  -3.1768330e-01
  -3.2696544e-01
  -3.3618349e-01
  -3.4540154e-01
  -3.5455189e-01
  -3.6370224e-01
  -3.7278130e-01
  -3.8186037e-01
  -3.9086459e-01
  -3.9986881e-01
  -4.0879465e-01
  -4.1772050e-01
  -4.2656447e-01
  -4.3540845e-01
  -4.4416708e-01
  -4.5292571e-01
  -4.6159557e-01
  -4.7026543e-01
  -4.7884312e-01
  -4.8742081e-01
  -4.9590296e-01
  -5.0438511e-01
  -5.1276840e-01
  -5.2115170e-01
  -5.2943284e-01
  -5.3771399e-01
  -5.4588975e-01
  -5.5406550e-01
  -5.6213266e-01
  -5.7019982e-01
  -5.7815522e-01
  -5.8611062e-01
  -5.9395114e-01
  -6.0179166e-01
  -6.0951424e-01
  -6.1723681e-01
  -6.2483840e-01
  -6.3243999e-01
  -6.3991762e-01
  -6.4739526e-01
  -6.5474600e-01
  -6.6209675e-01
  -6.6931772e-01
  -6.7653870e-01
  -6.8362707e-01
  -6.9071544e-01
  -6.9766843e-01
  -7.0462142e-01
  -7.1143631e-01
  -7.1825120e-01
  -7.2492530e-01
  -7.3159941e-01
  -7.3813013e-01
  -7.4466084e-01
  -7.5104561e-01
  -7.5743037e-01
  -7.6366667e-01
  -7.6990298e-01
  -7.7598838e-01
  -7.8207379e-01
  -7.8800591e-01
  -7.9393802e-01
  -7.9971453e-01
  -8.0549104e-01
  -8.1110967e-01
  -8.1672830e-01
  -8.2218685e-01
  -8.2764540e-01
  -8.3294173e-01
  -8.3823806e-01
  -8.4337010e-01
  -8.4850214e-01
  -8.5346787e-01
  -8.5843360e-01
  -8.6323108e-01
  -8.6802856e-01
  -8.7265591e-01
  -8.7728325e-01
  -8.8173865e-01
  -8.8619405e-01
  -8.9047575e-01
  -8.9475745e-01
  -8.9886378e-01
  -9.0297011e-01
  -9.0689946e-01
  -9.1082881e-01
  -9.1457964e-01
  -9.1833047e-01
  -9.2190130e-01
  -9.2547213e-01
  -9.2886157e-01
  -9.3225102e-01
  -9.3545773e-01
  -9.3866445e-01
  -9.4168720e-01
  -9.4470994e-01
  -9.4754752e-01
  -9.5038510e-01
  -9.5303640e-01
  -9.5568770e-01
  -9.5815169e-01
  -9.6061568e-01
  -9.6289139e-01
  -9.6516709e-01
  -9.6725363e-01
  -9.6934016e-01
  -9.7123671e-01
  -9.7313325e-01
  -9.7483906e-01
  -9.7654487e-01
  -9.7805928e-01
  -9.7957369e-01
  -9.8089610e-01
  -9.8221851e-01
  -9.8334840e-01
  -9.8447830e-01
  -9.8541524e-01
  -9.8635218e-01
  -9.8709579e-01
  -9.8783940e-01
  -9.8838940e-01
  -9.8893940e-01
  -9.8929556e-01
  -9.8965173e-01
  -9.8981392e-01
  -9.8997611e-01
  -9.8994427e-01
  -9.8991243e-01
  -9.8968656e-01
  -9.8946070e-01
  -9.8904090e-01
  -9.8862110e-01
  -9.8800753e-01
  -9.8739396e-01
  -9.8658686e-01
  -9.8577976e-01
  -9.8477945e-01
  -9.8377914e-01
  -9.8258601e-01
  -9.8139287e-01
  -9.8000739e-01
  -9.7862190e-01
  -9.7704461e-01
  -9.7546731e-01
  -9.7369883e-01
  -9.7193034e-01
  -9.6997136e-01
  -9.6801237e-01
  -9.6586365e-01
  -9.6371494e-01
  -9.6137734e-01
  -9.5903973e-01
  -9.5651416e-01
  -9.5398858e-01
  -9.5127602e-01
  -9.4856347e-01
  -9.4566499e-01
  -9.4276652e-01
  -9.3968326e-01
  -9.3660000e-01
  -9.3333317e-01
  -9.3006634e-01
  -9.2661721e-01
  -9.2316809e-01
  -9.1953802e-01
  -9.1590796e-01
  -9.1209838e-01
  -9.0828879e-01
  -9.0430119e-01
  -9.0031358e-01
  -8.9614951e-01
  -8.9198544e-01
  -8.8764654e-01
  -8.8330764e-01
  -8.7879562e-01
  -8.7428359e-01
  -8.6960020e-01
  -8.6491682e-01
  -8.6006391e-01
  -8.5521100e-01
  -8.5019046e-01
  -8.4516993e-01
  -8.3998375e-01
  -8.3479756e-01
  -8.2944776e-01
  -8.2409795e-01
  -8.1858663e-01
  -8.1307530e-01
  -8.0740461e-01
  -8.0173392e-01
  -7.9590608e-01
  -7.9007825e-01
  -7.8409557e-01
  -7.7811288e-01
  -7.7197769e-01
  -7.6584249e-01
  -7.5955719e-01
  -7.5327189e-01
  -7.4683894e-01
  -7.4040600e-01
  -7.3382794e-01
  -7.2724988e-01
  -7.2052927e-01
  -7.1380867e-01
  -7.0694816e-01
  -7.0008765e-01
  -6.9308992e-01
  -6.8609220e-01
  -6.7896000e-01
  -6.7182779e-01
  -6.6456392e-01
  -6.5730004e-01
  -6.4990733e-01
  -6.4251462e-01
  -6.3499597e-01
  -6.2747733e-01
  -6.1983570e-01
  -6.1219407e-01
  -6.0443246e-01
  -5.9667084e-01
  -5.8879227e-01
  -5.8091370e-01
  -5.7292128e-01
  -5.6492885e-01
  -5.5682570e-01
  -5.4872255e-01
  -5.4051185e-01
  -5.3230115e-01
  -5.2398612e-01
  -5.1567109e-01
  -5.0725498e-01
  -4.9883888e-01
  -4.9032501e-01
  -4.8181113e-01
  -4.7320282e-01
  -4.6459451e-01
  -4.5589514e-01
  -4.4719577e-01
  -4.3840874e-01
  -4.2962172e-01
  -4.2075049e-01
  -4.1187927e-01
  -4.0292731e-01
  -3.9397536e-01
  -3.8494618e-01
  -3.7591701e-01
  -3.6681415e-01
  -3.5771130e-01
  -3.4853833e-01
  -3.3936536e-01
  -3.3012588e-01
  -3.2088640e-01
  -3.1158403e-01
  -3.0228165e-01
  -2.9292003e-01
  -2.8355840e-01
  -2.7414120e-01
  -2.6472400e-01
  -2.5525492e-01
  -2.4578583e-01
  -2.3626857e-01
  -2.2675131e-01
  -2.1718961e-01
  -2.0762791e-01
  -1.9802551e-01
  -1.8842311e-01
  -1.7878378e-01
  -1.6914445e-01
  -1.5947197e-01
  -1.4979949e-01
  -1.4009764e-01
  -1.3039580e-01
  -1.2066840e-01
  -1.1094100e-01
  -1.0119186e-01
  -9.1442714e-02
  -8.1675647e-02
  -7.1908580e-02
  -6.2127419e-02
  -5.2346258e-02
  -4.2554837e-02
  -3.2763416e-02
  -2.2965573e-02
  -1.3167730e-02
  -3.3673068e-03
   6.4331167e-03
   1.6232279e-02
   2.6031442e-02
   3.5825502e-02
   4.5619563e-02
   5.5404682e-02
   6.5189801e-02
   7.4962143e-02
   8.4734485e-02
   9.4490219e-02
   1.0424595e-01
   1.1398125e-01
   1.2371656e-01
   1.3342761e-01
   1.4313866e-01
   1.5282166e-01
   1.6250466e-01
   1.7215581e-01
   1.8180695e-01
   1.9142247e-01
   2.0103798e-01
   2.1061409e-01
   2.2019020e-01
   2.2972315e-01
   2.3925610e-01
   2.4874216e-01
   2.5822822e-01
   2.6766366e-01
   2.7709911e-01
   2.8648024e-01
   2.9586138e-01
   3.0518452e-01
   3.1450767e-01
   3.2376917e-01
   3.3303067e-01
   3.4222690e-01
   3.5142313e-01
   3.6055047e-01
   3.6967782e-01
   3.7873271e-01
   3.8778761e-01
   3.9676649e-01
   4.0574538e-01
   4.1464474e-01
   4.2354410e-01
   4.3236044e-01
   4.4117679e-01
   4.4990666e-01
   4.5863653e-01
   4.6727651e-01
   4.7591650e-01
   4.8446320e-01
   4.9300990e-01
   5.0145997e-01
   5.0991004e-01
   5.1826017e-01
   5.2661030e-01
   5.3485721e-01
   5.4310413e-01
   5.5124459e-01
   5.5938506e-01
   5.6741588e-01
   5.7544671e-01
   5.8336475e-01
   5.9128279e-01
   5.9908493e-01
   6.0688708e-01
   6.1457028e-01
   6.2225347e-01
   6.2981471e-01
   6.3737595e-01
   6.4481225e-01
   6.5224856e-01
   6.5955703e-01
   6.6686550e-01
   6.7404327e-01
   6.8122103e-01
   6.8826527e-01
   6.9530952e-01
   7.0221748e-01
   7.0912544e-01
   7.1589442e-01
   7.2266339e-01
   7.2929073e-01
   7.3591806e-01
   7.4240115e-01
   7.4888424e-01
   7.5522055e-01
   7.6155687e-01
   7.6774391e-01
   7.7393096e-01
   7.7996631e-01
   7.8600167e-01
   7.9188297e-01
   7.9776427e-01
   8.0348921e-01
   8.0921414e-01
   8.1478048e-01
   8.2034681e-01
   8.2575235e-01
   8.3115790e-01
   8.3640053e-01
   8.4164317e-01
   8.4672084e-01
   8.5179852e-01
   8.5670924e-01
   8.6161996e-01
   8.6636181e-01
   8.7110365e-01
   8.7567476e-01
   8.8024587e-01
   8.8464445e-01
   8.8904303e-01
   8.9326736e-01
   8.9749168e-01
   9.0154010e-01
   9.0558852e-01
   9.0945945e-01
   9.1333037e-01
   9.1702228e-01
   9.2071419e-01
   9.2422565e-01
   9.2773710e-01
   9.3106671e-01
   9.3439633e-01
   9.3754280e-01
   9.4068927e-01
   9.4365137e-01
   9.4661347e-01
   9.4939003e-01
   9.5216659e-01
   9.5475653e-01
   9.5734647e-01
   9.5974876e-01
   9.6215106e-01
   9.6436478e-01
   9.6657849e-01
   9.6860276e-01
   9.7062702e-01
   9.7246105e-01
   9.7429507e-01
   9.7593813e-01
   9.7758119e-01
   9.7903265e-01
   9.8048411e-01
   9.8174339e-01
   9.8300267e-01
   9.8406928e-01
   9.8513589e-01
   9.8600942e-01
   9.8688294e-01
   9.8756304e-01
   9.8824314e-01
   9.8872954e-01
   9.8921594e-01
   9.8950845e-01
   9.8980097e-01
   9.8989948e-01
   9.8999799e-01
   9.8990247e-01
   9.8980694e-01
   9.8951741e-01
   9.8922788e-01
   9.8874447e-01
   9.8826105e-01
   9.8758393e-01
   9.8690682e-01
   9.8603627e-01
   9.8516572e-01
   9.8410208e-01
   9.8303843e-01
   9.8178212e-01
   9.8052580e-01
   9.7907730e-01
   9.7762880e-01
   9.7598868e-01
   9.7434857e-01
   9.7251748e-01
   9.7068639e-01
   9.6866505e-01
   9.6664370e-01
   9.6443290e-01
   9.6222209e-01
   9.5982269e-01
   9.5742329e-01
   9.5483624e-01
   9.5224918e-01
   9.4947548e-01
   9.4670179e-01
   9.4374254e-01
   9.4078329e-01
   9.3763964e-01
   9.3449600e-01
   9.3116919e-01
   9.2784239e-01
   9.2433373e-01
   9.2082507e-01
   9.1713592e-01
   9.1344678e-01
   9.0957860e-01
   9.0571042e-01
   9.0166472e-01
   8.9761902e-01
   8.9339739e-01
   8.8917576e-01
   8.8477985e-01
   8.8038394e-01
   8.7581547e-01
   8.7124701e-01
   8.6650778e-01
   8.6176855e-01
   8.5686041e-01
   8.5195228e-01
   8.4687716e-01
   8.4180204e-01
   8.3656193e-01
   8.3132181e-01
   8.2591876e-01
   8.2051571e-01
   8.1495184e-01
   8.0938797e-01
   8.0366545e-01
   7.9794294e-01
   7.9206403e-01
   7.8618512e-01
   7.8015212e-01
   7.7411912e-01
   7.6793439e-01
   7.6174966e-01
   7.5541563e-01
   7.4908160e-01
   7.4260075e-01
   7.3611989e-01
   7.2949476e-01
   7.2286963e-01
   7.1610282e-01
   7.0933600e-01
   7.0243016e-01
   6.9552432e-01
   6.8848215e-01
   6.8143998e-01
   6.7426425e-01
   6.6708853e-01
   6.5978205e-01
   6.5247557e-01
   6.4504121e-01
   6.3760684e-01
   6.3004751e-01
   6.2248817e-01
   6.1480683e-01
   6.0712549e-01
   5.9932515e-01
   5.9152481e-01
   5.8360854e-01
   5.7569226e-01
   5.6766315e-01
   5.5963403e-01
   5.5149523e-01
   5.4335643e-01
   5.3511113e-01
   5.2686583e-01
   5.1851727e-01
   5.1016870e-01
   5.0172014e-01
   4.9327159e-01
   4.8472635e-01
   4.7618111e-01
   4.6754254e-01
   4.5890397e-01
   4.5017545e-01
   4.4144694e-01
   4.3263190e-01
   4.2381686e-01
   4.1491875e-01
   4.0602064e-01
   3.9704295e-01
   3.8806527e-01
   3.7901152e-01
   3.6995777e-01
   3.6083151e-01
   3.5170525e-01
   3.4251006e-01
   3.3331486e-01
   3.2405434e-01
   3.1479381e-01
   3.0547159e-01
   2.9614937e-01
   2.8676910e-01
   2.7738883e-01
   2.6795419e-01
   2.5851955e-01
   2.4903425e-01
   2.3954894e-01
   2.3001668e-01
   2.2048442e-01
   2.1090895e-01
   2.0133348e-01
   1.9171854e-01
   1.8210361e-01
   1.7245298e-01
   1.6280235e-01
   1.5311982e-01
   1.4343728e-01
   1.3372663e-01
   1.2401598e-01
   1.1428102e-01
   1.0454606e-01
   9.4790616e-02
   8.5035168e-02
   7.5263053e-02
   6.5490938e-02
   5.5705986e-02
   4.5921035e-02
   3.6127083e-02
   2.6333131e-02
   1.6534018e-02
   6.7349048e-03
  -3.0655285e-03
  -1.2865962e-02
  -2.2663873e-02
  -3.2461785e-02
  -4.2253334e-02
  -5.2044883e-02
  -6.1826231e-02
  -7.1607579e-02
  -8.1374892e-02
  -9.1142205e-02
  -1.0089165e-01
  -1.1064110e-01
  -1.2036887e-01
  -1.3009663e-01
  -1.3979890e-01
  -1.4950116e-01
  -1.5917412e-01
  -1.6884709e-01
  -1.7848695e-01
  -1.8812682e-01
  -1.9772982e-01
  -2.0733281e-01
  -2.1689517e-01
  -2.2645753e-01
  -2.3597550e-01
  -2.4549348e-01
  -2.5496333e-01
  -2.6443319e-01
  -2.7385121e-01
  -2.8326924e-01
  -2.9263175e-01
  -3.0199425e-01
  -3.1129757e-01
  -3.2060088e-01
  -3.2984136e-01
  -3.3908184e-01
  -3.4825586e-01
  -3.5742987e-01
  -3.6653384e-01
  -3.7563780e-01
  -3.8466813e-01
  -3.9369847e-01
  -4.0265164e-01
  -4.1160481e-01
  -4.2047731e-01
  -4.2934981e-01
  -4.3813815e-01
  -4.4692649e-01
  -4.5562724e-01
  -4.6432799e-01
  -4.7293773e-01
  -4.8154746e-01
  -4.9006282e-01
  -4.9857818e-01
  -5.0699581e-01
  -5.1541344e-01
  -5.2373006e-01
  -5.3204667e-01
  -5.4025900e-01
  -5.4847133e-01
  -5.5657616e-01
  -5.6468099e-01
  -5.7267515e-01
  -5.8066930e-01
  -5.8854964e-01
  -5.9642999e-01
  -6.0419343e-01
  -6.1195687e-01
  -6.1960037e-01
  -6.2724387e-01
  -6.3476443e-01
  -6.4228499e-01
  -6.4967966e-01
  -6.5707433e-01
  -6.6434021e-01
  -6.7160610e-01
  -6.7874035e-01
  -6.8587460e-01
  -6.9287442e-01
  -6.9987423e-01
  -7.0673688e-01
  -7.1359952e-01
  -7.2032230e-01
  -7.2704507e-01
  -7.3362535e-01
  -7.4020563e-01
  -7.4664082e-01
  -7.5307602e-01
  -7.5936361e-01
  -7.6565121e-01
  -7.7178873e-01
  -7.7792626e-01
  -7.8391131e-01
  -7.8989636e-01
  -7.9572660e-01
  -8.0155683e-01
  -8.0722996e-01
  -8.1290308e-01
  -8.1841688e-01
  -8.2393068e-01
  -8.2928299e-01
  -8.3463530e-01
  -8.3982401e-01
  -8.4501273e-01
  -8.5003583e-01
  -8.5505893e-01
  -8.5991443e-01
  -8.6476994e-01
  -8.6945595e-01
  -8.7414196e-01
  -8.7865664e-01
  -8.8317132e-01
  -8.8751289e-01
  -8.9185447e-01
  -8.9602125e-01
  -9.0018802e-01
  -9.0417836e-01
  -9.0816869e-01
  -9.1198103e-01
  -9.1579336e-01
  -9.1942620e-01
  -9.2305904e-01
  -9.2651096e-01
  -9.2996289e-01
  -9.3323253e-01
  -9.3650218e-01
  -9.3958827e-01
  -9.4267437e-01
  -9.4557570e-01
  -9.4847703e-01
  -9.5119245e-01
  -9.5390788e-01
  -9.5643634e-01
  -9.5896481e-01
  -9.6130531e-01
  -9.6364582e-01
  -9.6579745e-01
  -9.6794908e-01
  -9.6991099e-01
  -9.7187290e-01
  -9.7364433e-01
  -9.7541575e-01
  -9.7699599e-01
  -9.7857624e-01
  -9.7996468e-01
  -9.8135312e-01
  -9.8254922e-01
  -9.8374532e-01
  -9.8474860e-01
  -9.8575188e-01
  -9.8656196e-01
  -9.8737204e-01
  -9.8798859e-01
  -9.8860514e-01
  -9.8902792e-01
  -9.8945071e-01
  -9.8967956e-01
  -9.8990841e-01
  -9.8994324e-01
  -9.8997807e-01
  -9.8981887e-01
  -9.8965966e-01
  -9.8930648e-01
  -9.8895330e-01
  -9.8840629e-01
  -9.8785928e-01
  -9.8711864e-01
  -9.8637801e-01
  -9.8544404e-01
  -9.8451008e-01
  -9.8338315e-01
  -9.8225622e-01
  -9.8093677e-01
  -9.7961732e-01
  -9.7810587e-01
  -9.7659441e-01
  -9.7489154e-01
  -9.7318867e-01
  -9.7129506e-01
  -9.6940145e-01
  -9.6731783e-01
  -9.6523422e-01
  -9.6296142e-01
  -9.6068861e-01
  -9.5822752e-01
  -9.5576642e-01
  -9.5311799e-01
  -9.5046957e-01
  -9.4763485e-01
  -9.4480013e-01
  -9.4178023e-01
  -9.3876033e-01
  -9.3555643e-01
  -9.3235254e-01
  -9.2896590e-01
  -9.2557926e-01
  -9.2201121e-01
  -9.1844316e-01
  -9.1469509e-01
  -9.1094703e-01
  -9.0702042e-01
  -9.0309380e-01
  -8.9899019e-01
  -8.9488657e-01
  -8.9060755e-01
  -8.8632854e-01
  -8.8187580e-01
  -8.7742306e-01
  -8.7279835e-01
  -8.6817364e-01
  -8.6337877e-01
  -8.5858389e-01
  -8.5362074e-01
  -8.4865758e-01
  -8.4352809e-01
  -8.3839860e-01
  -8.3310478e-01
  -8.2781096e-01
  -8.2235489e-01
  -8.1689882e-01
  -8.1128264e-01
  -8.0566646e-01
  -7.9989237e-01
  -7.9411827e-01
  -7.8818853e-01
  -7.8225879e-01
  -7.7617573e-01
  -7.7009267e-01
  -7.6385867e-01
  -7.5762467e-01
  -7.5124217e-01
  -7.4485968e-01
  -7.3833119e-01
  -7.3180270e-01
  -7.2513078e-01
  -7.1845886e-01
  -7.1164612e-01
  -7.0483338e-01
  -6.9788250e-01
  -6.9093161e-01
  -6.8384530e-01
  -6.7675900e-01
  -6.6954004e-01
  -6.6232109e-01
  -6.5497232e-01
  -6.4762355e-01
  -6.4014785e-01
  -6.3267215e-01
  -6.2507244e-01
  -6.1747273e-01
  -6.0975200e-01
  -6.0203127e-01
  -5.9419254e-01
  -5.8635381e-01
  -5.7840016e-01
  -5.7044651e-01
  -5.6238104e-01
  -5.5431558e-01
  -5.4614147e-01
  -5.3796737e-01
  -5.2968782e-01
  -5.2140827e-01
  -5.1302652e-01
  -5.0464478e-01
  -4.9616412e-01
  -4.8768346e-01
  -4.7910722e-01
  -4.7053098e-01
  -4.6186252e-01
  -4.5319405e-01
  -4.4443676e-01
  -4.3567947e-01
  -4.2683678e-01
  -4.1799410e-01
  -4.0906948e-01
  -4.0014487e-01
  -3.9114183e-01
  -3.8213879e-01
  -3.7306085e-01
  -3.6398291e-01
  -3.5483363e-01
  -3.4568435e-01
  -3.3646732e-01
  -3.2725028e-01
  -3.1796911e-01
  -3.0868793e-01
  -2.9934625e-01
  -2.9000458e-01
  -2.8060606e-01
  -2.7120754e-01
  -2.6175586e-01
  -2.5230419e-01
  -2.4280306e-01
  -2.3330193e-01
  -2.2375508e-01
  -2.1420822e-01
  -2.0461938e-01
  -1.9503054e-01
  -1.8540348e-01
  -1.7577641e-01
  -1.6611490e-01
  -1.5645338e-01
  -1.4676120e-01
  -1.3706901e-01
  -1.2734997e-01
  -1.1763092e-01
  -1.0788882e-01
  -9.8146712e-02
  -8.8385371e-02
  -7.8624031e-02
  -6.8847281e-02
  -5.9070530e-02
  -4.9282202e-02
  -3.9493873e-02
  -2.9697804e-02
  -1.9901735e-02
  -1.0101765e-02
  -3.0179473e-04
   9.4982344e-03
   1.9298264e-02
   2.9094510e-02
   3.8890757e-02
   4.8679381e-02
   5.8468005e-02
   6.8245169e-02
   7.8022334e-02
   8.7784206e-02
   9.7546078e-02
   1.0728883e-01
   1.1703158e-01
   1.2675140e-01
   1.3647121e-01
   1.4616428e-01
   1.5585735e-01
   1.6551986e-01
   1.7518238e-01
   1.8481057e-01
   1.9443875e-01
   2.0402882e-01
   2.1361889e-01
   2.2316710e-01
   2.3271530e-01
   2.4221789e-01
   2.5172048e-01
   2.6117374e-01
   2.7062699e-01
   2.8002720e-01
   2.8942741e-01
   2.9877089e-01
   3.0811438e-01
   3.1739747e-01
   3.2668056e-01
   3.3589963e-01
   3.4511869e-01
   3.5427011e-01
   3.6342153e-01
   3.7250172e-01
   3.8158191e-01
   3.9058731e-01
   3.9959271e-01
   4.0851979e-01
   4.1744687e-01
   4.2629213e-01
   4.3513739e-01
   4.4389736e-01
   4.5265733e-01
   4.6132858e-01
   4.6999984e-01
   4.7857897e-01
   4.8715810e-01
   4.9564175e-01
   5.0412540e-01
   5.1251024e-01
   5.2089508e-01
   5.2917782e-01
   5.3746057e-01
   5.4563797e-01
   5.5381537e-01
   5.6188423e-01
   5.6995308e-01
   5.7791023e-01
   5.8586737e-01
   5.9370969e-01
   6.0155200e-01
   6.0927641e-01
   6.1700082e-01
   6.2460430e-01
   6.3220778e-01
   6.3968734e-01
   6.4716691e-01
   6.5451963e-01
   6.6187235e-01
   6.6909534e-01
   6.7631833e-01
   6.8340877e-01
   6.9049920e-01
   6.9745430e-01
   7.0440940e-01
   7.1122643e-01
   7.1804346e-01
   7.2471976e-01
   7.3139606e-01
   7.3792900e-01
   7.4446194e-01
   7.5084897e-01
   7.5723600e-01
   7.6347461e-01
   7.6971322e-01
   7.7580096e-01
   7.8188871e-01
   7.8782321e-01
   7.9375770e-01
   7.9953662e-01
   8.0531554e-01
   8.1093662e-01
   8.1655770e-01
   8.2201873e-01
   8.2747976e-01
   8.3277861e-01
   8.3807745e-01
   8.4321204e-01
   8.4834662e-01
   8.5331493e-01
   8.5828323e-01
   8.6308332e-01
   8.6788340e-01
   8.7251338e-01
   8.7714336e-01
   8.8160142e-01
   8.8605947e-01
   8.9034386e-01
   8.9462825e-01
   8.9873730e-01
   9.0284634e-01
   9.0677843e-01
   9.1071051e-01
   9.1446410e-01
   9.1821769e-01
   9.2179130e-01
   9.2536492e-01
   9.2875716e-01
   9.3214941e-01
   9.3535895e-01
   9.3856849e-01
   9.4159408e-01
   9.4461966e-01
   9.4746010e-01
   9.5030054e-01
   9.5295471e-01
   9.5560889e-01
   9.5807577e-01
   9.6054265e-01
   9.6282127e-01
   9.6509988e-01
   9.6718933e-01
   9.6927879e-01
   9.7117826e-01
   9.7307774e-01
   9.7478649e-01
   9.7649524e-01
   9.7801260e-01
   9.7952996e-01
   9.8085533e-01
   9.8218070e-01
   9.8331357e-01
   9.8444643e-01
   9.8538634e-01
   9.8632625e-01
   9.8707285e-01
   9.8781944e-01
   9.8837242e-01
   9.8892540e-01
   9.8928455e-01
   9.8964370e-01
   9.8980888e-01
   9.8997406e-01
   9.8994520e-01
   9.8991635e-01
   9.8969347e-01
   9.8947059e-01
   9.8905378e-01
   9.8863696e-01
   9.8802637e-01
   9.8741579e-01
   9.8661167e-01
   9.8580754e-01
   9.8481021e-01
   9.8381287e-01
   9.8262270e-01
   9.8143253e-01
   9.8005001e-01
   9.7866748e-01
   9.7709313e-01
   9.7551879e-01
   9.7375324e-01
   9.7198769e-01
   9.7003163e-01
   9.6807557e-01
   9.6592977e-01
   9.6378397e-01
   9.6144927e-01
   9.5911457e-01
   9.5659188e-01
   9.5406919e-01
   9.5135951e-01
   9.4864982e-01
   9.4575420e-01
   9.4285858e-01
   9.3977816e-01
   9.3669773e-01
   9.3343372e-01
   9.3016971e-01
   9.2672338e-01
   9.2327705e-01
   9.1964976e-01
   9.1602247e-01
   9.1221564e-01
   9.0840881e-01
   9.0442393e-01
   9.0043905e-01
   8.9627769e-01
   8.9211632e-01
   8.8778010e-01
   8.8344388e-01
   8.7893451e-01
   8.7442514e-01
   8.6974437e-01
   8.6506361e-01
   8.6021330e-01
   8.5536298e-01
   8.5034502e-01
   8.4532705e-01
   8.4014340e-01
   8.3495976e-01
   8.2961245e-01
   8.2426515e-01
   8.1875629e-01
   8.1324744e-01
   8.0757918e-01
   8.0191093e-01
   7.9608550e-01
   7.9026007e-01
   7.8427975e-01
   7.7829943e-01
   7.7216657e-01
   7.6603370e-01
   7.5975069e-01
   7.5346768e-01
   7.4703699e-01
   7.4060631e-01
   7.3403046e-01
   7.2745461e-01
   7.2073618e-01
   7.1401775e-01
   7.0715938e-01
   7.0030100e-01
   6.9330537e-01
   6.8630973e-01
   6.7917958e-01
   6.7204943e-01
   6.6478756e-01
   6.5752568e-01
   6.5013494e-01
   6.4274419e-01
   6.3522746e-01
   6.2771073e-01
   6.2007098e-01
   6.1243122e-01
   6.0467143e-01
   5.9691163e-01
   5.8903484e-01
   5.8115805e-01
   5.7316736e-01
   5.6517666e-01
   5.5707519e-01
   5.4897372e-01
   5.4076465e-01
   5.3255558e-01
   5.2424213e-01
   5.1592868e-01
   5.0751411e-01
   4.9909954e-01
   4.9058714e-01
   4.8207475e-01
   4.7346787e-01
   4.6486098e-01
   4.5616299e-01
   4.4746499e-01
   4.3867930e-01
   4.2989360e-01
   4.2102364e-01
   4.1215368e-01
   4.0320294e-01
   3.9425221e-01
   3.8522419e-01
   3.7619618e-01
   3.6709443e-01
   3.5799269e-01
   3.4882077e-01
   3.3964886e-01
   3.3041037e-01
   3.2117189e-01
   3.1187045e-01
   3.0256902e-01
   2.9320828e-01
   2.8384754e-01
   2.7443117e-01
   2.6501480e-01
   2.5554648e-01
   2.4607817e-01
   2.3656162e-01
   2.2704507e-01
   2.1748403e-01
   2.0792298e-01
   1.9832118e-01
   1.8871938e-01
   1.7908059e-01
   1.6944180e-01
   1.5976980e-01
   1.5009780e-01
   1.4039638e-01
   1.3069496e-01
   1.2096793e-01
   1.1124089e-01
   1.0149205e-01
   9.1743215e-02
   8.1976394e-02
   7.2209574e-02
   6.2428601e-02
   5.2647628e-02
   4.2856336e-02
   3.3065044e-02
   2.3267271e-02
   1.3469498e-02
   3.6690849e-03
  -6.1313280e-03
  -1.5930539e-02
  -2.5729750e-02
  -3.5523919e-02
  -4.5318087e-02
  -5.5103373e-02
  -6.4888658e-02
  -7.4661226e-02
  -8.4433794e-02
  -9.4189812e-02
  -1.0394583e-01
  -1.1368148e-01
  -1.2341712e-01
  -1.3312858e-01
  -1.4284003e-01
  -1.5252349e-01
  -1.6220695e-01
  -1.7185862e-01
  -1.8151028e-01
  -1.9112637e-01
  -2.0074246e-01
  -2.1031921e-01
  -2.1989595e-01
  -2.2942960e-01
  -2.3896324e-01
  -2.4845005e-01
  -2.5793686e-01
  -2.6737311e-01
  -2.7680936e-01
  -2.8619136e-01
  -2.9557336e-01
  -3.0489743e-01
  -3.1422149e-01
  -3.2348397e-01
  -3.3274645e-01
  -3.4194371e-01
  -3.5114097e-01
  -3.6026940e-01
  -3.6939784e-01
  -3.7845388e-01
  -3.8750991e-01
  -3.9648999e-01
  -4.0547007e-01
  -4.1437068e-01
  -4.2327130e-01
  -4.3208894e-01
  -4.4090659e-01
  -4.4963782e-01
  -4.5836906e-01
  -4.6701045e-01
  -4.7565184e-01
  -4.8420000e-01
  -4.9274816e-01
  -5.0119975e-01
  -5.0965133e-01
  -5.1800303e-01
  -5.2635472e-01
  -5.3460325e-01
  -5.4285178e-01
  -5.5099390e-01
  -5.5913603e-01
  -5.6716857e-01
  -5.7520111e-01
  -5.8312091e-01
  -5.9104071e-01
  -5.9884466e-01
  -6.0664861e-01
  -6.1433367e-01
  -6.2201872e-01
  -6.2958185e-01
  -6.3714499e-01
  -6.4458324e-01
  -6.5202150e-01
  -6.5933196e-01
  -6.6664242e-01
  -6.7382221e-01
  -6.8100201e-01
  -6.8804833e-01
  -6.9509465e-01
  -7.0200473e-01
  -7.0891482e-01
  -7.1568595e-01
  -7.2245709e-01
  -7.2908662e-01
  -7.3571615e-01
  -7.4220149e-01
  -7.4868682e-01
  -7.5502541e-01
  -7.6136400e-01
  -7.6755336e-01
  -7.7374273e-01
  -7.7978044e-01
  -7.8581814e-01
  -7.9170183e-01
  -7.9758552e-01
  -8.0331289e-01
  -8.0904025e-01
  -8.1460904e-01
  -8.2017783e-01
  -8.2558586e-01
  -8.3099390e-01
  -8.3623906e-01
  -8.4148422e-01
  -8.4656445e-01
  -8.5164468e-01
  -8.5655799e-01
  -8.6147130e-01
  -8.6621575e-01
  -8.7096021e-01
  -8.7553396e-01
  -8.8010772e-01
  -8.8450897e-01
  -8.8891021e-01
  -8.9313724e-01
  -8.9736426e-01
  -9.0141540e-01
  -9.0546654e-01
  -9.0934021e-01
  -9.1321388e-01
  -9.1690856e-01
  -9.2060324e-01
  -9.2411748e-01
  -9.2763172e-01
  -9.3096414e-01
  -9.3429657e-01
  -9.3744587e-01
  -9.4059517e-01
  -9.4356012e-01
  -9.4652506e-01
  -9.4930449e-01
  -9.5208392e-01
  -9.5467673e-01
  -9.5726955e-01
  -9.5967475e-01
  -9.6207994e-01
  -9.6429657e-01
  -9.6651319e-01
  -9.6854038e-01
  -9.7056757e-01
  -9.7240453e-01
  -9.7424149e-01
  -9.7588749e-01
  -9.7753350e-01
  -9.7898791e-01
  -9.8044232e-01
  -9.8170456e-01
  -9.8296681e-01
  -9.8403639e-01
  -9.8510597e-01
  -9.8598247e-01
  -9.8685897e-01
  -9.8754205e-01
  -9.8822513e-01
  -9.8871451e-01
  -9.8920390e-01
  -9.8949940e-01
  -9.8979490e-01
  -9.8989640e-01
  -9.8999790e-01
  -9.8990536e-01
  -9.8981282e-01
  -9.8952628e-01
  -9.8923974e-01
  -9.8875931e-01
  -9.8827887e-01
  -9.8760474e-01
  -9.8693060e-01
  -9.8606303e-01
  -9.8519546e-01
  -9.8413478e-01
  -9.8307411e-01
  -9.8182076e-01
  -9.8056740e-01
  -9.7912186e-01
  -9.7767631e-01
  -9.7603914e-01
  -9.7440197e-01
  -9.7257381e-01
  -9.7074566e-01
  -9.6872724e-01
  -9.6670882e-01
  -9.6450093e-01
  -9.6229303e-01
  -9.5989653e-01
  -9.5750003e-01
  -9.5491585e-01
  -9.5233168e-01
  -9.4956085e-01
  -9.4679002e-01
  -9.4383361e-01
  -9.4087721e-01
  -9.3773640e-01
  -9.3459559e-01
  -9.3127159e-01
  -9.2794760e-01
  -9.2444173e-01
  -9.2093585e-01
  -9.1724948e-01
  -9.1356310e-01
  -9.0969767e-01
  -9.0583223e-01
  -9.0178926e-01
  -8.9774628e-01
  -8.9352734e-01
  -8.8930841e-01
  -8.8491517e-01
  -8.8052193e-01
  -8.7595611e-01
  -8.7139029e-01
  -8.6665367e-01
  -8.6191706e-01
  -8.5701151e-01
  -8.5210596e-01
  -8.4703339e-01
  -8.4196083e-01
  -8.3672324e-01
  -8.3148566e-01
  -8.2608510e-01
  -8.2068454e-01
  -8.1512313e-01
  -8.0956171e-01
  -8.0384163e-01
  -7.9812154e-01
  -7.9224502e-01
  -7.8636850e-01
  -7.8033786e-01
  -7.7430721e-01
  -7.6812480e-01
  -7.6194239e-01
  -7.5561063e-01
  -7.4927888e-01
  -7.4280027e-01
  -7.3632166e-01
  -7.2969873e-01
  -7.2307580e-01
  -7.1631115e-01
  -7.0954650e-01
  -7.0264277e-01
  -6.9573905e-01
  -6.8869896e-01
  -6.8165887e-01
  -6.7448518e-01
  -6.6731149e-01
  -6.6000700e-01
  -6.5270251e-01
  -6.4527010e-01
  -6.3783768e-01
  -6.3028025e-01
  -6.2272282e-01
  -6.1504333e-01
  -6.0736385e-01
  -5.9956532e-01
  -5.9176679e-01
  -5.8385227e-01
  -5.7593775e-01
  -5.6791036e-01
  -5.5988296e-01
  -5.5174582e-01
  -5.4360868e-01
  -5.3536500e-01
  -5.2712132e-01
  -5.1877432e-01
  -5.1042732e-01
  -5.0198027e-01
  -4.9353323e-01
  -4.8498945e-01
  -4.7644568e-01
  -4.6780852e-01
  -4.5917136e-01
  -4.5044420e-01
  -4.4171705e-01
  -4.3290331e-01
  -4.2408958e-01
  -4.1519272e-01
  -4.0629587e-01
  -3.9731938e-01
  -3.8834289e-01
  -3.7929029e-01
  -3.7023768e-01
  -3.6111251e-01
  -3.5198734e-01
  -3.4279318e-01
  -3.3359902e-01
  -3.2433948e-01
  -3.1507993e-01
  -3.0575863e-01
  -2.9643733e-01
  -2.8705792e-01
  -2.7767852e-01
  -2.6824469e-01
  -2.5881087e-01
  -2.4932631e-01
  -2.3984176e-01
  -2.3031019e-01
  -2.2077863e-01
  -2.1120379e-01
  -2.0162895e-01
  -1.9201460e-01
  -1.8240024e-01
  -1.7275014e-01
  -1.6310003e-01
  -1.5341796e-01
  -1.4373588e-01
  -1.3402564e-01
  -1.2431539e-01
  -1.1458078e-01
  -1.0484617e-01
  -9.5091005e-02
  -8.5335844e-02
  -7.5563956e-02
  -6.5792068e-02
  -5.6007286e-02
  -4.6222503e-02
  -3.6428660e-02
  -2.6634818e-02
  -1.6835755e-02
  -7.0366922e-03
   2.7637499e-03
   1.2564192e-02
   2.2362171e-02
   3.2160151e-02
   4.1951827e-02
   5.1743503e-02
   6.1525037e-02
   7.1306572e-02
   8.1074130e-02
   9.0841688e-02
   1.0059144e-01
   1.1034119e-01
   1.2006932e-01
   1.2979745e-01
   1.3950013e-01
   1.4920282e-01
   1.5887626e-01
   1.6854970e-01
   1.7819011e-01
   1.8783052e-01
   1.9743411e-01
   2.0703770e-01
   2.1660071e-01
   2.2616373e-01
   2.3568241e-01
   2.4520109e-01
   2.5467172e-01
   2.6414234e-01
   2.7356120e-01
   2.8298005e-01
   2.9234344e-01
   3.0170683e-01
   3.1101108e-01
   3.2031534e-01
   3.2955681e-01
   3.3879828e-01
   3.4797335e-01
   3.5714842e-01
   3.6625349e-01
   3.7535855e-01
   3.8439005e-01
   3.9342155e-01
   4.0237593e-01
   4.1133032e-01
   4.2020408e-01
   4.2907785e-01
   4.3786752e-01
   4.4665718e-01
   4.5535930e-01
   4.6406142e-01
   4.7267259e-01
   4.8128376e-01
   4.8980059e-01
   4.9831742e-01
   5.0673659e-01
   5.1515575e-01
   5.2347394e-01
   5.3179214e-01
   5.4000610e-01
   5.4822006e-01
   5.5632657e-01
   5.6443308e-01
   5.7242896e-01
   5.8042484e-01
   5.8830696e-01
   5.9618908e-01
   6.0395435e-01
   6.1171961e-01
   6.1936498e-01
   6.2701035e-01
   6.3453282e-01
   6.4205530e-01
   6.4945193e-01
   6.5684856e-01
   6.6411645e-01
   6.7138434e-01
   6.7852064e-01
   6.8565693e-01
   6.9265884e-01
   6.9966075e-01
   7.0652553e-01
   7.1339030e-01
   7.2011525e-01
   7.2684020e-01
   7.3342269e-01
   7.4000518e-01
   7.4644263e-01
   7.5288008e-01
   7.5916997e-01
   7.6545985e-01
   7.7159971e-01
   7.7773956e-01
   7.8372698e-01
   7.8971440e-01
   7.9554703e-01
   8.0137967e-01
   8.0705523e-01
   8.1273079e-01
   8.1824706e-01
   8.2376333e-01
   8.2911814e-01
   8.3447295e-01
   8.3966420e-01
   8.4485546e-01
   8.4988112e-01
   8.5490678e-01
   8.5976488e-01
   8.6462298e-01
   8.6931162e-01
   8.7400025e-01
   8.7851758e-01
   8.8303491e-01
   8.8737917e-01
   8.9172342e-01
   8.9589290e-01
   9.0006238e-01
   9.0405544e-01
   9.0804851e-01
   9.1186359e-01
   9.1567868e-01
   9.1931430e-01
   9.2294991e-01
   9.2640463e-01
   9.2985935e-01
   9.3313181e-01
   9.3640427e-01
   9.3949320e-01
   9.4258213e-01
   9.4548631e-01
   9.4839050e-01
   9.5110880e-01
   9.5382709e-01
   9.5635844e-01
   9.5888979e-01
   9.6123320e-01
   9.6357660e-01
   9.6573115e-01
   9.6788569e-01
   9.6985053e-01
   9.7181537e-01
   9.7358973e-01
   9.7536410e-01
   9.7694729e-01
   9.7853048e-01
   9.7992188e-01
   9.8131328e-01
   9.8251234e-01
   9.8371141e-01
   9.8471766e-01
   9.8572392e-01
   9.8653697e-01
   9.8735002e-01
   9.8796956e-01
   9.8858909e-01
   9.8901486e-01
   9.8944063e-01
   9.8967247e-01
   9.8990431e-01
   9.8994212e-01
   9.8997994e-01
   9.8982372e-01
   9.8966750e-01
   9.8931731e-01
   9.8896712e-01
   9.8842309e-01
   9.8787906e-01
   9.8714140e-01
   9.8640375e-01
   9.8547276e-01
   9.8454177e-01
   9.8341781e-01
   9.8229384e-01
   9.8097735e-01
   9.7966086e-01
   9.7815236e-01
   9.7664386e-01
   9.7494393e-01
   9.7324401e-01
   9.7135332e-01
   9.6946264e-01
   9.6738195e-01
   9.6530125e-01
   9.6303136e-01
   9.6076146e-01
   9.5830326e-01
   9.5584505e-01
   9.5319950e-01
   9.5055395e-01
   9.4772209e-01
   9.4489023e-01
   9.4187318e-01
   9.3885612e-01
   9.3565505e-01
   9.3245397e-01
   9.2907014e-01
   9.2568631e-01
   9.2212104e-01
   9.1855577e-01
   9.1481046e-01
   9.1106516e-01
   9.0714128e-01
   9.0321741e-01
   8.9911650e-01
   8.9501560e-01
   8.9073927e-01
   8.8646294e-01
   8.8201287e-01
   8.7756279e-01
   8.7294072e-01
   8.6831864e-01
   8.6352637e-01
   8.5873411e-01
   8.5377353e-01
   8.4881295e-01
   8.4368600e-01
   8.3855905e-01
   8.3326775e-01
   8.2797645e-01
   8.2252286e-01
   8.1706927e-01
   8.1145554e-01
   8.0584180e-01
   8.0007013e-01
   7.9429845e-01
   7.8837109e-01
   7.8244373e-01
   7.7636301e-01
   7.7028229e-01
   7.6405059e-01
   7.5781890e-01
   7.5143867e-01
   7.4505844e-01
   7.3853218e-01
   7.3200593e-01
   7.2533619e-01
   7.1866646e-01
   7.1185587e-01
   7.0504528e-01
   6.9809650e-01
   6.9114772e-01
   6.8406348e-01
   6.7697923e-01
   6.6976230e-01
   6.6254537e-01
   6.5519858e-01
   6.4785178e-01
   6.4037801e-01
   6.3290424e-01
   6.2530642e-01
   6.1770860e-01
   6.0998971e-01
   6.0227082e-01
   5.9443389e-01
   5.8659695e-01
   5.7864504e-01
   5.7069314e-01
   5.6262937e-01
   5.5456561e-01
   5.4639315e-01
   5.3822069e-01
   5.2994274e-01
   5.2166479e-01
   5.1328459e-01
   5.0490439e-01
   4.9642524e-01
   4.8794608e-01
   4.7937128e-01
   4.7079649e-01
   4.6212942e-01
   4.5346234e-01
   4.4470639e-01
   4.3595044e-01
   4.2710905e-01
   4.1826765e-01
   4.0934427e-01
   4.0042090e-01
   3.9141904e-01
   3.8241718e-01
   3.7334037e-01
   3.6426355e-01
   3.5511534e-01
   3.4596713e-01
   3.3675112e-01
   3.2753510e-01
   3.1825488e-01
   3.0897467e-01
   2.9963389e-01
   2.9029312e-01
   2.8089545e-01
   2.7149778e-01
   2.6204689e-01
   2.5259600e-01
   2.4309561e-01
   2.3359522e-01
   2.2404904e-01
   2.1450286e-01
   2.0491464e-01
   1.9532642e-01
   1.8569991e-01
   1.7607341e-01
   1.6641239e-01
   1.5675137e-01
   1.4705964e-01
   1.3736790e-01
   1.2764923e-01
   1.1793057e-01
   1.0818879e-01
   9.8447015e-02
   8.8685942e-02
   7.8924869e-02
   6.9148327e-02
   5.9371784e-02
   4.9583605e-02
   3.9795426e-02
   2.9999447e-02
   2.0203467e-02
   1.0403528e-02
   6.0358943e-04
  -9.1964679e-03
  -1.8996525e-02
  -2.8792859e-02
  -3.8589193e-02
  -4.8377964e-02
  -5.8166734e-02
  -6.7944104e-02
  -7.7721474e-02
  -8.7483610e-02
  -9.7245747e-02
  -1.0698882e-01
  -1.1673190e-01
  -1.2645210e-01
  -1.3617229e-01
  -1.4586580e-01
  -1.5555931e-01
  -1.6522232e-01
  -1.7488534e-01
  -1.8451408e-01
  -1.9414282e-01
  -2.0373351e-01
  -2.1332420e-01
  -2.2287307e-01
  -2.3242195e-01
  -2.4192527e-01
  -2.5142859e-01
  -2.6088264e-01
  -2.7033668e-01
  -2.7973773e-01
  -2.8913879e-01
  -2.9848317e-01
  -3.0782756e-01
  -3.1711161e-01
  -3.2639566e-01
  -3.3561573e-01
  -3.4483581e-01
  -3.5398830e-01
  -3.6314079e-01
  -3.7222210e-01
  -3.8130342e-01
  -3.9030999e-01
  -3.9931657e-01
  -4.0824488e-01
  -4.1717319e-01
  -4.2601974e-01
  -4.3486629e-01
  -4.4362760e-01
  -4.5238891e-01
  -4.6106155e-01
  -4.6973420e-01
  -4.7831477e-01
  -4.8689535e-01
  -4.9538049e-01
  -5.0386564e-01
  -5.1225203e-01
  -5.2063841e-01
  -5.2892275e-01
  -5.3720710e-01
  -5.4538614e-01
  -5.5356519e-01
  -5.6163574e-01
  -5.6970629e-01
  -5.7766518e-01
  -5.8562407e-01
  -5.9346818e-01
  -6.0131228e-01
  -6.0903853e-01
  -6.1676478e-01
  -6.2437014e-01
  -6.3197550e-01
  -6.3945700e-01
  -6.4693849e-01
  -6.5429319e-01
  -6.6164788e-01
  -6.6887290e-01
  -6.7609791e-01
  -6.8319041e-01
  -6.9028290e-01
  -6.9724010e-01
  -7.0419731e-01
  -7.1101648e-01
  -7.1783566e-01
  -7.2451415e-01
  -7.3119263e-01
  -7.3772780e-01
  -7.4426297e-01
  -7.5065226e-01
  -7.5704156e-01
  -7.6328247e-01
  -7.6952338e-01
  -7.7561347e-01
  -7.8170356e-01
  -7.8764043e-01
  -7.9357730e-01
  -7.9935864e-01
  -8.0513997e-01
  -8.1076349e-01
  -8.1638702e-01
  -8.2185053e-01
  -8.2731404e-01
  -8.3261540e-01
  -8.3791676e-01
  -8.4305389e-01
  -8.4819102e-01
  -8.5316190e-01
  -8.5813278e-01
  -8.6293547e-01
  -8.6773816e-01
  -8.7237077e-01
  -8.7700338e-01
  -8.8146410e-01
  -8.8592482e-01
  -8.9021190e-01
  -8.9449897e-01
  -8.9861073e-01
  -9.0272249e-01
  -9.0665731e-01
  -9.1059213e-01
  -9.1434848e-01
  -9.1810482e-01
  -9.2168122e-01
  -9.2525762e-01
  -9.2865266e-01
  -9.3204771e-01
  -9.3526008e-01
  -9.3847244e-01
  -9.4150087e-01
  -9.4452929e-01
  -9.4737259e-01
  -9.5021589e-01
  -9.5287294e-01
  -9.5553000e-01
  -9.5799977e-01
  -9.6046954e-01
  -9.6275106e-01
  -9.6503258e-01
  -9.6712495e-01
  -9.6921732e-01
  -9.7111973e-01
  -9.7302213e-01
  -9.7473383e-01
  -9.7644552e-01
  -9.7796583e-01
  -9.7948614e-01
  -9.8081447e-01
  -9.8214281e-01
  -9.8327864e-01
  -9.8441447e-01
  -9.8535735e-01
  -9.8630024e-01
  -9.8704981e-01
  -9.8779938e-01
  -9.8835534e-01
  -9.8891131e-01
  -9.8927344e-01
  -9.8963558e-01
  -9.8980375e-01
  -9.8997191e-01
  -9.8994605e-01
  -9.8992018e-01
  -9.8970029e-01
  -9.8948039e-01
  -9.8906657e-01
  -9.8865274e-01
  -9.8804513e-01
  -9.8743752e-01
  -9.8663638e-01
  -9.8583524e-01
  -9.8484087e-01
  -9.8384650e-01
  -9.8265930e-01
  -9.8147210e-01
  -9.8009253e-01
  -9.7871296e-01
  -9.7714156e-01
  -9.7557017e-01
  -9.7380756e-01
  -9.7204495e-01
  -9.7009182e-01
  -9.6813869e-01
  -9.6599580e-01
  -9.6385292e-01
  -9.6152112e-01
  -9.5918932e-01
  -9.5666952e-01
  -9.5414971e-01
  -9.5144290e-01
  -9.4873609e-01
  -9.4584332e-01
  -9.4295055e-01
  -9.3987297e-01
  -9.3679538e-01
  -9.3353418e-01
  -9.3027299e-01
  -9.2682946e-01
  -9.2338592e-01
  -9.1976141e-01
  -9.1613690e-01
  -9.1233282e-01
  -9.0852874e-01
  -9.0454659e-01
  -9.0056444e-01
  -8.9640578e-01
  -8.9224713e-01
  -8.8791359e-01
  -8.8358005e-01
  -8.7907332e-01
  -8.7456660e-01
  -8.6988847e-01
  -8.6521033e-01
  -8.6036261e-01
  -8.5551489e-01
  -8.5049949e-01
  -8.4548410e-01
  -8.4030298e-01
  -8.3512187e-01
  -8.2977707e-01
  -8.2443227e-01
  -8.1892589e-01
  -8.1341950e-01
  -8.0775368e-01
  -8.0208787e-01
  -7.9626484e-01
  -7.9044182e-01
  -7.8446386e-01
  -7.7848591e-01
  -7.7235538e-01
  -7.6622484e-01
  -7.5994413e-01
  -7.5366341e-01
  -7.4723498e-01
  -7.4080654e-01
  -7.3423291e-01
  -7.2765928e-01
  -7.2094303e-01
  -7.1422677e-01
  -7.0737053e-01
  -7.0051429e-01
  -6.9352075e-01
  -6.8652721e-01
  -6.7939910e-01
  -6.7227100e-01
  -6.6501114e-01
  -6.5775127e-01
  -6.5036248e-01
  -6.4297370e-01
  -6.3545889e-01
  -6.2794408e-01
  -6.2030619e-01
  -6.1266831e-01
  -6.0491034e-01
  -5.9715237e-01
  -5.8927736e-01
  -5.8140235e-01
  -5.7341338e-01
  -5.6542442e-01
  -5.5732463e-01
  -5.4922484e-01
  -5.4101740e-01
  -5.3280997e-01
  -5.2449810e-01
  -5.1618623e-01
  -5.0777319e-01
  -4.9936015e-01
  -4.9084924e-01
  -4.8233832e-01
  -4.7373287e-01
  -4.6512742e-01
  -4.5643080e-01
  -4.4773418e-01
  -4.3894981e-01
  -4.3016543e-01
  -4.2129675e-01
  -4.1242806e-01
  -4.0347854e-01
  -3.9452902e-01
  -3.8550217e-01
  -3.7647532e-01
  -3.6737468e-01
  -3.5827404e-01
  -3.4910318e-01
  -3.3993232e-01
  -3.3069483e-01
  -3.2145734e-01
  -3.1215685e-01
  -3.0285636e-01
  -2.9349651e-01
  -2.8413665e-01
  -2.7472111e-01
  -2.6530557e-01
  -2.5583802e-01
  -2.4637048e-01
  -2.3685465e-01
  -2.2733881e-01
  -2.1777842e-01
  -2.0821803e-01
  -1.9861683e-01
  -1.8901563e-01
  -1.7937738e-01
  -1.6973913e-01
  -1.6006762e-01
  -1.5039610e-01
  -1.4069510e-01
  -1.3099411e-01
  -1.2126744e-01
  -1.1154077e-01
  -1.0179224e-01
  -9.2043706e-02
  -8.2277134e-02
  -7.2510562e-02
  -6.2729777e-02
  -5.2948993e-02
  -4.3157831e-02
  -3.3366668e-02
  -2.3568966e-02
  -1.3771264e-02
  -3.9708626e-03
   5.8295388e-03
   1.5628798e-02
   2.5428056e-02
   3.5222331e-02
   4.5016606e-02
   5.4802058e-02
   6.4587510e-02
   7.4360302e-02
   8.4133095e-02
   9.3889397e-02
   1.0364570e-01
   1.1338169e-01
   1.2311768e-01
   1.3282953e-01
   1.4254139e-01
   1.5222531e-01
   1.6190923e-01
   1.7156141e-01
   1.8121359e-01
   1.9083026e-01
   2.0044693e-01
   2.1002431e-01
   2.1960169e-01
   2.2913602e-01
   2.3867036e-01
   2.4815792e-01
   2.5764548e-01
   2.6708253e-01
   2.7651959e-01
   2.8590246e-01
   2.9528532e-01
   3.0461030e-01
   3.1393529e-01
   3.2319874e-01
   3.3246220e-01
   3.4166049e-01
   3.5085878e-01
   3.5998830e-01
   3.6911783e-01
   3.7817500e-01
   3.8723218e-01
   3.9621346e-01
   4.0519473e-01
   4.1409659e-01
   4.2299846e-01
   4.3181741e-01
   4.4063636e-01
   4.4936895e-01
   4.5810154e-01
   4.6674434e-01
   4.7538714e-01
   4.8393676e-01
   4.9248639e-01
   5.0093948e-01
   5.0939258e-01
   5.1774583e-01
   5.2609909e-01
   5.3434923e-01
   5.4259937e-01
   5.5074316e-01
   5.5888695e-01
   5.6692120e-01
   5.7495545e-01
   5.8287701e-01
   5.9079857e-01
   5.9860433e-01
   6.0641009e-01
   6.1409700e-01
   6.2178390e-01
   6.2934894e-01
   6.3691397e-01
   6.4435417e-01
   6.5179437e-01
   6.5910682e-01
   6.6641927e-01
   6.7360110e-01
   6.8078293e-01
   6.8783133e-01
   6.9487972e-01
   7.0179192e-01
   7.0870412e-01
   7.1547742e-01
   7.2225071e-01
   7.2888245e-01
   7.3551418e-01
   7.4200175e-01
   7.4848933e-01
   7.5483019e-01
   7.6117106e-01
   7.6736274e-01
   7.7355442e-01
   7.7959448e-01
   7.8563455e-01
   7.9152062e-01
   7.9740670e-01
   8.0313649e-01
   8.0886628e-01
   8.1443752e-01
   8.2000877e-01
   8.2541930e-01
   8.3082983e-01
   8.3607751e-01
   8.4132519e-01
   8.4640798e-01
   8.5149076e-01
   8.5640666e-01
   8.6132255e-01
   8.6606962e-01
   8.7081669e-01
   8.7539309e-01
   8.7996948e-01
   8.8437340e-01
   8.8877732e-01
   8.9300704e-01
   8.9723676e-01
   9.0129062e-01
   9.0534448e-01
   9.0922089e-01
   9.1309730e-01
   9.1679475e-01
   9.2049219e-01
   9.2400922e-01
   9.2752625e-01
   9.3086148e-01
   9.3419672e-01
   9.3734885e-01
   9.4050098e-01
   9.4346877e-01
   9.4643657e-01
   9.4921886e-01
   9.5200115e-01
   9.5459685e-01
   9.5719255e-01
   9.5960064e-01
   9.6200873e-01
   9.6422827e-01
   9.6644780e-01
   9.6847791e-01
   9.7050803e-01
   9.7234792e-01
   9.7418781e-01
   9.7583676e-01
   9.7748572e-01
   9.7894308e-01
   9.8040045e-01
   9.8166565e-01
   9.8293086e-01
   9.8400341e-01
   9.8507596e-01
   9.8595544e-01
   9.8683491e-01
   9.8752097e-01
   9.8820703e-01
   9.8869940e-01
   9.8919177e-01
   9.8949025e-01
   9.8978874e-01
   9.8989323e-01
   9.8999772e-01
   9.8990817e-01
   9.8981862e-01
   9.8953506e-01
   9.8925150e-01
   9.8877406e-01
   9.8829661e-01
   9.8762545e-01
   9.8695430e-01
   9.8608970e-01
   9.8522510e-01
   9.8416740e-01
   9.8310970e-01
   9.8185930e-01
   9.8060891e-01
   9.7916632e-01
   9.7772373e-01
   9.7608951e-01
   9.7445528e-01
   9.7263006e-01
   9.7080484e-01
   9.6878935e-01
   9.6677385e-01
   9.6456887e-01
   9.6236389e-01
   9.5997028e-01
   9.5757667e-01
   9.5499538e-01
   9.5241409e-01
   9.4964612e-01
   9.4687816e-01
   9.4392461e-01
   9.4097105e-01
   9.3783307e-01
   9.3469509e-01
   9.3137390e-01
   9.2805272e-01
   9.2454964e-01
   9.2104655e-01
   9.1736295e-01
   9.1367934e-01
   9.0981665e-01
   9.0595396e-01
   9.0191371e-01
   8.9787345e-01
   8.9365721e-01
   8.8944098e-01
   8.8505041e-01
   8.8065984e-01
   8.7609666e-01
   8.7153348e-01
   8.6679948e-01
   8.6206548e-01
   8.5716252e-01
   8.5225956e-01
   8.4718955e-01
   8.4211954e-01
   8.3688448e-01
   8.3164942e-01
   8.2625135e-01
   8.2085329e-01
   8.1529434e-01
   8.0973538e-01
   8.0401772e-01
   7.9830006e-01
   7.9242594e-01
   7.8655181e-01
   7.8052352e-01
   7.7449523e-01
   7.6831513e-01
   7.6213504e-01
   7.5580557e-01
   7.4947610e-01
   7.4299973e-01
   7.3652336e-01
   7.2990263e-01
   7.2328191e-01
   7.1651942e-01
   7.0975693e-01
   7.0285532e-01
   6.9595372e-01
   6.8891571e-01
   6.8187770e-01
   6.7470604e-01
   6.6753439e-01
   6.6023189e-01
   6.5292940e-01
   6.4549893e-01
   6.3806846e-01
   6.3051293e-01
   6.2295740e-01
   6.1527977e-01
   6.0760214e-01
   5.9980542e-01
   5.9200870e-01
   5.8409595e-01
   5.7618320e-01
   5.6815751e-01
   5.6013183e-01
   5.5199636e-01
   5.4386088e-01
   5.3561882e-01
   5.2737675e-01
   5.1903132e-01
   5.1068588e-01
   5.0224035e-01
   4.9379483e-01
   4.8525251e-01
   4.7671020e-01
   4.6807446e-01
   4.5943871e-01
   4.5071291e-01
   4.4198711e-01
   4.3317469e-01
   4.2436226e-01
   4.1546666e-01
   4.0657106e-01
   3.9759577e-01
   3.8862048e-01
   3.7956902e-01
   3.7051756e-01
   3.6139348e-01
   3.5226940e-01
   3.4307628e-01
   3.3388315e-01
   3.2462458e-01
   3.1536602e-01
   3.0604564e-01
   2.9672526e-01
   2.8734673e-01
   2.7796819e-01
   2.6853517e-01
   2.5910215e-01
   2.4961835e-01
   2.4013455e-01
   2.3060368e-01
   2.2107281e-01
   2.1149861e-01
   2.0192441e-01
   1.9231064e-01
   1.8269686e-01
   1.7304728e-01
   1.6339769e-01
   1.5371608e-01
   1.4403447e-01
   1.3432463e-01
   1.2461479e-01
   1.1488053e-01
   1.0514626e-01
   9.5391385e-02
   8.5636511e-02
   7.5864852e-02
   6.6093193e-02
   5.6308580e-02
   4.6523966e-02
   3.6730234e-02
   2.6936502e-02
   1.7137491e-02
   7.3384790e-03
  -2.4619710e-03
  -1.2262421e-02
  -2.2060467e-02
  -3.1858514e-02
  -4.1650316e-02
  -5.1442118e-02
  -6.1223838e-02
  -7.1005557e-02
  -8.0773360e-02
  -9.0541162e-02
  -1.0029122e-01
  -1.1004128e-01
  -1.1976976e-01
  -1.2949825e-01
  -1.3920136e-01
  -1.4890447e-01
  -1.5857839e-01
  -1.6825231e-01
  -1.7789325e-01
  -1.8753420e-01
  -1.9713838e-01
  -2.0674257e-01
  -2.1630624e-01
  -2.2586990e-01
  -2.3538930e-01
  -2.4490869e-01
  -2.5438009e-01
  -2.6385148e-01
  -2.7327116e-01
  -2.8269083e-01
  -2.9205511e-01
  -3.0141938e-01
  -3.1072457e-01
  -3.2002976e-01
  -3.2927223e-01
  -3.3851469e-01
  -3.4769081e-01
  -3.5686693e-01
  -3.6597310e-01
  -3.7507927e-01
  -3.8411193e-01
  -3.9314459e-01
  -4.0210019e-01
  -4.1105579e-01
  -4.1993082e-01
  -4.2880585e-01
  -4.3759684e-01
  -4.4638783e-01
  -4.5509132e-01
  -4.6379482e-01
  -4.7240741e-01
  -4.8102000e-01
  -4.8953831e-01
  -4.9805662e-01
  -5.0647732e-01
  -5.1489801e-01
  -5.2321778e-01
  -5.3153755e-01
  -5.3975315e-01
  -5.4796874e-01
  -5.5607693e-01
  -5.6418511e-01
  -5.7218272e-01
  -5.8018033e-01
  -5.8806423e-01
  -5.9594812e-01
  -6.0371521e-01
  -6.1148229e-01
  -6.1912953e-01
  -6.2677677e-01
  -6.3430116e-01
  -6.4182555e-01
  -6.4922414e-01
  -6.5662273e-01
  -6.6389262e-01
  -6.7116251e-01
  -6.7830086e-01
  -6.8543921e-01
  -6.9244320e-01
  -6.9944720e-01
  -7.0631411e-01
  -7.1318102e-01
  -7.1990814e-01
  -7.2663527e-01
  -7.3321997e-01
  -7.3980467e-01
  -7.4624438e-01
  -7.5268408e-01
  -7.5897625e-01
  -7.6526843e-01
  -7.7141061e-01
  -7.7755279e-01
  -7.8354258e-01
  -7.8953236e-01
  -7.9536739e-01
  -8.0120243e-01
  -8.0688043e-01
  -8.1255843e-01
  -8.1807716e-01
  -8.2359590e-01
  -8.2895321e-01
  -8.3431053e-01
  -8.3950431e-01
  -8.4469810e-01
  -8.4972633e-01
  -8.5475455e-01
  -8.5961525e-01
  -8.6447594e-01
  -8.6916720e-01
  -8.7385846e-01
  -8.7837844e-01
  -8.8289842e-01
  -8.8724535e-01
  -8.9159229e-01
  -8.9576447e-01
  -8.9993665e-01
  -9.0393244e-01
  -9.0792824e-01
  -9.1174608e-01
  -9.1556392e-01
  -9.1920231e-01
  -9.2284069e-01
  -9.2629821e-01
  -9.2975572e-01
  -9.3303100e-01
  -9.3630628e-01
  -9.3939804e-01
  -9.4248981e-01
  -9.4539684e-01
  -9.4830388e-01
  -9.5102505e-01
  -9.5374622e-01
  -9.5628045e-01
  -9.5881469e-01
  -9.6116099e-01
  -9.6350730e-01
  -9.6566476e-01
  -9.6782222e-01
  -9.6978998e-01
  -9.7175775e-01
  -9.7353505e-01
  -9.7531235e-01
  -9.7689849e-01
  -9.7848463e-01
  -9.7987899e-01
  -9.8127335e-01
  -9.8247538e-01
  -9.8367740e-01
  -9.8468663e-01
  -9.8569586e-01
  -9.8651189e-01
  -9.8732792e-01
  -9.8795043e-01
  -9.8857295e-01
  -9.8900170e-01
  -9.8943046e-01
  -9.8966528e-01
  -9.8990011e-01
  -9.8994091e-01
  -9.8998172e-01
  -9.8982849e-01
  -9.8967526e-01
  -9.8932805e-01
  -9.8898084e-01
  -9.8843979e-01
  -9.8789875e-01
  -9.8716407e-01
  -9.8642939e-01
  -9.8550138e-01
  -9.8457336e-01
  -9.8345237e-01
  -9.8233138e-01
  -9.8101785e-01
  -9.7970432e-01
  -9.7819877e-01
  -9.7669321e-01
  -9.7499623e-01
  -9.7329925e-01
  -9.7141150e-01
  -9.6952375e-01
  -9.6744597e-01
  -9.6536819e-01
  -9.6310121e-01
  -9.6083422e-01
  -9.5837891e-01
  -9.5592359e-01
  -9.5328092e-01
  -9.5063825e-01
  -9.4780925e-01
  -9.4498025e-01
  -9.4196603e-01
  -9.3895182e-01
  -9.3575357e-01
  -9.3255532e-01
  -9.2917429e-01
  -9.2579326e-01
  -9.2223078e-01
  -9.1866829e-01
  -9.1492575e-01
  -9.1118320e-01
  -9.0726207e-01
  -9.0334093e-01
  -8.9924274e-01
  -8.9514455e-01
  -8.9087091e-01
  -8.8659727e-01
  -8.8214986e-01
  -8.7770244e-01
  -8.7308300e-01
  -8.6846356e-01
  -8.6367390e-01
  -8.5888424e-01
  -8.5392623e-01
  -8.4896823e-01
  -8.4384383e-01
  -8.3871943e-01
  -8.3343064e-01
  -8.2814185e-01
  -8.2269075e-01
  -8.1723964e-01
  -8.1162836e-01
  -8.0601708e-01
  -8.0024781e-01
  -7.9447855e-01
  -7.8855357e-01
  -7.8262859e-01
  -7.7655021e-01
  -7.7047183e-01
  -7.6424245e-01
  -7.5801306e-01
  -7.5163510e-01
  -7.4525714e-01
  -7.3873311e-01
  -7.3220908e-01
  -7.2554154e-01
  -7.1887399e-01
  -7.1206555e-01
  -7.0525711e-01
  -6.9831044e-01
  -6.9136376e-01
  -6.8428158e-01
  -6.7719941e-01
  -6.6998449e-01
  -6.6276958e-01
  -6.5542477e-01
  -6.4807996e-01
  -6.4060812e-01
  -6.3313628e-01
  -6.2554035e-01
  -6.1794442e-01
  -6.1022737e-01
  -6.0251032e-01
  -5.9467518e-01
  -5.8684004e-01
  -5.7888988e-01
  -5.7093971e-01
  -5.6287765e-01
  -5.5481558e-01
  -5.4664477e-01
  -5.3847396e-01
  -5.3019761e-01
  -5.2192126e-01
  -5.1354261e-01
  -5.0516397e-01
  -4.9668631e-01
  -4.8820865e-01
  -4.7963530e-01
  -4.7106195e-01
  -4.6239627e-01
  -4.5373060e-01
  -4.4497599e-01
  -4.3622138e-01
  -4.2738128e-01
  -4.1854117e-01
  -4.0961903e-01
  -4.0069689e-01
  -3.9169621e-01
  -3.8269553e-01
  -3.7361984e-01
  -3.6454416e-01
  -3.5539702e-01
  -3.4624989e-01
  -3.3703488e-01
  -3.2781988e-01
  -3.1854063e-01
  -3.0926137e-01
  -2.9992150e-01
  -2.9058163e-01
  -2.8118481e-01
  -2.7178799e-01
  -2.6233789e-01
  -2.5288780e-01
  -2.4338814e-01
  -2.3388848e-01
  -2.2434298e-01
  -2.1479747e-01
  -2.0520987e-01
  -1.9562227e-01
  -1.8599633e-01
  -1.7637038e-01
  -1.6670987e-01
  -1.5704935e-01
  -1.4735806e-01
  -1.3766677e-01
  -1.2794849e-01
  -1.1823021e-01
  -1.0848876e-01
  -9.8747309e-02
  -8.8986504e-02
  -7.9225699e-02
  -6.9449366e-02
  -5.9673033e-02
  -4.9885004e-02
  -4.0096975e-02
  -3.0301087e-02
  -2.0505198e-02
  -1.0705291e-02
  -9.0538407e-04
   8.8947006e-03
   1.8694785e-02
   2.8491206e-02
   3.8287626e-02
   4.8076542e-02
   5.7865458e-02
   6.7643033e-02
   7.7420607e-02
   8.7183007e-02
   9.6945407e-02
   1.0668881e-01
   1.1643220e-01
   1.2615278e-01
   1.3587336e-01
   1.4556731e-01
   1.5526125e-01
   1.6492477e-01
   1.7458829e-01
   1.8421758e-01
   1.9384688e-01
   2.0343818e-01
   2.1302948e-01
   2.2257903e-01
   2.3212858e-01
   2.4163263e-01
   2.5113668e-01
   2.6059151e-01
   2.7004634e-01
   2.7944824e-01
   2.8885014e-01
   2.9819542e-01
   3.0754071e-01
   3.1682572e-01
   3.2611072e-01
   3.3533181e-01
   3.4455290e-01
   3.5370646e-01
   3.6286001e-01
   3.7194245e-01
   3.8102489e-01
   3.9003264e-01
   3.9904040e-01
   4.0796994e-01
   4.1689948e-01
   4.2574731e-01
   4.3459515e-01
   4.4335780e-01
   4.5212045e-01
   4.6079448e-01
   4.6946852e-01
   4.7805054e-01
   4.8663255e-01
   4.9511919e-01
   5.0360583e-01
   5.1199377e-01
   5.2038170e-01
   5.2866764e-01
   5.3695357e-01
   5.4513427e-01
   5.5331496e-01
   5.6138721e-01
   5.6945945e-01
   5.7742008e-01
   5.8538071e-01
   5.9322661e-01
   6.0107251e-01
   6.0880059e-01
   6.1652868e-01
   6.2413592e-01
   6.3174317e-01
   6.3922660e-01
   6.4671002e-01
   6.5406669e-01
   6.6142336e-01
   6.6865039e-01
   6.7587742e-01
   6.8297198e-01
   6.9006654e-01
   6.9702584e-01
   7.0398515e-01
   7.1080647e-01
   7.1762780e-01
   7.2430847e-01
   7.3098914e-01
   7.3752653e-01
   7.4406393e-01
   7.5045549e-01
   7.5684705e-01
   7.6309026e-01
   7.6933348e-01
   7.7542591e-01
   7.8151833e-01
   7.8745758e-01
   7.9339683e-01
   7.9918058e-01
   8.0496432e-01
   8.1059029e-01
   8.1621627e-01
   8.2168226e-01
   8.2714825e-01
   8.3245212e-01
   8.3775600e-01
   8.4289567e-01
   8.4803534e-01
   8.5300880e-01
   8.5798225e-01
   8.6278754e-01
   8.6759284e-01
   8.7222808e-01
   8.7686332e-01
   8.8132670e-01
   8.8579008e-01
   8.9007985e-01
   8.9436961e-01
   8.9848408e-01
   9.0259854e-01
   9.0653610e-01
   9.1047366e-01
   9.1423277e-01
   9.1799187e-01
   9.2157105e-01
   9.2515023e-01
   9.2854808e-01
   9.3194593e-01
   9.3516112e-01
   9.3837630e-01
   9.4140757e-01
   9.4443884e-01
   9.4728499e-01
   9.5013115e-01
   9.5279108e-01
   9.5545101e-01
   9.5792367e-01
   9.6039634e-01
   9.6268076e-01
   9.6496518e-01
   9.6706048e-01
   9.6915577e-01
   9.7106110e-01
   9.7296644e-01
   9.7468108e-01
   9.7639571e-01
   9.7791897e-01
   9.7944224e-01
   9.8077353e-01
   9.8210482e-01
   9.8324362e-01
   9.8438241e-01
   9.8532827e-01
   9.8627413e-01
   9.8702668e-01
   9.8777923e-01
   9.8833818e-01
   9.8889712e-01
   9.8926225e-01
   9.8962737e-01
   9.8979852e-01
   9.8996968e-01
   9.8994680e-01
   9.8992392e-01
   9.8970701e-01
   9.8949011e-01
   9.8907926e-01
   9.8866842e-01
   9.8806379e-01
   9.8745917e-01
   9.8666100e-01
   9.8586284e-01
   9.8487144e-01
   9.8388005e-01
   9.8269581e-01
   9.8151158e-01
   9.8013497e-01
   9.7875835e-01
   9.7718991e-01
   9.7562146e-01
   9.7386179e-01
   9.7210212e-01
   9.7015191e-01
   9.6820171e-01
   9.6606174e-01
   9.6392177e-01
   9.6159287e-01
   9.5926398e-01
   9.5674706e-01
   9.5423015e-01
   9.5152621e-01
   9.4882226e-01
   9.4593235e-01
   9.4304244e-01
   9.3996769e-01
   9.3689294e-01
   9.3363456e-01
   9.3037618e-01
   9.2693545e-01
   9.2349471e-01
   9.1987298e-01
   9.1625124e-01
   9.1244991e-01
   9.0864859e-01
   9.0466917e-01
   9.0068975e-01
   8.9653380e-01
   8.9237784e-01
   8.8804698e-01
   8.8371612e-01
   8.7921206e-01
   8.7470799e-01
   8.7003248e-01
   8.6535697e-01
   8.6051184e-01
   8.5566672e-01
   8.5065389e-01
   8.4564106e-01
   8.4046248e-01
   8.3528390e-01
   8.2994161e-01
   8.2459932e-01
   8.1909540e-01
   8.1359149e-01
   8.0792811e-01
   8.0226473e-01
   7.9644411e-01
   7.9062349e-01
   7.8464790e-01
   7.7867232e-01
   7.7254411e-01
   7.6641591e-01
   7.6013749e-01
   7.5385907e-01
   7.4743289e-01
   7.4100671e-01
   7.3443529e-01
   7.2786388e-01
   7.2114980e-01
   7.1443572e-01
   7.0758162e-01
   7.0072751e-01
   6.9373606e-01
   6.8674461e-01
   6.7961856e-01
   6.7249251e-01
   6.6523465e-01
   6.5797679e-01
   6.5058997e-01
   6.4320315e-01
   6.3569026e-01
   6.2817737e-01
   6.2054135e-01
   6.1290534e-01
   6.0514920e-01
   5.9739306e-01
   5.8951982e-01
   5.8164659e-01
   5.7365936e-01
   5.6567212e-01
   5.5757402e-01
   5.4947591e-01
   5.4127011e-01
   5.3306430e-01
   5.2475402e-01
   5.1644373e-01
   5.0803223e-01
   4.9962072e-01
   4.9111129e-01
   4.8260185e-01
   4.7399783e-01
   4.6539381e-01
   4.5669857e-01
   4.4800333e-01
   4.3922028e-01
   4.3043723e-01
   4.2156982e-01
   4.1270240e-01
   4.0375410e-01
   3.9480579e-01
   3.8578011e-01
   3.7675442e-01
   3.6765489e-01
   3.5855536e-01
   3.4938556e-01
   3.4021575e-01
   3.3097926e-01
   3.2174277e-01
   3.1244322e-01
   3.0314367e-01
   2.9378470e-01
   2.8442574e-01
   2.7501102e-01
   2.6559631e-01
   2.5612954e-01
   2.4666277e-01
   2.3714765e-01
   2.2763253e-01
   2.1807280e-01
   2.0851307e-01
   1.9891247e-01
   1.8931186e-01
   1.7967416e-01
   1.7003645e-01
   1.6036542e-01
   1.5069438e-01
   1.4099381e-01
   1.3129324e-01
   1.2156694e-01
   1.1184064e-01
   1.0209241e-01
   9.2344190e-02
   8.2577866e-02
   7.2811543e-02
   6.3030948e-02
   5.3250353e-02
   4.3459322e-02
   3.3668290e-02
   2.3870660e-02
   1.4073029e-02
   4.2726399e-03
  -5.5277490e-03
  -1.5327055e-02
  -2.5126360e-02
  -3.4920741e-02
  -4.4715122e-02
  -5.4500738e-02
  -6.4286355e-02
  -7.4059371e-02
  -8.3832388e-02
  -9.3588973e-02
  -1.0334556e-01
  -1.1308189e-01
  -1.2281822e-01
  -1.3253047e-01
  -1.4224273e-01
  -1.5192711e-01
  -1.6161149e-01
  -1.7126419e-01
  -1.8091689e-01
  -1.9053413e-01
  -2.0015137e-01
  -2.0972939e-01
  -2.1930740e-01
  -2.2884243e-01
  -2.3837746e-01
  -2.4786576e-01
  -2.5735407e-01
  -2.6679193e-01
  -2.7622980e-01
  -2.8561352e-01
  -2.9499725e-01
  -3.0432315e-01
  -3.1364905e-01
  -3.2291348e-01
  -3.3217791e-01
  -3.4137723e-01
  -3.5057656e-01
  -3.5970717e-01
  -3.6883777e-01
  -3.7789609e-01
  -3.8695441e-01
  -3.9593688e-01
  -4.0491936e-01
  -4.1382247e-01
  -4.2272558e-01
  -4.3154583e-01
  -4.4036609e-01
  -4.4910003e-01
  -4.5783397e-01
  -4.6647818e-01
  -4.7512239e-01
  -4.8367348e-01
  -4.9222456e-01
  -5.0067917e-01
  -5.0913378e-01
  -5.1748859e-01
  -5.2584341e-01
  -5.3409517e-01
  -5.4234692e-01
  -5.5049237e-01
  -5.5863782e-01
  -5.6667378e-01
  -5.7470974e-01
  -5.8263306e-01
  -5.9055638e-01
  -5.9836394e-01
  -6.0617151e-01
  -6.1386027e-01
  -6.2154903e-01
  -6.2911596e-01
  -6.3668290e-01
  -6.4412504e-01
  -6.5156719e-01
  -6.5888162e-01
  -6.6619606e-01
  -6.7337992e-01
  -6.8056379e-01
  -6.8761426e-01
  -6.9466473e-01
  -7.0157905e-01
  -7.0849337e-01
  -7.1526882e-01
  -7.2204427e-01
  -7.2867821e-01
  -7.3531214e-01
  -7.4180195e-01
  -7.4829176e-01
  -7.5463491e-01
  -7.6097806e-01
  -7.6717205e-01
  -7.7336604e-01
  -7.7940846e-01
  -7.8545087e-01
  -7.9133934e-01
  -7.9722781e-01
  -8.0296002e-01
  -8.0869223e-01
  -8.1426593e-01
  -8.1983964e-01
  -8.2525266e-01
  -8.3066568e-01
  -8.3591588e-01
  -8.4116609e-01
  -8.4625143e-01
  -8.5133677e-01
  -8.5625524e-01
  -8.6117372e-01
  -8.6592341e-01
  -8.7067309e-01
  -8.7525213e-01
  -8.7983116e-01
  -8.8423775e-01
  -8.8864434e-01
  -8.9287675e-01
  -8.9710917e-01
  -9.0116575e-01
  -9.0522233e-01
  -9.0910148e-01
  -9.1298064e-01
  -9.1668085e-01
  -9.2038106e-01
  -9.2390088e-01
  -9.2742070e-01
  -9.3075874e-01
  -9.3409678e-01
  -9.3725175e-01
  -9.4040671e-01
  -9.4337735e-01
  -9.4634799e-01
  -9.4913314e-01
  -9.5191830e-01
  -9.5451688e-01
  -9.5711546e-01
  -9.5952644e-01
  -9.6193743e-01
  -9.6415988e-01
  -9.6638232e-01
  -9.6841536e-01
  -9.7044839e-01
  -9.7229122e-01
  -9.7413405e-01
  -9.7578594e-01
  -9.7743784e-01
  -9.7889816e-01
  -9.8035848e-01
  -9.8162665e-01
  -9.8289482e-01
  -9.8397034e-01
  -9.8504586e-01
  -9.8592831e-01
  -9.8681076e-01
  -9.8749980e-01
  -9.8818884e-01
  -9.8868419e-01
  -9.8917954e-01
  -9.8948102e-01
  -9.8978249e-01
  -9.8988997e-01
  -9.8999744e-01
  -9.8991088e-01
  -9.8982431e-01
  -9.8954374e-01
  -9.8926318e-01
  -9.8878871e-01
  -9.8831425e-01
  -9.8764607e-01
  -9.8697790e-01
  -9.8611628e-01
  -9.8525465e-01
  -9.8419992e-01
  -9.8314519e-01
  -9.8189776e-01
  -9.8065033e-01
  -9.7921070e-01
  -9.7777106e-01
  -9.7613978e-01
  -9.7450850e-01
  -9.7268622e-01
  -9.7086394e-01
  -9.6885137e-01
  -9.6683879e-01
  -9.6463672e-01
  -9.6243465e-01
  -9.6004394e-01
  -9.5765323e-01
  -9.5507482e-01
  -9.5249641e-01
  -9.4973131e-01
  -9.4696621e-01
  -9.4401551e-01
  -9.4106480e-01
  -9.3792965e-01
  -9.3479450e-01
  -9.3147613e-01
  -9.2815775e-01
  -9.2465746e-01
  -9.2115717e-01
  -9.1747633e-01
  -9.1379549e-01
  -9.0993555e-01
  -9.0607561e-01
  -9.0203808e-01
  -8.9800054e-01
  -8.9378700e-01
  -8.8957346e-01
  -8.8518556e-01
  -8.8079766e-01
  -8.7623713e-01
  -8.7167660e-01
  -8.6694521e-01
  -8.6221383e-01
  -8.5731345e-01
  -8.5241308e-01
  -8.4734563e-01
  -8.4227818e-01
  -8.3704564e-01
  -8.3181311e-01
  -8.2641754e-01
  -8.2102196e-01
  -8.1546547e-01
  -8.0990898e-01
  -8.0419375e-01
  -7.9847851e-01
  -7.9260678e-01
  -7.8673504e-01
  -7.8070911e-01
  -7.7468317e-01
  -7.6850540e-01
  -7.6232762e-01
  -7.5600043e-01
  -7.4967324e-01
  -7.4319912e-01
  -7.3672499e-01
  -7.3010647e-01
  -7.2348794e-01
  -7.1672762e-01
  -7.0996729e-01
  -7.0306781e-01
  -6.9616833e-01
  -6.8913240e-01
  -6.8209647e-01
  -6.7492685e-01
  -6.6775722e-01
  -6.6045672e-01
  -6.5315622e-01
  -6.4572770e-01
  -6.3829918e-01
  -6.3074555e-01
  -6.2319193e-01
  -6.1551616e-01
  -6.0784038e-01
  -6.0004547e-01
  -5.9225057e-01
  -5.8433958e-01
  -5.7642859e-01
  -5.6840462e-01
  -5.6038064e-01
  -5.5224684e-01
  -5.4411304e-01
  -5.3587258e-01
  -5.2763213e-01
  -5.1928827e-01
  -5.1094440e-01
  -5.0250039e-01
  -4.9405638e-01
  -4.8551553e-01
  -4.7697468e-01
  -4.6834035e-01
  -4.5970601e-01
  -4.5098158e-01
  -4.4225714e-01
  -4.3344602e-01
  -4.2463490e-01
  -4.1574056e-01
  -4.0684621e-01
  -3.9787212e-01
  -3.8889803e-01
  -3.7984772e-01
  -3.7079741e-01
  -3.6167442e-01
  -3.5255143e-01
  -3.4335934e-01
  -3.3416725e-01
  -3.2490966e-01
  -3.1565208e-01
  -3.0633262e-01
  -2.9701317e-01
  -2.8763550e-01
  -2.7825783e-01
  -2.6882562e-01
  -2.5939342e-01
  -2.4991037e-01
  -2.4042732e-01
  -2.3089715e-01
  -2.2136698e-01
  -2.1179342e-01
  -2.0221986e-01
  -1.9260666e-01
  -1.8299347e-01
  -1.7334440e-01
  -1.6369534e-01
  -1.5401420e-01
  -1.4433305e-01
  -1.3462361e-01
  -1.2491418e-01
  -1.1518026e-01
  -1.0544634e-01
  -9.5691757e-02
  -8.5937171e-02
  -7.6165741e-02
  -6.6394311e-02
  -5.6609868e-02
  -4.6825425e-02
  -3.7031805e-02
  -2.7238184e-02
  -1.7439224e-02
  -7.6402651e-03
   2.1601918e-03
   1.1960649e-02
   2.1758761e-02
   3.1556874e-02
   4.1348801e-02
   5.1140729e-02
   6.0922633e-02
   7.0704537e-02
   8.0472582e-02
   9.0240628e-02
   9.9990987e-02
   1.0974135e-01
   1.1947019e-01
   1.2919904e-01
   1.3890257e-01
   1.4860610e-01
   1.5828050e-01
   1.6795490e-01
   1.7759638e-01
   1.8723786e-01
   1.9684264e-01
   2.0644742e-01
   2.1601174e-01
   2.2557606e-01
   2.3509616e-01
   2.4461627e-01
   2.5408843e-01
   2.6356059e-01
   2.7298109e-01
   2.8240159e-01
   2.9176674e-01
   3.0113190e-01
   3.1043803e-01
   3.1974416e-01
   3.2898762e-01
   3.3823108e-01
   3.4740824e-01
   3.5658541e-01
   3.6569269e-01
   3.7479996e-01
   3.8383378e-01
   3.9286759e-01
   4.0182440e-01
   4.1078122e-01
   4.1965752e-01
   4.2853382e-01
   4.3732613e-01
   4.4611843e-01
   4.5482330e-01
   4.6352817e-01
   4.7214219e-01
   4.8075620e-01
   4.8927599e-01
   4.9779578e-01
   5.0621800e-01
   5.1464022e-01
   5.2296157e-01
   5.3128292e-01
   5.3950014e-01
   5.4771736e-01
   5.5582723e-01
   5.6393710e-01
   5.7193643e-01
   5.7993577e-01
   5.8782143e-01
   5.9570710e-01
   6.0347601e-01
   6.1124492e-01
   6.1889403e-01
   6.2654313e-01
   6.3406943e-01
   6.4159574e-01
   6.4899629e-01
   6.5639684e-01
   6.6366873e-01
   6.7094063e-01
   6.7808102e-01
   6.8522141e-01
   6.9222750e-01
   6.9923359e-01
   7.0610263e-01
   7.1297167e-01
   7.1970096e-01
   7.2643026e-01
   7.3301718e-01
   7.3960409e-01
   7.4604605e-01
   7.5248800e-01
   7.5878247e-01
   7.6507693e-01
   7.7122144e-01
   7.7736595e-01
   7.8335810e-01
   7.8935025e-01
   7.9518768e-01
   8.0102512e-01
   8.0670555e-01
   8.1238598e-01
   8.1790719e-01
   8.2342840e-01
   8.2878821e-01
   8.3414802e-01
   8.3934434e-01
   8.4454067e-01
   8.4957146e-01
   8.5460225e-01
   8.5946554e-01
   8.6432883e-01
   8.6902271e-01
   8.7371659e-01
   8.7823922e-01
   8.8276185e-01
   8.8711146e-01
   8.9146107e-01
   8.9563596e-01
   8.9981084e-01
   9.0380936e-01
   9.0780788e-01
   9.1162847e-01
   9.1544907e-01
   9.1909023e-01
   9.2273139e-01
   9.2619170e-01
   9.2965201e-01
   9.3293010e-01
   9.3620820e-01
   9.3930280e-01
   9.4239740e-01
   9.4530729e-01
   9.4821717e-01
   9.5094121e-01
   9.5366525e-01
   9.5620237e-01
   9.5873949e-01
   9.6108870e-01
   9.6343791e-01
   9.6559828e-01
   9.6775865e-01
   9.6972935e-01
   9.7170004e-01
   9.7348028e-01
   9.7526052e-01
   9.7684961e-01
   9.7843870e-01
   9.7983601e-01
   9.8123332e-01
   9.8243832e-01
   9.8364331e-01
   9.8465551e-01
   9.8566771e-01
   9.8648672e-01
   9.8730572e-01
   9.8793122e-01
   9.8855672e-01
   9.8898845e-01
   9.8942019e-01
   9.8965801e-01
   9.8989582e-01
   9.8993961e-01
   9.8998340e-01
   9.8983316e-01
   9.8968292e-01
   9.8933869e-01
   9.8899447e-01
   9.8845641e-01
   9.8791834e-01
   9.8718665e-01
   9.8645495e-01
   9.8552991e-01
   9.8460487e-01
   9.8348684e-01
   9.8236882e-01
   9.8105825e-01
   9.7974768e-01
   9.7824508e-01
   9.7674248e-01
   9.7504844e-01
   9.7335440e-01
   9.7146958e-01
   9.6958476e-01
   9.6750991e-01
   9.6543505e-01
   9.6317097e-01
   9.6090689e-01
   9.5845447e-01
   9.5600205e-01
   9.5336225e-01
   9.5072245e-01
   9.4789632e-01
   9.4507018e-01
   9.4205881e-01
   9.3904743e-01
   9.3585201e-01
   9.3265658e-01
   9.2927836e-01
   9.2590013e-01
   9.2234043e-01
   9.1878073e-01
   9.1504095e-01
   9.1130116e-01
   9.0738277e-01
   9.0346437e-01
   8.9936889e-01
   8.9527341e-01
   8.9100246e-01
   8.8673151e-01
   8.8228676e-01
   8.7784201e-01
   8.7322520e-01
   8.6860840e-01
   8.6382134e-01
   8.5903429e-01
   8.5407886e-01
   8.4912344e-01
   8.4400159e-01
   8.3887973e-01
   8.3359346e-01
   8.2830718e-01
   8.2285856e-01
   8.1740994e-01
   8.1180111e-01
   8.0619227e-01
   8.0042542e-01
   7.9465858e-01
   7.8873598e-01
   7.8281337e-01
   7.7673734e-01
   7.7066131e-01
   7.6443423e-01
   7.5820715e-01
   7.5183146e-01
   7.4545576e-01
   7.3893396e-01
   7.3241216e-01
   7.2574681e-01
   7.1908146e-01
   7.1227517e-01
   7.0546887e-01
   6.9852431e-01
   6.9157974e-01
   6.8449963e-01
   6.7741952e-01
   6.7020663e-01
   6.6299374e-01
   6.5565090e-01
   6.4830807e-01
   6.4083816e-01
   6.3336826e-01
   6.2577422e-01
   6.1818017e-01
   6.1046497e-01
   6.0274976e-01
   5.9491641e-01
   5.8708307e-01
   5.7913465e-01
   5.7118624e-01
   5.6312587e-01
   5.5506550e-01
   5.4689635e-01
   5.3872719e-01
   5.3045244e-01
   5.2217769e-01
   5.1380059e-01
   5.0542349e-01
   4.9694733e-01
   4.8847117e-01
   4.7989927e-01
   4.7132737e-01
   4.6266309e-01
   4.5399881e-01
   4.4524554e-01
   4.3649228e-01
   4.2765346e-01
   4.1881465e-01
   4.0989374e-01
   4.0097284e-01
   3.9197334e-01
   3.8297385e-01
   3.7389929e-01
   3.6482473e-01
   3.5567867e-01
   3.4653260e-01
   3.3731862e-01
   3.2810464e-01
   3.1882634e-01
   3.0954805e-01
   3.0020909e-01
   2.9087012e-01
   2.8147415e-01
   2.7207817e-01
   2.6262887e-01
   2.5317957e-01
   2.4368064e-01
   2.3418172e-01
   2.2463690e-01
   2.1509207e-01
   2.0550509e-01
   1.9591810e-01
   1.8629272e-01
   1.7666734e-01
   1.6700733e-01
   1.5734732e-01
   1.4765647e-01
   1.3796562e-01
   1.2824773e-01
   1.1852984e-01
   1.0878872e-01
   9.9047595e-02
   8.9287059e-02
   7.9526523e-02
   6.9750399e-02
   5.9974276e-02
   5.0186398e-02
   4.0398520e-02
   3.0602724e-02
   2.0806927e-02
   1.1007053e-02
   1.2071786e-03
  -8.5929324e-03
  -1.8393043e-02
  -2.8189549e-02
  -3.7986055e-02
  -4.7775116e-02
  -5.7564177e-02
  -6.7341955e-02
  -7.7119733e-02
  -8.6882396e-02
  -9.6645058e-02
  -1.0638878e-01
  -1.1613250e-01
  -1.2585346e-01
  -1.3557442e-01
  -1.4526880e-01
  -1.5496319e-01
  -1.6462720e-01
  -1.7429121e-01
  -1.8392106e-01
  -1.9355092e-01
  -2.0314283e-01
  -2.1273475e-01
  -2.2228497e-01
  -2.3183519e-01
  -2.4133997e-01
  -2.5084475e-01
  -2.6030036e-01
  -2.6975598e-01
  -2.7915872e-01
  -2.8856146e-01
  -2.9790765e-01
  -3.0725383e-01
  -3.1653979e-01
  -3.2582576e-01
  -3.3504786e-01
  -3.4426996e-01
  -3.5342458e-01
  -3.6257920e-01
  -3.7166276e-01
  -3.8074632e-01
  -3.8975525e-01
  -3.9876419e-01
  -4.0769496e-01
  -4.1662573e-01
  -4.2547485e-01
  -4.3432397e-01
  -4.4308795e-01
  -4.5185194e-01
  -4.6052737e-01
  -4.6920279e-01
  -4.7778625e-01
  -4.8636971e-01
  -4.9485785e-01
  -5.0334598e-01
  -5.1173546e-01
  -5.2012493e-01
  -5.2841247e-01
  -5.3670000e-01
  -5.4488234e-01
  -5.5306468e-01
  -5.6113862e-01
  -5.6921256e-01
  -5.7717493e-01
  -5.8513730e-01
  -5.9298499e-01
  -6.0083267e-01
  -6.0856260e-01
  -6.1629252e-01
  -6.2390165e-01
  -6.3151078e-01
  -6.3899613e-01
  -6.4648149e-01
  -6.5384013e-01
  -6.6119877e-01
  -6.6842782e-01
  -6.7565687e-01
  -6.8275349e-01
  -6.8985011e-01
  -6.9681152e-01
  -7.0377293e-01
  -7.1059640e-01
  -7.1741986e-01
  -7.2410272e-01
  -7.3078557e-01
  -7.3732520e-01
  -7.4386482e-01
  -7.5025864e-01
  -7.5665246e-01
  -7.6289798e-01
  -7.6914350e-01
  -7.7523827e-01
  -7.8133304e-01
  -7.8727466e-01
  -7.9321629e-01
  -7.9900245e-01
  -8.0478860e-01
  -8.1041702e-01
  -8.1604544e-01
  -8.2151391e-01
  -8.2698238e-01
  -8.3228877e-01
  -8.3759515e-01
  -8.4273736e-01
  -8.4787958e-01
  -8.5285561e-01
  -8.5783164e-01
  -8.6263954e-01
  -8.6744743e-01
  -8.7208531e-01
  -8.7672319e-01
  -8.8118922e-01
  -8.8565526e-01
  -8.8994771e-01
  -8.9424016e-01
  -8.9835734e-01
  -9.0247452e-01
  -9.0641481e-01
  -9.1035511e-01
  -9.1411697e-01
  -9.1787884e-01
  -9.2146080e-01
  -9.2504276e-01
  -9.2844341e-01
  -9.3184406e-01
  -9.3506207e-01
  -9.3828008e-01
  -9.4131419e-01
  -9.4434829e-01
  -9.4719731e-01
  -9.5004632e-01
  -9.5270913e-01
  -9.5537194e-01
  -9.5784749e-01
  -9.6032304e-01
  -9.6261037e-01
  -9.6489770e-01
  -9.6699591e-01
  -9.6909412e-01
  -9.7100239e-01
  -9.7291066e-01
  -9.7462823e-01
  -9.7634581e-01
  -9.7787202e-01
  -9.7939824e-01
  -9.8073249e-01
  -9.8206674e-01
  -9.8320850e-01
  -9.8435027e-01
  -9.8529910e-01
  -9.8624794e-01
  -9.8700347e-01
  -9.8775899e-01
  -9.8832092e-01
  -9.8888285e-01
  -9.8925096e-01
  -9.8961906e-01
  -9.8979321e-01
  -9.8996735e-01
  -9.8994745e-01
  -9.8992756e-01
  -9.8971364e-01
  -9.8949973e-01
  -9.8909187e-01
  -9.8868401e-01
  -9.8808237e-01
  -9.8748072e-01
  -9.8668554e-01
  -9.8589035e-01
  -9.8490192e-01
  -9.8391350e-01
  -9.8273223e-01
  -9.8155096e-01
  -9.8017731e-01
  -9.7880366e-01
  -9.7723816e-01
  -9.7567266e-01
  -9.7391593e-01
  -9.7215920e-01
  -9.7021192e-01
  -9.6826465e-01
  -9.6612759e-01
  -9.6399054e-01
  -9.6166454e-01
  -9.5933855e-01
  -9.5682452e-01
  -9.5431049e-01
  -9.5160942e-01
  -9.4890835e-01
  -9.4602129e-01
  -9.4313424e-01
  -9.4006232e-01
  -9.3699041e-01
  -9.3373485e-01
  -9.3047929e-01
  -9.2704135e-01
  -9.2360342e-01
  -9.1998445e-01
  -9.1636549e-01
  -9.1256692e-01
  -9.0876835e-01
  -9.0479166e-01
  -9.0081498e-01
  -8.9666173e-01
  -8.9250848e-01
  -8.8818030e-01
  -8.8385212e-01
  -8.7935071e-01
  -8.7484929e-01
  -8.7017641e-01
  -8.6550352e-01
  -8.6066100e-01
  -8.5581847e-01
  -8.5080821e-01
  -8.4579794e-01
  -8.4062190e-01
  -8.3544586e-01
  -8.3010607e-01
  -8.2476629e-01
  -8.1926484e-01
  -8.1376340e-01
  -8.0810246e-01
  -8.0244152e-01
  -7.9662330e-01
  -7.9080509e-01
  -7.8483187e-01
  -7.7885865e-01
  -7.7273278e-01
  -7.6660691e-01
  -7.6033078e-01
  -7.5405465e-01
  -7.4763073e-01
  -7.4120681e-01
  -7.3463761e-01
  -7.2806841e-01
  -7.2135651e-01
  -7.1464461e-01
  -7.0779264e-01
  -7.0094067e-01
  -6.9395131e-01
  -6.8696196e-01
  -6.7983796e-01
  -6.7271396e-01
  -6.6545811e-01
  -6.5820226e-01
  -6.5081740e-01
  -6.4343254e-01
  -6.3592157e-01
  -6.2841060e-01
  -6.2077646e-01
  -6.1314232e-01
  -6.0538800e-01
  -5.9763368e-01
  -5.8976223e-01
  -5.8189078e-01
  -5.7390528e-01
  -5.6591977e-01
  -5.5782335e-01
  -5.4972693e-01
  -5.4152276e-01
  -5.3331859e-01
  -5.2500989e-01
  -5.1670119e-01
  -5.0829121e-01
  -4.9988124e-01
  -4.9137329e-01
  -4.8286534e-01
  -4.7426275e-01
  -4.6566016e-01
  -4.5696629e-01
  -4.4827243e-01
  -4.3949071e-01
  -4.3070899e-01
  -4.2184285e-01
  -4.1297670e-01
  -4.0402962e-01
  -3.9508253e-01
  -3.8605801e-01
  -3.7703349e-01
  -3.6793507e-01
  -3.5883665e-01
  -3.4966790e-01
  -3.4049915e-01
  -3.3126366e-01
  -3.2202817e-01
  -3.1272956e-01
  -3.0343095e-01
  -2.9407288e-01
  -2.8471480e-01
  -2.7530091e-01
  -2.6588703e-01
  -2.5642103e-01
  -2.4695503e-01
  -2.3744063e-01
  -2.2792623e-01
  -2.1836716e-01
  -2.0880808e-01
  -1.9920808e-01
  -1.8960808e-01
  -1.7997092e-01
  -1.7033375e-01
  -1.6066320e-01
  -1.5099265e-01
  -1.4129251e-01
  -1.3159237e-01
  -1.2186643e-01
  -1.1214050e-01
  -1.0239258e-01
  -9.2644664e-02
  -8.2878590e-02
  -7.3112517e-02
  -6.3332113e-02
  -5.3551709e-02
  -4.3760809e-02
  -3.3969909e-02
  -2.4172351e-02
  -1.4374792e-02
  -4.5744168e-03
   5.2259588e-03
   1.5025310e-02
   2.4824661e-02
   3.4619147e-02
   4.4413633e-02
   5.4199413e-02
   6.3985194e-02
   7.3758433e-02
   8.3531673e-02
   9.3288540e-02
   1.0304541e-01
   1.1278208e-01
   1.2251875e-01
   1.3223141e-01
   1.4194406e-01
   1.5162890e-01
   1.6131373e-01
   1.7096695e-01
   1.8062017e-01
   1.9023799e-01
   1.9985580e-01
   2.0943445e-01
   2.1901309e-01
   2.2854881e-01
   2.3808453e-01
   2.4757358e-01
   2.5706264e-01
   2.6650131e-01
   2.7593998e-01
   2.8532456e-01
   2.9470915e-01
   3.0403597e-01
   3.1336279e-01
   3.2262819e-01
   3.3189360e-01
   3.4109395e-01
   3.5029430e-01
   3.5942600e-01
   3.6855769e-01
   3.7761715e-01
   3.8667660e-01
   3.9566027e-01
   4.0464394e-01
   4.1354830e-01
   4.2245266e-01
   4.3127421e-01
   4.4009577e-01
   4.4883107e-01
   4.5756637e-01
   4.6621199e-01
   4.7485760e-01
   4.8341014e-01
   4.9196269e-01
   5.0041881e-01
   5.0887493e-01
   5.1723131e-01
   5.2558769e-01
   5.3384105e-01
   5.4209441e-01
   5.5024153e-01
   5.5838864e-01
   5.6642631e-01
   5.7446398e-01
   5.8238905e-01
   5.9031413e-01
   5.9812350e-01
   6.0593288e-01
   6.1362349e-01
   6.2131410e-01
   6.2888293e-01
   6.3645176e-01
   6.4389585e-01
   6.5133994e-01
   6.5865636e-01
   6.6597279e-01
   6.7315868e-01
   6.8034458e-01
   6.8739713e-01
   6.9444967e-01
   7.0136611e-01
   7.0828254e-01
   7.1506015e-01
   7.2183777e-01
   7.2847390e-01
   7.3511003e-01
   7.4160208e-01
   7.4809413e-01
   7.5443955e-01
   7.6078498e-01
   7.6698129e-01
   7.7317760e-01
   7.7922236e-01
   7.8526713e-01
   7.9115798e-01
   7.9704884e-01
   8.0278347e-01
   8.0851811e-01
   8.1409427e-01
   8.1967043e-01
   8.2508594e-01
   8.3050145e-01
   8.3575418e-01
   8.4100691e-01
   8.4609480e-01
   8.5118269e-01
   8.5610375e-01
   8.6102481e-01
   8.6577711e-01
   8.7052941e-01
   8.7511109e-01
   8.7969276e-01
   8.8410202e-01
   8.8851128e-01
   8.9274638e-01
   8.9698149e-01
   9.0104079e-01
   9.0510009e-01
   9.0898199e-01
   9.1286389e-01
   9.1656687e-01
   9.2026985e-01
   9.2379245e-01
   9.2731506e-01
   9.3065591e-01
   9.3399676e-01
   9.3715455e-01
   9.4031234e-01
   9.4328583e-01
   9.4625932e-01
   9.4904734e-01
   9.5183536e-01
   9.5443682e-01
   9.5703828e-01
   9.5945216e-01
   9.6186604e-01
   9.6409140e-01
   9.6631675e-01
   9.6835271e-01
   9.7038867e-01
   9.7223443e-01
   9.7408019e-01
   9.7573503e-01
   9.7738987e-01
   9.7885315e-01
   9.8031642e-01
   9.8158755e-01
   9.8285868e-01
   9.8393717e-01
   9.8501566e-01
   9.8590109e-01
   9.8678652e-01
   9.8747854e-01
   9.8817056e-01
   9.8866889e-01
   9.8916723e-01
   9.8947169e-01
   9.8977615e-01
   9.8988661e-01
   9.8999707e-01
   9.8991350e-01
   9.8982992e-01
   9.8955234e-01
   9.8927476e-01
   9.8880327e-01
   9.8833179e-01
   9.8766660e-01
   9.8700141e-01
   9.8614276e-01
   9.8528412e-01
   9.8423235e-01
   9.8318059e-01
   9.8193613e-01
   9.8069166e-01
   9.7925498e-01
   9.7781830e-01
   9.7618997e-01
   9.7456163e-01
   9.7274229e-01
   9.7092294e-01
   9.6891329e-01
   9.6690364e-01
   9.6470448e-01
   9.6250532e-01
   9.6011751e-01
   9.5772970e-01
   9.5515417e-01
   9.5257864e-01
   9.4981641e-01
   9.4705418e-01
   9.4410632e-01
   9.4115847e-01
   9.3802615e-01
   9.3489382e-01
   9.3157826e-01
   9.2826270e-01
   9.2476520e-01
   9.2126770e-01
   9.1758963e-01
   9.1391156e-01
   9.1005437e-01
   9.0619717e-01
   9.0216236e-01
   8.9812755e-01
   8.9391670e-01
   8.8970586e-01
   8.8532063e-01
   8.8093541e-01
   8.7637752e-01
   8.7181963e-01
   8.6709086e-01
   8.6236210e-01
   8.5746431e-01
   8.5256652e-01
   8.4750163e-01
   8.4243674e-01
   8.3720673e-01
   8.3197672e-01
   8.2658364e-01
   8.2119056e-01
   8.1563653e-01
   8.1008250e-01
   8.0436969e-01
   7.9865689e-01
   7.9278754e-01
   7.8691820e-01
   7.8089462e-01
   7.7487104e-01
   7.6869559e-01
   7.6252013e-01
   7.5619523e-01
   7.4987032e-01
   7.4339844e-01
   7.3692655e-01
   7.3031023e-01
   7.2369391e-01
   7.1693575e-01
   7.1017759e-01
   7.0328023e-01
   6.9638287e-01
   6.8934902e-01
   6.8231517e-01
   6.7514758e-01
   6.6798000e-01
   6.6068149e-01
   6.5338298e-01
   6.4595641e-01
   6.3852984e-01
   6.3097812e-01
   6.2342640e-01
   6.1575248e-01
   6.0807857e-01
   6.0028547e-01
   5.9249237e-01
   5.8458315e-01
   5.7667392e-01
   5.6865167e-01
   5.6062941e-01
   5.5249727e-01
   5.4436514e-01
   5.3612630e-01
   5.2788747e-01
   5.1954517e-01
   5.1120287e-01
   5.0276038e-01
   4.9431788e-01
   4.8577850e-01
   4.7723912e-01
   4.6860620e-01
   4.5997328e-01
   4.5125020e-01
   4.4252713e-01
   4.3371732e-01
   4.2490751e-01
   4.1601442e-01
   4.0712132e-01
   3.9814844e-01
   3.8917555e-01
   3.8012638e-01
   3.7107722e-01
   3.6195532e-01
   3.5283342e-01
   3.4364237e-01
   3.3445131e-01
   3.2519471e-01
   3.1593810e-01
   3.0661958e-01
   2.9730105e-01
   2.8792425e-01
   2.7854745e-01
   2.6911605e-01
   2.5968466e-01
   2.5020236e-01
   2.4072007e-01
   2.3119059e-01
   2.2166112e-01
   2.1208820e-01
   2.0251528e-01
   1.9290266e-01
   1.8329005e-01
   1.7364151e-01
   1.6399298e-01
   1.5431229e-01
   1.4463161e-01
   1.3492258e-01
   1.2521356e-01
   1.1547999e-01
   1.0574642e-01
   9.5992119e-02
   8.6237822e-02
   7.6466623e-02
   6.6695423e-02
   5.6911152e-02
   4.7126880e-02
   3.7333372e-02
   2.7539863e-02
   1.7740957e-02
   7.9420504e-03
  -1.8584125e-03
  -1.1658875e-02
  -2.1457053e-02
  -3.1255231e-02
  -4.1047283e-02
  -5.0839335e-02
  -6.0621422e-02
  -7.0403509e-02
  -8.0171798e-02
  -8.9940086e-02
  -9.9690746e-02
  -1.0944141e-01
  -1.1917062e-01
  -1.2889982e-01
  -1.3860377e-01
  -1.4830771e-01
  -1.5798259e-01
  -1.6765747e-01
  -1.7729948e-01
  -1.8694150e-01
  -1.9654688e-01
  -2.0615225e-01
  -2.1571722e-01
  -2.2528219e-01
  -2.3480300e-01
  -2.4432382e-01
  -2.5379674e-01
  -2.6326967e-01
  -2.7269100e-01
  -2.8211232e-01
  -2.9147836e-01
  -3.0084439e-01
  -3.1015145e-01
  -3.1945852e-01
  -3.2870297e-01
  -3.3794742e-01
  -3.4712564e-01
  -3.5630385e-01
  -3.6541223e-01
  -3.7452061e-01
  -3.8355559e-01
  -3.9259056e-01
  -4.0154858e-01
  -4.1050661e-01
  -4.1938418e-01
  -4.2826174e-01
  -4.3705537e-01
  -4.4584900e-01
  -4.5455524e-01
  -4.6326148e-01
  -4.7187692e-01
  -4.8049236e-01
  -4.8901362e-01
  -4.9753489e-01
  -5.0595864e-01
  -5.1438238e-01
  -5.2270531e-01
  -5.3102824e-01
  -5.3924709e-01
  -5.4746594e-01
  -5.5557748e-01
  -5.6368903e-01
  -5.7169009e-01
  -5.7969115e-01
  -5.8757859e-01
  -5.9546603e-01
  -6.0323676e-01
  -6.1100749e-01
  -6.1865846e-01
  -6.2630944e-01
  -6.3383765e-01
  -6.4136587e-01
  -6.4876838e-01
  -6.5617089e-01
  -6.6344478e-01
  -6.7071868e-01
  -6.7786112e-01
  -6.8500356e-01
  -6.9201174e-01
  -6.9901991e-01
  -7.0589108e-01
  -7.1276225e-01
  -7.1949372e-01
  -7.2622519e-01
  -7.3281432e-01
  -7.3940344e-01
  -7.4584765e-01
  -7.5229185e-01
  -7.5858861e-01
  -7.6488537e-01
  -7.7103220e-01
  -7.7717904e-01
  -7.8317355e-01
  -7.8916806e-01
  -7.9500790e-01
  -8.0084773e-01
  -8.0653060e-01
  -8.1221347e-01
  -8.1773714e-01
  -8.2326082e-01
  -8.2862313e-01
  -8.3398545e-01
  -8.3918430e-01
  -8.4438315e-01
  -8.4941651e-01
  -8.5444986e-01
  -8.5931574e-01
  -8.6418163e-01
  -8.6887813e-01
  -8.7357463e-01
  -8.7809992e-01
  -8.8262520e-01
  -8.8697749e-01
  -8.9132977e-01
  -8.9550736e-01
  -8.9968495e-01
  -9.0368620e-01
  -9.0768744e-01
  -9.1151079e-01
  -9.1533413e-01
  -9.1897807e-01
  -9.2262200e-01
  -9.2608510e-01
  -9.2954821e-01
  -9.3282912e-01
  -9.3611003e-01
  -9.3920746e-01
  -9.4230490e-01
  -9.4521764e-01
  -9.4813038e-01
  -9.5085729e-01
  -9.5358420e-01
  -9.5612420e-01
  -9.5866421e-01
  -9.6101632e-01
  -9.6336843e-01
  -9.6553171e-01
  -9.6769500e-01
  -9.6966862e-01
  -9.7164224e-01
  -9.7342542e-01
  -9.7520859e-01
  -9.7680063e-01
  -9.7839267e-01
  -9.7979294e-01
  -9.8119321e-01
  -9.8240117e-01
  -9.8360913e-01
  -9.8462430e-01
  -9.8563947e-01
  -9.8646145e-01
  -9.8728344e-01
  -9.8791191e-01
  -9.8854039e-01
  -9.8897511e-01
  -9.8940984e-01
  -9.8965064e-01
  -9.8989144e-01
  -9.8993822e-01
  -9.8998500e-01
  -9.8983774e-01
  -9.8969048e-01
  -9.8934925e-01
  -9.8900801e-01
  -9.8847293e-01
  -9.8793785e-01
  -9.8720913e-01
  -9.8648041e-01
  -9.8555835e-01
  -9.8463628e-01
  -9.8352122e-01
  -9.8240617e-01
  -9.8109856e-01
  -9.7979095e-01
  -9.7829130e-01
  -9.7679166e-01
  -9.7510056e-01
  -9.7340946e-01
  -9.7152757e-01
  -9.6964569e-01
  -9.6757375e-01
  -9.6550181e-01
  -9.6324064e-01
  -9.6097946e-01
  -9.5852994e-01
  -9.5608041e-01
  -9.5344349e-01
  -9.5080657e-01
  -9.4798329e-01
  -9.4516002e-01
  -9.4215149e-01
  -9.3914296e-01
  -9.3595036e-01
  -9.3275776e-01
  -9.2938234e-01
  -9.2600692e-01
  -9.2245000e-01
  -9.1889308e-01
  -9.1515606e-01
  -9.1141904e-01
  -9.0750338e-01
  -9.0358772e-01
  -8.9949496e-01
  -8.9540219e-01
  -8.9113393e-01
  -8.8686567e-01
  -8.8242358e-01
  -8.7798150e-01
  -8.7336733e-01
  -8.6875315e-01
  -8.6396871e-01
  -8.5918426e-01
  -8.5423141e-01
  -8.4927857e-01
  -8.4415926e-01
  -8.3903995e-01
  -8.3375620e-01
  -8.2847244e-01
  -8.2302630e-01
  -8.1758016e-01
  -8.1197378e-01
  -8.0636739e-01
  -8.0060296e-01
  -7.9483853e-01
  -7.8891831e-01
  -7.8299809e-01
  -7.7692440e-01
  -7.7085071e-01
  -7.6462594e-01
  -7.5840116e-01
  -7.5202774e-01
  -7.4565432e-01
  -7.3913475e-01
  -7.3261518e-01
  -7.2595202e-01
  -7.1928886e-01
  -7.1248472e-01
  -7.0568057e-01
  -6.9873812e-01
  -6.9179566e-01
  -6.8471761e-01
  -6.7763956e-01
  -6.7042870e-01
  -6.6321783e-01
  -6.5587698e-01
  -6.4853612e-01
  -6.4106815e-01
  -6.3360018e-01
  -6.2600803e-01
  -6.1841587e-01
  -6.1070251e-01
  -6.0298914e-01
  -5.9515759e-01
  -5.8732604e-01
  -5.7937938e-01
  -5.7143271e-01
  -5.6337404e-01
  -5.5531538e-01
  -5.4714787e-01
  -5.3898036e-01
  -5.3070721e-01
  -5.2243406e-01
  -5.1405851e-01
  -5.0568297e-01
  -4.9720831e-01
  -4.8873365e-01
  -4.8016320e-01
  -4.7159275e-01
  -4.6292986e-01
  -4.5426698e-01
  -4.4551506e-01
  -4.3676314e-01
  -4.2792561e-01
  -4.1908809e-01
  -4.1016842e-01
  -4.0124875e-01
  -3.9225044e-01
  -3.8325213e-01
  -3.7417870e-01
  -3.6510527e-01
  -3.5596028e-01
  -3.4681529e-01
  -3.3760232e-01
  -3.2838936e-01
  -3.1911203e-01
  -3.0983470e-01
  -3.0049664e-01
  -2.9115858e-01
  -2.8176346e-01
  -2.7236833e-01
  -2.6291983e-01
  -2.5347132e-01
  -2.4397313e-01
  -2.3447494e-01
  -2.2493079e-01
  -2.1538665e-01
  -2.0580028e-01
  -1.9621392e-01
  -1.8658910e-01
  -1.7696428e-01
  -1.6730478e-01
  -1.5764527e-01
  -1.4795487e-01
  -1.3826446e-01
  -1.2854696e-01
  -1.1882946e-01
  -1.0908866e-01
  -9.9347870e-02
  -8.9587604e-02
  -7.9827338e-02
  -7.0051426e-02
  -6.0275514e-02
  -5.0487788e-02
  -4.0700061e-02
  -3.0904358e-02
  -2.1108655e-02
  -1.1308814e-02
  -1.5089731e-03
   8.2911634e-03
   1.8091300e-02
   2.7887891e-02
   3.7684481e-02
   4.7473686e-02
   5.7262890e-02
   6.7040871e-02
   7.6818852e-02
   8.6581776e-02
   9.6344701e-02
   1.0608874e-01
   1.1583278e-01
   1.2555412e-01
   1.3527546e-01
   1.4497028e-01
   1.5466510e-01
   1.6432961e-01
   1.7399412e-01
   1.8362453e-01
   1.9325494e-01
   2.0284746e-01
   2.1243999e-01
   2.2199088e-01
   2.3154177e-01
   2.4104728e-01
   2.5055279e-01
   2.6000919e-01
   2.6946559e-01
   2.7886917e-01
   2.8827276e-01
   2.9761984e-01
   3.0696692e-01
   3.1625384e-01
   3.2554076e-01
   3.3476387e-01
   3.4398698e-01
   3.5314267e-01
   3.6229836e-01
   3.7138304e-01
   3.8046772e-01
   3.8947783e-01
   3.9848794e-01
   4.0741994e-01
   4.1635195e-01
   4.2520234e-01
   4.3405274e-01
   4.4281807e-01
   4.5158339e-01
   4.6026021e-01
   4.6893702e-01
   4.7752193e-01
   4.8610683e-01
   4.9459645e-01
   5.0308608e-01
   5.1147710e-01
   5.1986812e-01
   5.2815725e-01
   5.3644638e-01
   5.4463036e-01
   5.5281434e-01
   5.6088998e-01
   5.6896561e-01
   5.7692972e-01
   5.8489384e-01
   5.9274331e-01
   6.0059279e-01
   6.0832455e-01
   6.1605631e-01
   6.2366732e-01
   6.3127833e-01
   6.3876561e-01
   6.4625289e-01
   6.5361351e-01
   6.6097413e-01
   6.6820519e-01
   6.7543626e-01
   6.8253494e-01
   6.8963362e-01
   6.9659713e-01
   7.0356064e-01
   7.1038625e-01
   7.1721186e-01
   7.2389691e-01
   7.3058195e-01
   7.3712379e-01
   7.4366564e-01
   7.5006172e-01
   7.5645781e-01
   7.6270563e-01
   7.6895346e-01
   7.7505056e-01
   7.8114767e-01
   7.8709167e-01
   7.9303567e-01
   7.9882424e-01
   8.0461281e-01
   8.1024367e-01
   8.1587453e-01
   8.2134548e-01
   8.2681644e-01
   8.3212533e-01
   8.3743423e-01
   8.4257898e-01
   8.4772374e-01
   8.5270235e-01
   8.5768095e-01
   8.6249145e-01
   8.6730195e-01
   8.7194246e-01
   8.7658297e-01
   8.8105166e-01
   8.8552036e-01
   8.8981550e-01
   8.9411063e-01
   8.9823052e-01
   9.0235041e-01
   9.0629344e-01
   9.1023647e-01
   9.1400109e-01
   9.1776572e-01
   9.2135046e-01
   9.2493520e-01
   9.2833865e-01
   9.3174210e-01
   9.3496294e-01
   9.3818377e-01
   9.4122072e-01
   9.4425766e-01
   9.4710954e-01
   9.4996141e-01
   9.5262709e-01
   9.5529277e-01
   9.5777122e-01
   9.6024966e-01
   9.6253990e-01
   9.6483013e-01
   9.6693126e-01
   9.6903239e-01
   9.7094358e-01
   9.7285478e-01
   9.7457530e-01
   9.7629582e-01
   9.7782498e-01
   9.7935415e-01
   9.8069136e-01
   9.8202857e-01
   9.8317330e-01
   9.8431803e-01
   9.8526984e-01
   9.8622165e-01
   9.8698015e-01
   9.8773866e-01
   9.8830357e-01
   9.8886848e-01
   9.8923958e-01
   9.8961067e-01
   9.8978780e-01
   9.8996493e-01
   9.8994802e-01
   9.8993112e-01
   9.8972019e-01
   9.8950925e-01
   9.8910438e-01
   9.8869951e-01
   9.8810085e-01
   9.8750219e-01
   9.8670998e-01
   9.8591776e-01
   9.8493231e-01
   9.8394686e-01
   9.8276856e-01
   9.8159026e-01
   9.8021956e-01
   9.7884887e-01
   9.7728632e-01
   9.7572377e-01
   9.7396997e-01
   9.7221618e-01
   9.7027184e-01
   9.6832749e-01
   9.6619335e-01
   9.6405921e-01
   9.6173612e-01
   9.5941303e-01
   9.5690189e-01
   9.5439075e-01
   9.5169255e-01
   9.4899435e-01
   9.4611015e-01
   9.4322595e-01
   9.4015687e-01
   9.3708780e-01
   9.3383505e-01
   9.3058231e-01
   9.2714717e-01
   9.2371203e-01
   9.2009585e-01
   9.1647966e-01
   9.1268385e-01
   9.0888803e-01
   9.0491407e-01
   9.0094012e-01
   8.9678957e-01
   8.9263903e-01
   8.8831353e-01
   8.8398803e-01
   8.7948927e-01
   8.7499051e-01
   8.7032025e-01
   8.6565000e-01
   8.6081007e-01
   8.5597014e-01
   8.5096245e-01
   8.4595475e-01
   8.4078125e-01
   8.3560774e-01
   8.3027046e-01
   8.2493318e-01
   8.1943421e-01
   8.1393524e-01
   8.0827674e-01
   8.0261824e-01
   7.9680242e-01
   7.9098661e-01
   7.8501576e-01
   7.7904491e-01
   7.7292137e-01
   7.6679783e-01
   7.6052400e-01
   7.5425017e-01
   7.4782850e-01
   7.4140684e-01
   7.3483986e-01
   7.2827288e-01
   7.2156315e-01
   7.1485343e-01
   7.0800360e-01
   7.0115376e-01
   6.9416650e-01
   6.8717924e-01
