   1.0000000e+00
   9.9995100e-01
   9.9980401e-01
   9.9955903e-01
   9.9921610e-01
   9.9877525e-01
   9.9823652e-01
   9.9759996e-01
   9.9686564e-01
   9.9603363e-01
   9.9510400e-01
   9.9407686e-01
   9.9295229e-01
   9.9173042e-01
   9.9041136e-01
   9.8899524e-01
   9.8748220e-01
   9.8587243e-01
   9.8416614e-01
   9.8236347e-01
   9.8046461e-01
   9.7846974e-01
   9.7637903e-01
   9.7419270e-01
   9.7191095e-01
   9.6953400e-01
   9.6706207e-01
   9.6449539e-01
   9.6183422e-01
   9.5907881e-01
   9.5622941e-01
   9.5328631e-01
   9.5024978e-01
   9.4712012e-01
   9.4389762e-01
   9.4058259e-01
   9.3717535e-01
   9.3367623e-01
   9.3008557e-01
   9.2640371e-01
   9.2263100e-01
   9.1876782e-01
   9.1481453e-01
   9.1077152e-01
   9.0663918e-01
   9.0241791e-01
   8.9810812e-01
   8.9371023e-01
   8.8922467e-01
   8.8465188e-01
   8.7999231e-01
   8.7524640e-01
   8.7041464e-01
   8.6549748e-01
   8.6049543e-01
   8.5540896e-01
   8.5023859e-01
   8.4498482e-01
   8.3964818e-01
   8.3422919e-01
   8.2872840e-01
   8.2314636e-01
   8.1748362e-01
   8.1174074e-01
   8.0591831e-01
   8.0001692e-01
   7.9403715e-01
   7.8797961e-01
   7.8184491e-01
   7.7563368e-01
   7.6934655e-01
   7.6298415e-01
   7.5654715e-01
   7.5003619e-01
   7.4345195e-01
   7.3679497e-01
   7.3006556e-01
   7.2326440e-01
   7.1639218e-01
   7.0944961e-01
   7.0243740e-01
   6.9535627e-01
   6.8820694e-01
   6.8099013e-01
   6.7370657e-01
   6.6635700e-01
   6.5894214e-01
   6.5146275e-01
   6.4391957e-01
   6.3631334e-01
   6.2864483e-01
   6.2091479e-01
   6.1312398e-01
   6.0527318e-01
   5.9736315e-01
   5.8939468e-01
   5.8136854e-01
   5.7328551e-01
   5.6514640e-01
   5.5695198e-01
   5.4870307e-01
   5.4040046e-01
   5.3204496e-01
   5.2363738e-01
   5.1517854e-01
   5.0666925e-01
   4.9811035e-01
   4.8950266e-01
   4.8084701e-01
   4.7214424e-01
   4.6339520e-01
   4.5460072e-01
   4.4576167e-01
   4.3687889e-01
   4.2795325e-01
   4.1898560e-01
   4.0997683e-01
   4.0092779e-01
   3.9183937e-01
   3.8271245e-01
   3.7354791e-01
   3.6434664e-01
   3.5510954e-01
   3.4583751e-01
   3.3653145e-01
   3.2719226e-01
   3.1782086e-01
   3.0841817e-01
   2.9898510e-01
   2.8952259e-01
   2.8003155e-01
   2.7051293e-01
   2.6096766e-01
   2.5139668e-01
   2.4180094e-01
   2.3218139e-01
   2.2253899e-01
   2.1287470e-01
   2.0318948e-01
   1.9348429e-01
   1.8376012e-01
   1.7401794e-01
   1.6425873e-01
   1.5448348e-01
   1.4469317e-01
   1.3488881e-01
   1.2507139e-01
   1.1524191e-01
   1.0540139e-01
   9.5550833e-02
   8.5691256e-02
   7.5823681e-02
   6.5949134e-02
   5.6067867e-02
   4.6179991e-02
   3.6286582e-02
   2.6388712e-02
   1.6487450e-02
   6.5838601e-03
  -3.3209973e-03
  -1.3226067e-02
  -2.3130298e-02
  -3.3032643e-02
  -4.2932061e-02
  -5.2827514e-02
  -6.2717969e-02
  -7.2602396e-02
  -8.2479771e-02
  -9.2349074e-02
  -1.0220929e-01
  -1.1205941e-01
  -1.2189842e-01
  -1.3172532e-01
  -1.4153912e-01
  -1.5133882e-01
  -1.6112343e-01
  -1.7089197e-01
  -1.8064346e-01
  -1.9037692e-01
  -2.0009137e-01
  -2.0978586e-01
  -2.1945943e-01
  -2.2911110e-01
  -2.3873993e-01
  -2.4834498e-01
  -2.5792528e-01
  -2.6747992e-01
  -2.7700794e-01
  -2.8650842e-01
  -2.9598043e-01
  -3.0542305e-01
  -3.1483535e-01
  -3.2421644e-01
  -3.3356538e-01
  -3.4288130e-01
  -3.5216327e-01
  -3.6141040e-01
  -3.7062181e-01
  -3.7979661e-01
  -3.8893391e-01
  -3.9803283e-01
  -4.0709251e-01
  -4.1611207e-01
  -4.2509064e-01
  -4.3402737e-01
  -4.4292140e-01
  -4.5177188e-01
  -4.6057796e-01
  -4.6933879e-01
  -4.7805355e-01
  -4.8672139e-01
  -4.9534148e-01
  -5.0391301e-01
  -5.1243514e-01
  -5.2090707e-01
  -5.2932798e-01
  -5.3769706e-01
  -5.4601351e-01
  -5.5427653e-01
  -5.6248534e-01
  -5.7063913e-01
  -5.7873712e-01
  -5.8677853e-01
  -5.9476259e-01
  -6.0268852e-01
  -6.1055556e-01
  -6.1836293e-01
  -6.2610990e-01
  -6.3379569e-01
  -6.4141955e-01
  -6.4898076e-01
  -6.5647855e-01
  -6.6391220e-01
  -6.7128097e-01
  -6.7858414e-01
  -6.8582098e-01
  -6.9299077e-01
  -7.0009280e-01
  -7.0712643e-01
  -7.1409165e-01
  -7.2098791e-01
  -7.2781442e-01
  -7.3457044e-01
  -7.4125521e-01
  -7.4786799e-01
  -7.5440805e-01
  -7.6087469e-01
  -7.6726718e-01
  -7.7358484e-01
  -7.7982698e-01
  -7.8599293e-01
  -7.9208202e-01
  -7.9809359e-01
  -8.0402701e-01
  -8.0988165e-01
  -8.1565687e-01
  -8.2135207e-01
  -8.2696665e-01
  -8.3250002e-01
  -8.3795160e-01
  -8.4332082e-01
  -8.4860713e-01
  -8.5380997e-01
  -8.5892881e-01
  -8.6396312e-01
  -8.6891239e-01
  -8.7377611e-01
  -8.7855379e-01
  -8.8324495e-01
  -8.8784910e-01
  -8.9236580e-01
  -8.9679458e-01
  -9.0113501e-01
  -9.0538665e-01
  -9.0954908e-01
  -9.1362191e-01
  -9.1760471e-01
  -9.2149712e-01
  -9.2529875e-01
  -9.2900923e-01
  -9.3262821e-01
  -9.3615534e-01
  -9.3959029e-01
  -9.4293273e-01
  -9.4618234e-01
  -9.4933884e-01
  -9.5240191e-01
  -9.5537128e-01
  -9.5824669e-01
  -9.6102786e-01
  -9.6371455e-01
  -9.6630651e-01
  -9.6880353e-01
  -9.7120537e-01
  -9.7351184e-01
  -9.7572273e-01
  -9.7783787e-01
  -9.7985706e-01
  -9.8178016e-01
  -9.8360699e-01
  -9.8533743e-01
  -9.8697133e-01
  -9.8850858e-01
  -9.8994905e-01
  -9.9129265e-01
  -9.9253930e-01
  -9.9368889e-01
  -9.9474138e-01
  -9.9569670e-01
  -9.9655479e-01
  -9.9731563e-01
  -9.9797918e-01
  -9.9854543e-01
  -9.9901437e-01
  -9.9938600e-01
  -9.9966035e-01
  -9.9983744e-01
  -9.9991729e-01
  -9.9989995e-01
  -9.9978535e-01
  -9.9957347e-01
  -9.9926427e-01
  -9.9885774e-01
  -9.9835387e-01
  -9.9775268e-01
  -9.9705417e-01
  -9.9625838e-01
  -9.9536533e-01
  -9.9437508e-01
  -9.9328768e-01
  -9.9210321e-01
  -9.9082173e-01
  -9.8944334e-01
  -9.8796813e-01
  -9.8639621e-01
  -9.8472771e-01
  -9.8296274e-01
  -9.8110146e-01
  -9.7914401e-01
  -9.7709055e-01
  -9.7494125e-01
  -9.7269629e-01
  -9.7035586e-01
  -9.6792016e-01
  -9.6538941e-01
  -9.6276383e-01
  -9.6004364e-01
  -9.5722910e-01
  -9.5432045e-01
  -9.5131796e-01
  -9.4822190e-01
  -9.4503256e-01
  -9.4175022e-01
  -9.3837520e-01
  -9.3490780e-01
  -9.3134835e-01
  -9.2769720e-01
  -9.2395467e-01
  -9.2012113e-01
  -9.1619695e-01
  -9.1218250e-01
  -9.0807817e-01
  -9.0388435e-01
  -8.9960145e-01
  -8.9522990e-01
  -8.9077011e-01
  -8.8622253e-01
  -8.8158760e-01
  -8.7686578e-01
  -8.7205755e-01
  -8.6716338e-01
  -8.6218375e-01
  -8.5711918e-01
  -8.5197018e-01
  -8.4673725e-01
  -8.4142094e-01
  -8.3602178e-01
  -8.3054032e-01
  -8.2497714e-01
  -8.1933279e-01
  -8.1360787e-01
  -8.0780296e-01
  -8.0191867e-01
  -7.9595561e-01
  -7.8991440e-01
  -7.8379569e-01
  -7.7760010e-01
  -7.7132831e-01
  -7.6498096e-01
  -7.5855874e-01
  -7.5206234e-01
  -7.4549244e-01
  -7.3884976e-01
  -7.3213501e-01
  -7.2534892e-01
  -7.1849222e-01
  -7.1156566e-01
  -7.0457000e-01
  -6.9750601e-01
  -6.9037446e-01
  -6.8317615e-01
  -6.7591187e-01
  -6.6858243e-01
  -6.6118865e-01
  -6.5373079e-01
  -6.4620852e-01
  -6.3862260e-01
  -6.3097381e-01
  -6.2326295e-01
  -6.1549082e-01
  -6.0765822e-01
  -5.9976595e-01
  -5.9181481e-01
  -5.8380562e-01
  -5.7573918e-01
  -5.6761632e-01
  -5.5943785e-01
  -5.5120460e-01
  -5.4291738e-01
  -5.3457703e-01
  -5.2618437e-01
  -5.1774024e-01
  -5.0924549e-01
  -5.0070094e-01
  -4.9210744e-01
  -4.8346583e-01
  -4.7477698e-01
  -4.6604172e-01
  -4.5726092e-01
  -4.4843543e-01
  -4.3956612e-01
  -4.3065384e-01
  -4.2169947e-01
  -4.1270389e-01
  -4.0366795e-01
  -3.9459254e-01
  -3.8547855e-01
  -3.7632684e-01
  -3.6713832e-01
  -3.5791387e-01
  -3.4865437e-01
  -3.3936074e-01
  -3.3003386e-01
  -3.2067464e-01
  -3.1128398e-01
  -3.0186279e-01
  -2.9241198e-01
  -2.8293247e-01
  -2.7342518e-01
  -2.6389101e-01
  -2.5433091e-01
  -2.4474578e-01
  -2.3513657e-01
  -2.2550421e-01
  -2.1584963e-01
  -2.0617376e-01
  -1.9647756e-01
  -1.8676197e-01
  -1.7702793e-01
  -1.6727640e-01
  -1.5750833e-01
  -1.4772468e-01
  -1.3792641e-01
  -1.2811448e-01
  -1.1828986e-01
  -1.0845351e-01
  -9.8606420e-02
  -8.8749555e-02
  -7.8883895e-02
  -6.9010424e-02
  -5.9130126e-02
  -4.9243990e-02
  -3.9353006e-02
  -2.9458170e-02
  -1.9560478e-02
  -9.6609310e-03
   2.3946713e-04
   1.0139710e-02
   2.0038787e-02
   2.9935686e-02
   3.9829391e-02
   4.9718883e-02
   5.9603140e-02
   6.9481136e-02
   7.9352132e-02
   8.9216465e-02
   9.9073235e-02
   1.0892136e-01
   1.1875977e-01
   1.2858740e-01
   1.3840317e-01
   1.4820605e-01
   1.5799497e-01
   1.6776889e-01
   1.7752677e-01
   1.8726758e-01
   1.9699030e-01
   2.0669390e-01
   2.1637737e-01
   2.2603969e-01
   2.3567987e-01
   2.4529691e-01
   2.5488981e-01
   2.6445760e-01
   2.7399929e-01
   2.8351390e-01
   2.9300048e-01
   3.0245805e-01
   3.1188566e-01
   3.2128237e-01
   3.3064722e-01
   3.3997929e-01
   3.4927763e-01
   3.5854132e-01
   3.6776944e-01
   3.7696108e-01
   3.8611533e-01
   3.9523127e-01
   4.0430803e-01
   4.1334470e-01
   4.2234040e-01
   4.3129425e-01
   4.4020538e-01
   4.4907292e-01
   4.5789601e-01
   4.6667379e-01
   4.7540541e-01
   4.8409004e-01
   4.9272682e-01
   5.0131494e-01
   5.0985356e-01
   5.1834186e-01
   5.2677903e-01
   5.3516425e-01
   5.4349674e-01
   5.5177569e-01
   5.6000030e-01
   5.6816981e-01
   5.7628341e-01
   5.8434036e-01
   5.9233986e-01
   6.0028117e-01
   6.0816353e-01
   6.1598619e-01
   6.2374841e-01
   6.3144944e-01
   6.3908856e-01
   6.4666504e-01
   6.5417816e-01
   6.6162721e-01
   6.6901148e-01
   6.7633026e-01
   6.8358286e-01
   6.9076860e-01
   6.9788677e-01
   7.0493671e-01
   7.1191775e-01
   7.1882921e-01
   7.2567044e-01
   7.3244078e-01
   7.3913957e-01
   7.4576619e-01
   7.5231999e-01
   7.5880033e-01
   7.6520660e-01
   7.7153817e-01
   7.7779443e-01
   7.8397478e-01
   7.9007860e-01
   7.9610531e-01
   8.0205431e-01
   8.0792547e-01
   8.1371850e-01
   8.1943273e-01
   8.2506751e-01
   8.3062222e-01
   8.3609623e-01
   8.4148891e-01
   8.4679967e-01
   8.5202791e-01
   8.5717306e-01
   8.6223454e-01
   8.6721180e-01
   8.7210428e-01
   8.7691144e-01
   8.8163278e-01
   8.8626775e-01
   8.9081588e-01
   8.9527666e-01
   8.9964961e-01
   9.0393426e-01
   9.0813015e-01
   9.1223683e-01
   9.1625388e-01
   9.2018085e-01
   9.2401735e-01
   9.2776295e-01
   9.3141728e-01
   9.3497995e-01
   9.3845059e-01
   9.4182884e-01
   9.4511435e-01
   9.4830679e-01
   9.5140583e-01
   9.5441116e-01
   9.5732247e-01
   9.6013947e-01
   9.6286188e-01
   9.6548943e-01
   9.6802186e-01
   9.7045892e-01
   9.7280038e-01
   9.7504600e-01
   9.7719559e-01
   9.7924893e-01
   9.8120582e-01
   9.8306610e-01
   9.8482959e-01
   9.8649612e-01
   9.8806556e-01
   9.8953777e-01
   9.9091261e-01
   9.9218998e-01
   9.9336978e-01
   9.9445190e-01
   9.9543628e-01
   9.9632283e-01
   9.9711150e-01
   9.9780225e-01
   9.9839503e-01
   9.9888982e-01
   9.9928661e-01
   9.9958540e-01
   9.9978618e-01
   9.9988898e-01
   9.9989384e-01
   9.9980078e-01
   9.9960987e-01
   9.9932117e-01
   9.9893474e-01
   9.9845069e-01
   9.9786910e-01
   9.9719008e-01
   9.9641375e-01
   9.9554024e-01
   9.9456970e-01
   9.9350227e-01
   9.9233811e-01
   9.9107741e-01
   9.8972035e-01
   9.8826713e-01
   9.8671794e-01
   9.8507272e-01
   9.8333146e-01
   9.8149429e-01
   9.7956137e-01
   9.7753287e-01
   9.7540895e-01
   9.7318980e-01
   9.7087561e-01
   9.6846657e-01
   9.6596291e-01
   9.6336482e-01
   9.6067256e-01
   9.5788634e-01
   9.5500642e-01
   9.5203306e-01
   9.4896651e-01
   9.4580706e-01
   9.4255499e-01
   9.3921058e-01
   9.3577416e-01
   9.3224602e-01
   9.2862648e-01
   9.2491589e-01
   9.2111457e-01
   9.1722289e-01
   9.1324119e-01
   9.0916984e-01
   9.0500923e-01
   9.0075973e-01
   8.9642175e-01
   8.9199569e-01
   8.8748197e-01
   8.8288100e-01
   8.7819323e-01
   8.7341909e-01
   8.6855905e-01
   8.6361355e-01
   8.5858306e-01
   8.5346808e-01
   8.4826909e-01
   8.4298659e-01
   8.3762108e-01
   8.3217308e-01
   8.2664313e-01
   8.2103175e-01
   8.1533949e-01
   8.0956691e-01
   8.0371457e-01
   7.9778305e-01
   7.9177292e-01
   7.8568477e-01
   7.7951922e-01
   7.7327687e-01
   7.6695834e-01
   7.6056426e-01
   7.5409527e-01
   7.4755202e-01
   7.4093516e-01
   7.3424537e-01
   7.2748331e-01
   7.2064967e-01
   7.1374515e-01
   7.0677045e-01
   6.9972629e-01
   6.9261339e-01
   6.8543247e-01
   6.7818429e-01
   6.7086959e-01
   6.6348913e-01
   6.5604369e-01
   6.4853403e-01
   6.4096096e-01
   6.3332525e-01
   6.2562774e-01
   6.1786922e-01
   6.1005052e-01
   6.0217249e-01
   5.9423595e-01
   5.8624178e-01
   5.7819082e-01
   5.7008396e-01
   5.6192207e-01
   5.5370604e-01
   5.4543677e-01
   5.3711505e-01
   5.2874044e-01
   5.2031351e-01
   5.1183514e-01
   5.0330622e-01
   4.9472765e-01
   4.8610032e-01
   4.7742512e-01
   4.6870295e-01
   4.5993471e-01
   4.5112129e-01
   4.4226360e-01
   4.3336253e-01
   4.2441900e-01
   4.1543390e-01
   4.0640813e-01
   3.9734262e-01
   3.8823826e-01
   3.7909596e-01
   3.6991664e-01
   3.6070121e-01
   3.5145058e-01
   3.4216567e-01
   3.3284740e-01
   3.2349668e-01
   3.1411443e-01
   3.0470157e-01
   2.9525904e-01
   2.8578774e-01
   2.7628861e-01
   2.6676257e-01
   2.5721055e-01
   2.4763347e-01
   2.3803228e-01
   2.2840790e-01
   2.1876127e-01
   2.0909332e-01
   1.9940498e-01
   1.8969720e-01
   1.7997092e-01
   1.7022706e-01
   1.6046659e-01
   1.5069043e-01
   1.4089954e-01
   1.3109485e-01
   1.2127733e-01
   1.1144791e-01
   1.0160755e-01
   9.1757195e-02
   8.1897803e-02
   7.2030328e-02
   6.2155724e-02
   5.2274949e-02
   4.2388962e-02
   3.2498723e-02
   2.2605193e-02
   1.2709334e-02
   2.8121116e-03
  -7.0855092e-03
  -1.6982561e-02
  -2.6878077e-02
  -3.6771085e-02
  -4.6660616e-02
  -5.6545696e-02
  -6.6425352e-02
  -7.6298608e-02
  -8.6164488e-02
  -9.6022013e-02
  -1.0587020e-01
  -1.1570808e-01
  -1.2553466e-01
  -1.3534896e-01
  -1.4514999e-01
  -1.5493677e-01
  -1.6470831e-01
  -1.7446362e-01
  -1.8420171e-01
  -1.9392158e-01
  -2.0362225e-01
  -2.1330273e-01
  -2.2296200e-01
  -2.3259908e-01
  -2.4221379e-01
  -2.5180589e-01
  -2.6137432e-01
  -2.7091805e-01
  -2.8043604e-01
  -2.8992726e-01
  -2.9939068e-01
  -3.0882531e-01
  -3.1823013e-01
  -3.2760414e-01
  -3.3694635e-01
  -3.4625578e-01
  -3.5553145e-01
  -3.6477239e-01
  -3.7397763e-01
  -3.8314623e-01
  -3.9227723e-01
  -4.0136968e-01
  -4.1042267e-01
  -4.1943525e-01
  -4.2840651e-01
  -4.3733554e-01
  -4.4622143e-01
  -4.5506328e-01
  -4.6386020e-01
  -4.7261131e-01
  -4.8131572e-01
  -4.8997258e-01
  -4.9858101e-01
  -5.0714016e-01
  -5.1564919e-01
  -5.2410725e-01
  -5.3251351e-01
  -5.4086713e-01
  -5.4916731e-01
  -5.5741323e-01
  -5.6560408e-01
  -5.7373906e-01
  -5.8181739e-01
  -5.8983828e-01
  -5.9780095e-01
  -6.0570464e-01
  -6.1354858e-01
  -6.2133201e-01
  -6.2905420e-01
  -6.3671439e-01
  -6.4431185e-01
  -6.5184586e-01
  -6.5931570e-01
  -6.6672066e-01
  -6.7406002e-01
  -6.8133310e-01
  -6.8853920e-01
  -6.9567764e-01
  -7.0274774e-01
  -7.0974883e-01
  -7.1668025e-01
  -7.2354135e-01
  -7.3033148e-01
  -7.3704999e-01
  -7.4369626e-01
  -7.5026966e-01
  -7.5676957e-01
  -7.6319537e-01
  -7.6954646e-01
  -7.7582225e-01
  -7.8202214e-01
  -7.8814556e-01
  -7.9419192e-01
  -8.0016065e-01
  -8.0605120e-01
  -8.1186301e-01
  -8.1759553e-01
  -8.2324822e-01
  -8.2882056e-01
  -8.3431200e-01
  -8.3972204e-01
  -8.4505016e-01
  -8.5029586e-01
  -8.5545864e-01
  -8.6053801e-01
  -8.6553356e-01
  -8.7044524e-01
  -8.7527260e-01
  -8.8001508e-01
  -8.8467214e-01
  -8.8924323e-01
  -8.9372783e-01
  -8.9812544e-01
  -9.0243554e-01
  -9.0665765e-01
  -9.1079130e-01
  -9.1483600e-01
  -9.1879132e-01
  -9.2265679e-01
  -9.2643199e-01
  -9.3011650e-01
  -9.3370991e-01
  -9.3721181e-01
  -9.4062181e-01
  -9.4393955e-01
  -9.4716465e-01
  -9.5029676e-01
  -9.5333554e-01
  -9.5628066e-01
  -9.5913179e-01
  -9.6188863e-01
  -9.6455087e-01
  -9.6711824e-01
  -9.6959045e-01
  -9.7196725e-01
  -9.7424838e-01
  -9.7643360e-01
  -9.7852268e-01
  -9.8051540e-01
  -9.8241155e-01
  -9.8421094e-01
  -9.8591339e-01
  -9.8751871e-01
  -9.8902676e-01
  -9.9043737e-01
  -9.9175041e-01
  -9.9296575e-01
  -9.9408328e-01
  -9.9510288e-01
  -9.9602447e-01
  -9.9684796e-01
  -9.9757328e-01
  -9.9820037e-01
  -9.9872919e-01
  -9.9915968e-01
  -9.9949184e-01
  -9.9972564e-01
  -9.9986107e-01
  -9.9989816e-01
  -9.9983691e-01
  -9.9967736e-01
  -9.9941955e-01
  -9.9906352e-01
  -9.9860936e-01
  -9.9805713e-01
  -9.9740691e-01
  -9.9665882e-01
  -9.9581295e-01
  -9.9486943e-01
  -9.9382839e-01
  -9.9268997e-01
  -9.9145433e-01
  -9.9012164e-01
  -9.8869207e-01
  -9.8716581e-01
  -9.8554306e-01
  -9.8382404e-01
  -9.8200896e-01
  -9.8009806e-01
  -9.7809159e-01
  -9.7598980e-01
  -9.7379296e-01
  -9.7150135e-01
  -9.6911526e-01
  -9.6663499e-01
  -9.6406086e-01
  -9.6139319e-01
  -9.5863206e-01
  -9.5577725e-01
  -9.5282901e-01
  -9.4978763e-01
  -9.4665339e-01
  -9.4342660e-01
  -9.4010755e-01
  -9.3669655e-01
  -9.3319395e-01
  -9.2960005e-01
  -9.2591521e-01
  -9.2213976e-01
  -9.1827407e-01
  -9.1431851e-01
  -9.1027343e-01
  -9.0613923e-01
  -9.0191630e-01
  -8.9760503e-01
  -8.9320583e-01
  -8.8871911e-01
  -8.8414531e-01
  -8.7948484e-01
  -8.7473816e-01
  -8.6990572e-01
  -8.6498796e-01
  -8.5998535e-01
  -8.5489838e-01
  -8.4972752e-01
  -8.4447327e-01
  -8.3913612e-01
  -8.3371659e-01
  -8.2821519e-01
  -8.2263244e-01
  -8.1696889e-01
  -8.1122507e-01
  -8.0540153e-01
  -7.9949884e-01
  -7.9351755e-01
  -7.8745826e-01
  -7.8132153e-01
  -7.7510797e-01
  -7.6881818e-01
  -7.6245277e-01
  -7.5601235e-01
  -7.4949756e-01
  -7.4290902e-01
  -7.3624739e-01
  -7.2951331e-01
  -7.2270745e-01
  -7.1583047e-01
  -7.0888306e-01
  -7.0186590e-01
  -6.9477968e-01
  -6.8762511e-01
  -6.8040290e-01
  -6.7311377e-01
  -6.6575845e-01
  -6.5833768e-01
  -6.5085220e-01
  -6.4330276e-01
  -6.3569014e-01
  -6.2801509e-01
  -6.2027840e-01
  -6.1248086e-01
  -6.0462327e-01
  -5.9670642e-01
  -5.8873114e-01
  -5.8069824e-01
  -5.7260855e-01
  -5.6446292e-01
  -5.5626219e-01
  -5.4800721e-01
  -5.3969886e-01
  -5.3133800e-01
  -5.2292551e-01
  -5.1446229e-01
  -5.0594923e-01
  -4.9738724e-01
  -4.8877723e-01
  -4.8012012e-01
  -4.7141583e-01
  -4.6266475e-01
  -4.5386779e-01
  -4.4502589e-01
  -4.3613998e-01
  -4.2721098e-01
  -4.1823984e-01
  -4.0922747e-01
  -4.0017481e-01
  -3.9108279e-01
  -3.8195235e-01
  -3.7278441e-01
  -3.6357992e-01
  -3.5433980e-01
  -3.4506500e-01
  -3.3575645e-01
  -3.2641508e-01
  -3.1704183e-01
  -3.0763764e-01
  -2.9820345e-01
  -2.8874019e-01
  -2.7924881e-01
  -2.6973025e-01
  -2.6018545e-01
  -2.5061534e-01
  -2.4102087e-01
  -2.3140299e-01
  -2.2176263e-01
  -2.1210074e-01
  -2.0241826e-01
  -1.9271615e-01
  -1.8299533e-01
  -1.7325677e-01
  -1.6350140e-01
  -1.5373018e-01
  -1.4394405e-01
  -1.3414396e-01
  -1.2433086e-01
  -1.1450571e-01
  -1.0466944e-01
  -9.4823008e-02
  -8.4967373e-02
  -7.5103481e-02
  -6.5232288e-02
  -5.5354745e-02
  -4.5471806e-02
  -3.5584427e-02
  -2.5693563e-02
  -1.5800168e-02
  -5.9052005e-03
   3.9903838e-03
   1.3885627e-02
   2.3779571e-02
   3.3671256e-02
   4.3559725e-02
   5.3444015e-02
   6.3323168e-02
   7.3196221e-02
   8.3062214e-02
   9.2920183e-02
   1.0276916e-01
   1.1260820e-01
   1.2243632e-01
   1.3225255e-01
   1.4205595e-01
   1.5184553e-01
   1.6162034e-01
   1.7137940e-01
   1.8112175e-01
   1.9084642e-01
   2.0055244e-01
   2.1023884e-01
   2.1990465e-01
   2.2954890e-01
   2.3917062e-01
   2.4876883e-01
   2.5834257e-01
   2.6789086e-01
   2.7741272e-01
   2.8690719e-01
   2.9637328e-01
   3.0581009e-01
   3.1521769e-01
   3.2459537e-01
   3.3394214e-01
   3.4325696e-01
   3.5253884e-01
   3.6178679e-01
   3.7099981e-01
   3.8017692e-01
   3.8931714e-01
   3.9841952e-01
   4.0748310e-01
   4.1650691e-01
   4.2549003e-01
   4.3443150e-01
   4.4333042e-01
   4.5218585e-01
   4.6099688e-01
   4.6976261e-01
   4.7848214e-01
   4.8715458e-01
   4.9577904e-01
   5.0435467e-01
   5.1288057e-01
   5.2135591e-01
   5.2977982e-01
   5.3815146e-01
   5.4647000e-01
   5.5473461e-01
   5.6294446e-01
   5.7109874e-01
   5.7919665e-01
   5.8723738e-01
   5.9522015e-01
   6.0314418e-01
   6.1100869e-01
   6.1881291e-01
   6.2655607e-01
   6.3423744e-01
   6.4185626e-01
   6.4941180e-01
   6.5690332e-01
   6.6433011e-01
   6.7169146e-01
   6.7898664e-01
   6.8621497e-01
   6.9337575e-01
   7.0046831e-01
   7.0749196e-01
   7.1444603e-01
   7.2132987e-01
   7.2814281e-01
   7.3488423e-01
   7.4155347e-01
   7.4814991e-01
   7.5467292e-01
   7.6112189e-01
   7.6749622e-01
   7.7379529e-01
   7.8001853e-01
   7.8616534e-01
   7.9223515e-01
   7.9822739e-01
   8.0414149e-01
   8.0997691e-01
   8.1573310e-01
   8.2140951e-01
   8.2700562e-01
   8.3252091e-01
   8.3795485e-01
   8.4330694e-01
   8.4857668e-01
   8.5376357e-01
   8.5886714e-01
   8.6388690e-01
   8.6882238e-01
   8.7367311e-01
   8.7843866e-01
   8.8311856e-01
   8.8771259e-01
   8.9222064e-01
   8.9664219e-01
   9.0097672e-01
   9.0522374e-01
   9.0938275e-01
   9.1345326e-01
   9.1743481e-01
   9.2132695e-01
   9.2512921e-01
   9.2884118e-01
   9.3246242e-01
   9.3599252e-01
   9.3943108e-01
   9.4277771e-01
   9.4603204e-01
   9.4919368e-01
   9.5226230e-01
   9.5523754e-01
   9.5811906e-01
   9.6090656e-01
   9.6359971e-01
   9.6619822e-01
   9.6870180e-01
   9.7111018e-01
   9.7342308e-01
   9.7564026e-01
   9.7776147e-01
   9.7978648e-01
   9.8171508e-01
   9.8354704e-01
   9.8528218e-01
   9.8692032e-01
   9.8846127e-01
   9.8990487e-01
   9.9125097e-01
   9.9249944e-01
   9.9365014e-01
   9.9470295e-01
   9.9565777e-01
   9.9651451e-01
   9.9727307e-01
   9.9793340e-01
   9.9849542e-01
   9.9895909e-01
   9.9932437e-01
   9.9959124e-01
   9.9975967e-01
   9.9982966e-01
   9.9980123e-01
   9.9967439e-01
   9.9944917e-01
   9.9912561e-01
   9.9870377e-01
   9.9818370e-01
   9.9756549e-01
   9.9684922e-01
   9.9603499e-01
   9.9512291e-01
   9.9411310e-01
   9.9300569e-01
   9.9180082e-01
   9.9049866e-01
   9.8909937e-01
   9.8760312e-01
   9.8601010e-01
   9.8432052e-01
   9.8253459e-01
   9.8065252e-01
   9.7867456e-01
   9.7660095e-01
   9.7443195e-01
   9.7216782e-01
   9.6980885e-01
   9.6735532e-01
   9.6480755e-01
   9.6216584e-01
   9.5943051e-01
   9.5660191e-01
   9.5368039e-01
   9.5066630e-01
   9.4756001e-01
   9.4436158e-01
   9.4107078e-01
   9.3768793e-01
   9.3421335e-01
   9.3064738e-01
   9.2699036e-01
   9.2324265e-01
   9.1940461e-01
   9.1547661e-01
   9.1145902e-01
   9.0735223e-01
   9.0315663e-01
   8.9887263e-01
   8.9450063e-01
   8.9004104e-01
   8.8549431e-01
   8.8086085e-01
   8.7614112e-01
   8.7133556e-01
   8.6644462e-01
   8.6146879e-01
   8.5640852e-01
   8.5126431e-01
   8.4603664e-01
   8.4072602e-01
   8.3533294e-01
   8.2985793e-01
   8.2430151e-01
   8.1866420e-01
   8.1294656e-01
   8.0714912e-01
   8.0127244e-01
   7.9531708e-01
   7.8928363e-01
   7.8317264e-01
   7.7698473e-01
   7.7072048e-01
   7.6438049e-01
   7.5796538e-01
   7.5147576e-01
   7.4491228e-01
   7.3827556e-01
   7.3156625e-01
   7.2478500e-01
   7.1793247e-01
   7.1100934e-01
   7.0401628e-01
   6.9695397e-01
   6.8982311e-01
   6.8262440e-01
   6.7535855e-01
   6.6802629e-01
   6.6062832e-01
   6.5316540e-01
   6.4563826e-01
   6.3804764e-01
   6.3039433e-01
   6.2267906e-01
   6.1490263e-01
   6.0706582e-01
   5.9916941e-01
   5.9121421e-01
   5.8320102e-01
   5.7513066e-01
   5.6700395e-01
   5.5882173e-01
   5.5058482e-01
   5.4229409e-01
   5.3395039e-01
   5.2555458e-01
   5.1710753e-01
   5.0861013e-01
   5.0006326e-01
   4.9146782e-01
   4.8282472e-01
   4.7413486e-01
   4.6539917e-01
   4.5661857e-01
   4.4779309e-01
   4.3892308e-01
   4.3000951e-01
   4.2105330e-01
   4.1205540e-01
   4.0301675e-01
   3.9393830e-01
   3.8482100e-01
   3.7566577e-01
   3.6647358e-01
   3.5724537e-01
   3.4798207e-01
   3.3868463e-01
   3.2935401e-01
   3.1999114e-01
   3.1059698e-01
   3.0117246e-01
   2.9171854e-01
   2.8223616e-01
   2.7272627e-01
   2.6318982e-01
   2.5362775e-01
   2.4404101e-01
   2.3443056e-01
   2.2479734e-01
   2.1514229e-01
   2.0546638e-01
   1.9577054e-01
   1.8605573e-01
   1.7632290e-01
   1.6657300e-01
   1.5680697e-01
   1.4702578e-01
   1.3723037e-01
   1.2742169e-01
   1.1760070e-01
   1.0776835e-01
   9.7925583e-02
   8.8073362e-02
   7.8212637e-02
   6.8344361e-02
   5.8469488e-02
   4.8588971e-02
   3.8703766e-02
   2.8814826e-02
   1.8923107e-02
   9.0295634e-03
  -8.6484952e-04
  -1.0759176e-02
  -2.0652460e-02
  -3.0543745e-02
  -4.0432074e-02
  -5.0316492e-02
  -6.0196040e-02
  -7.0069762e-02
  -7.9936699e-02
  -8.9795894e-02
  -9.9646389e-02
  -1.0948722e-01
  -1.1931744e-01
  -1.2913608e-01
  -1.3894218e-01
  -1.4873479e-01
  -1.5851294e-01
  -1.6827568e-01
  -1.7802203e-01
  -1.8775105e-01
  -1.9746177e-01
  -2.0715323e-01
  -2.1682446e-01
  -2.2647452e-01
  -2.3610242e-01
  -2.4570721e-01
  -2.5528794e-01
  -2.6484362e-01
  -2.7437331e-01
  -2.8387604e-01
  -2.9335083e-01
  -3.0279674e-01
  -3.1221279e-01
  -3.2159802e-01
  -3.3095147e-01
  -3.4027291e-01
  -3.4956197e-01
  -3.5881765e-01
  -3.6803895e-01
  -3.7722487e-01
  -3.8637442e-01
  -3.9548663e-01
  -4.0456052e-01
  -4.1359515e-01
  -4.2258954e-01
  -4.3154276e-01
  -4.4045386e-01
  -4.4932191e-01
  -4.5814600e-01
  -4.6692520e-01
  -4.7565860e-01
  -4.8434532e-01
  -4.9298445e-01
  -5.0157511e-01
  -5.1011643e-01
  -5.1860753e-01
  -5.2704755e-01
  -5.3543565e-01
  -5.4377098e-01
  -5.5205269e-01
  -5.6027996e-01
  -5.6845197e-01
  -5.7656791e-01
  -5.8462696e-01
  -5.9262833e-01
  -6.0057123e-01
  -6.0845488e-01
  -6.1627850e-01
  -6.2404131e-01
  -6.3174258e-01
  -6.3938153e-01
  -6.4695744e-01
  -6.5446956e-01
  -6.6191716e-01
  -6.6929953e-01
  -6.7661594e-01
  -6.8386571e-01
  -6.9104812e-01
  -6.9816250e-01
  -7.0520815e-01
  -7.1218441e-01
  -7.1909062e-01
  -7.2592610e-01
  -7.3269021e-01
  -7.3938232e-01
  -7.4600178e-01
  -7.5254797e-01
  -7.5902027e-01
  -7.6541807e-01
  -7.7174076e-01
  -7.7798775e-01
  -7.8415846e-01
  -7.9025230e-01
  -7.9626869e-01
  -8.0220709e-01
  -8.0806692e-01
  -8.1384765e-01
  -8.1954872e-01
  -8.2516961e-01
  -8.3070980e-01
  -8.3616876e-01
  -8.4154598e-01
  -8.4684097e-01
  -8.5205322e-01
  -8.5718226e-01
  -8.6222760e-01
  -8.6718878e-01
  -8.7206533e-01
  -8.7685679e-01
  -8.8156272e-01
  -8.8618268e-01
  -8.9071624e-01
  -8.9516316e-01
  -8.9952336e-01
  -9.0379634e-01
  -9.0798161e-01
  -9.1207868e-01
  -9.1608707e-01
  -9.2000631e-01
  -9.2383595e-01
  -9.2757556e-01
  -9.3122468e-01
  -9.3478292e-01
  -9.3824985e-01
  -9.4162508e-01
  -9.4490823e-01
  -9.4809891e-01
  -9.5119677e-01
  -9.5420145e-01
  -9.5711262e-01
  -9.5992994e-01
  -9.6265309e-01
  -9.6528178e-01
  -9.6781570e-01
  -9.7025457e-01
  -9.7259811e-01
  -9.7484608e-01
  -9.7699821e-01
  -9.7905427e-01
  -9.8101403e-01
  -9.8287728e-01
  -9.8464381e-01
  -9.8631343e-01
  -9.8788596e-01
  -9.8936122e-01
  -9.9073907e-01
  -9.9201934e-01
  -9.9320191e-01
  -9.9428665e-01
  -9.9527345e-01
  -9.9616220e-01
  -9.9695282e-01
  -9.9764523e-01
  -9.9823935e-01
  -9.9873513e-01
  -9.9913253e-01
  -9.9943152e-01
  -9.9963206e-01
  -9.9973415e-01
  -9.9973779e-01
  -9.9964300e-01
  -9.9944978e-01
  -9.9915819e-01
  -9.9876826e-01
  -9.9828005e-01
  -9.9769363e-01
  -9.9700909e-01
  -9.9622650e-01
  -9.9534598e-01
  -9.9436764e-01
  -9.9329160e-01
  -9.9211800e-01
  -9.9084699e-01
  -9.8947872e-01
  -9.8801338e-01
  -9.8645114e-01
  -9.8479219e-01
  -9.8303674e-01
  -9.8118500e-01
  -9.7923722e-01
  -9.7719361e-01
  -9.7505443e-01
  -9.7281996e-01
  -9.7049044e-01
  -9.6806619e-01
  -9.6554747e-01
  -9.6293462e-01
  -9.6022794e-01
  -9.5742776e-01
  -9.5453443e-01
  -9.5154830e-01
  -9.4846973e-01
  -9.4529909e-01
  -9.4203679e-01
  -9.3868301e-01
  -9.3523744e-01
  -9.3170037e-01
  -9.2807213e-01
  -9.2435308e-01
  -9.2054359e-01
  -9.1664401e-01
  -9.1265474e-01
  -9.0857615e-01
  -9.0440864e-01
  -9.0015261e-01
  -8.9580847e-01
  -8.9137664e-01
  -8.8685754e-01
  -8.8225161e-01
  -8.7755928e-01
  -8.7278101e-01
  -8.6791726e-01
  -8.6296849e-01
  -8.5793517e-01
  -8.5281779e-01
  -8.4761683e-01
  -8.4233279e-01
  -8.3696618e-01
  -8.3151751e-01
  -8.2598730e-01
  -8.2037608e-01
  -8.1468439e-01
  -8.0891278e-01
  -8.0306179e-01
  -7.9713198e-01
  -7.9112394e-01
  -7.8503822e-01
  -7.7887543e-01
  -7.7263614e-01
  -7.6632097e-01
  -7.5993052e-01
  -7.5346541e-01
  -7.4692626e-01
  -7.4031371e-01
  -7.3362839e-01
  -7.2687096e-01
  -7.2004207e-01
  -7.1314239e-01
  -7.0617259e-01
  -6.9913335e-01
  -6.9202536e-01
  -6.8484932e-01
  -6.7760593e-01
  -6.7029590e-01
  -6.6291995e-01
  -6.5547882e-01
  -6.4797324e-01
  -6.4040395e-01
  -6.3277170e-01
  -6.2507727e-01
  -6.1732141e-01
  -6.0950490e-01
  -6.0162852e-01
  -5.9369308e-01
  -5.8569936e-01
  -5.7764818e-01
  -5.6954036e-01
  -5.6137671e-01
  -5.5315807e-01
  -5.4488528e-01
  -5.3655920e-01
  -5.2818066e-01
  -5.1975054e-01
  -5.1126972e-01
  -5.0273907e-01
  -4.9415947e-01
  -4.8553183e-01
  -4.7685705e-01
  -4.6813604e-01
  -4.5936972e-01
  -4.5055902e-01
  -4.4170454e-01
  -4.3280615e-01
  -4.2386475e-01
  -4.1488128e-01
  -4.0585668e-01
  -3.9679191e-01
  -3.8768792e-01
  -3.7854565e-01
  -3.6936605e-01
  -3.6015007e-01
  -3.5089866e-01
  -3.4161277e-01
  -3.3229335e-01
  -3.2294135e-01
  -3.1355772e-01
  -3.0414340e-01
  -2.9469936e-01
  -2.8522653e-01
  -2.7572588e-01
  -2.6619835e-01
  -2.5664489e-01
  -2.4706645e-01
  -2.3746398e-01
  -2.2783844e-01
  -2.1819078e-01
  -2.0852195e-01
  -1.9883289e-01
  -1.8912457e-01
  -1.7939793e-01
  -1.6965393e-01
  -1.5989352e-01
  -1.5011765e-01
  -1.4032727e-01
  -1.3052334e-01
  -1.2070682e-01
  -1.1087864e-01
  -1.0103977e-01
  -9.1191165e-02
  -8.1333772e-02
  -7.1468548e-02
  -6.1596445e-02
  -5.1718419e-02
  -4.1835424e-02
  -3.1948415e-02
  -2.2058345e-02
  -1.2166170e-02
  -2.2728451e-03
   7.6206749e-03
   1.7513434e-02
   2.7404478e-02
   3.7292850e-02
   4.7177595e-02
   5.7057757e-02
   6.6932380e-02
   7.6800507e-02
   8.6661181e-02
   9.6513447e-02
   1.0635635e-01
   1.1618893e-01
   1.2601023e-01
   1.3581929e-01
   1.4561516e-01
   1.5539687e-01
   1.6516348e-01
   1.7491402e-01
   1.8464754e-01
   1.9436307e-01
   2.0405966e-01
   2.1373635e-01
   2.2339218e-01
   2.3302619e-01
   2.4263743e-01
   2.5222493e-01
   2.6178773e-01
   2.7132488e-01
   2.8083542e-01
   2.9031838e-01
   2.9977281e-01
   3.0919775e-01
   3.1859223e-01
   3.2795529e-01
   3.3728598e-01
   3.4658350e-01
   3.5584789e-01
   3.6507832e-01
   3.7427379e-01
   3.8343330e-01
   3.9255587e-01
   4.0164052e-01
   4.1068628e-01
   4.1969221e-01
   4.2865733e-01
   4.3758070e-01
   4.4646140e-01
   4.5529849e-01
   4.6409104e-01
   4.7283815e-01
   4.8153891e-01
   4.9019242e-01
   4.9879779e-01
   5.0735415e-01
   5.1586060e-01
   5.2431630e-01
   5.3272038e-01
   5.4107199e-01
   5.4937028e-01
   5.5761443e-01
   5.6580361e-01
   5.7393699e-01
   5.8201377e-01
   5.9003315e-01
   5.9799432e-01
   6.0589650e-01
   6.1373891e-01
   6.2152078e-01
   6.2924135e-01
   6.3689986e-01
   6.4449555e-01
   6.5202770e-01
   6.5949557e-01
   6.6689843e-01
   6.7423556e-01
   6.8150627e-01
   6.8870985e-01
   6.9584560e-01
   7.0291284e-01
   7.0991089e-01
   7.1683908e-01
   7.2369676e-01
   7.3048327e-01
   7.3719796e-01
   7.4384019e-01
   7.5040934e-01
   7.5690478e-01
   7.6332590e-01
   7.6967209e-01
   7.7594276e-01
   7.8213731e-01
   7.8825516e-01
   7.9429574e-01
   8.0025847e-01
   8.0614280e-01
   8.1194819e-01
   8.1767407e-01
   8.2331993e-01
   8.2888523e-01
   8.3436945e-01
   8.3977209e-01
   8.4509263e-01
   8.5033058e-01
   8.5548545e-01
   8.6055676e-01
   8.6554405e-01
   8.7044684e-01
   8.7526468e-01
   8.7999711e-01
   8.8464371e-01
   8.8920403e-01
   8.9367766e-01
   8.9806432e-01
   9.0236399e-01
   9.0657616e-01
   9.1070034e-01
   9.1473606e-01
   9.1868285e-01
   9.2254023e-01
   9.2630778e-01
   9.2998504e-01
   9.3357159e-01
   9.3706702e-01
   9.4047093e-01
   9.4378293e-01
   9.4700263e-01
   9.5012966e-01
   9.5316368e-01
   9.5610433e-01
   9.5895128e-01
   9.6170421e-01
   9.6436281e-01
   9.6692676e-01
   9.6939580e-01
   9.7176963e-01
   9.7404800e-01
   9.7623064e-01
   9.7831731e-01
   9.8030779e-01
   9.8220185e-01
   9.8399928e-01
   9.8569989e-01
   9.8730348e-01
   9.8880988e-01
   9.9021894e-01
   9.9153049e-01
   9.9274439e-01
   9.9386052e-01
   9.9487875e-01
   9.9579899e-01
   9.9662112e-01
   9.9734508e-01
   9.9797079e-01
   9.9849818e-01
   9.9892720e-01
   9.9925782e-01
   9.9949001e-01
   9.9962375e-01
   9.9965904e-01
   9.9959589e-01
   9.9943431e-01
   9.9917433e-01
   9.9881599e-01
   9.9835935e-01
   9.9780447e-01
   9.9715142e-01
   9.9640029e-01
   9.9555117e-01
   9.9460419e-01
   9.9355945e-01
   9.9241709e-01
   9.9117725e-01
   9.8984008e-01
   9.8840576e-01
   9.8687446e-01
   9.8524637e-01
   9.8352168e-01
   9.8170061e-01
   9.7978338e-01
   9.7777023e-01
   9.7566140e-01
   9.7345715e-01
   9.7115775e-01
   9.6876347e-01
   9.6627460e-01
   9.6369146e-01
   9.6101435e-01
   9.5824359e-01
   9.5537953e-01
   9.5242251e-01
   9.4937289e-01
   9.4623104e-01
   9.4299735e-01
   9.3967220e-01
   9.3625587e-01
   9.3274802e-01
   9.2914890e-01
   9.2545885e-01
   9.2167824e-01
   9.1780744e-01
   9.1384682e-01
   9.0979676e-01
   9.0565767e-01
   9.0142994e-01
   8.9711397e-01
   8.9271019e-01
   8.8821902e-01
   8.8364089e-01
   8.7897624e-01
   8.7422552e-01
   8.6938919e-01
   8.6446770e-01
   8.5946153e-01
   8.5437116e-01
   8.4919708e-01
   8.4393977e-01
   8.3859976e-01
   8.3317754e-01
   8.2767363e-01
   8.2208857e-01
   8.1642289e-01
   8.1067712e-01
   8.0485183e-01
   7.9894756e-01
   7.9296489e-01
   7.8690439e-01
   7.8076664e-01
   7.7455224e-01
   7.6826178e-01
   7.6189586e-01
   7.5545511e-01
   7.4894014e-01
   7.4235158e-01
   7.3569007e-01
   7.2895626e-01
   7.2215080e-01
   7.1527436e-01
   7.0832759e-01
   7.0131118e-01
   6.9422582e-01
   6.8707219e-01
   6.7985100e-01
   6.7256295e-01
   6.6520878e-01
   6.5778918e-01
   6.5030492e-01
   6.4275671e-01
   6.3514531e-01
   6.2747148e-01
   6.1973598e-01
   6.1193959e-01
   6.0408308e-01
   5.9616724e-01
   5.8819287e-01
   5.8016077e-01
   5.7207176e-01
   5.6392665e-01
   5.5572627e-01
   5.4747146e-01
   5.3916305e-01
   5.3080191e-01
   5.2238890e-01
   5.1392487e-01
   5.0541070e-01
   4.9684728e-01
   4.8823550e-01
   4.7957626e-01
   4.7087046e-01
   4.6211901e-01
   4.5332285e-01
   4.4448290e-01
   4.3559951e-01
   4.2667277e-01
   4.1770363e-01
   4.0869303e-01
   3.9964192e-01
   3.9055125e-01
   3.8142198e-01
   3.7225506e-01
   3.6305143e-01
   3.5381205e-01
   3.4453787e-01
   3.3522983e-01
   3.2588890e-01
   3.1651603e-01
   3.0711216e-01
   2.9767824e-01
   2.8821523e-01
   2.7872408e-01
   2.6920575e-01
   2.5966118e-01
   2.5009132e-01
   2.4049714e-01
   2.3087957e-01
   2.2123958e-01
   2.1157811e-01
   2.0189613e-01
   1.9219457e-01
   1.8247440e-01
   1.7273657e-01
   1.6298203e-01
   1.5321173e-01
   1.4342663e-01
   1.3362768e-01
   1.2381584e-01
   1.1399206e-01
   1.0415728e-01
   9.4312476e-02
   8.4458589e-02
   7.4596577e-02
   6.4727393e-02
   5.4851992e-02
   4.4971328e-02
   3.5086356e-02
   2.5198030e-02
   1.5307306e-02
   5.4151369e-03
  -4.4775210e-03
  -1.4369713e-02
  -2.4260484e-02
  -3.4148878e-02
  -4.4033941e-02
  -5.3914716e-02
  -6.3790249e-02
  -7.3659583e-02
  -8.3521763e-02
  -9.3375833e-02
  -1.0322084e-01
  -1.1305582e-01
  -1.2287982e-01
  -1.3269189e-01
  -1.4249106e-01
  -1.5227639e-01
  -1.6204692e-01
  -1.7180168e-01
  -1.8153973e-01
  -1.9126010e-01
  -2.0096184e-01
  -2.1064398e-01
  -2.2030559e-01
  -2.2994569e-01
  -2.3956332e-01
  -2.4915754e-01
  -2.5872739e-01
  -2.6827189e-01
  -2.7779011e-01
  -2.8728107e-01
  -2.9674383e-01
  -3.0617742e-01
  -3.1558089e-01
  -3.2495327e-01
  -3.3429361e-01
  -3.4360095e-01
  -3.5287463e-01
  -3.6211463e-01
  -3.7132004e-01
  -3.8048984e-01
  -3.8962306e-01
  -3.9871872e-01
  -4.0777583e-01
  -4.1679344e-01
  -4.2577059e-01
  -4.3470633e-01
  -4.4359972e-01
  -4.5244983e-01
  -4.6125572e-01
  -4.7001649e-01
  -4.7873123e-01
  -4.8739902e-01
  -4.9601899e-01
  -5.0459023e-01
  -5.1311189e-01
  -5.2158307e-01
  -5.3000294e-01
  -5.3837062e-01
  -5.4668527e-01
  -5.5494606e-01
  -5.6315215e-01
  -5.7130273e-01
  -5.7939697e-01
  -5.8743407e-01
  -5.9541324e-01
  -6.0333368e-01
  -6.1119460e-01
  -6.1899524e-01
  -6.2673482e-01
  -6.3441259e-01
  -6.4202779e-01
  -6.4957969e-01
  -6.5706754e-01
  -6.6449062e-01
  -6.7184821e-01
  -6.7913960e-01
  -6.8636408e-01
  -6.9352096e-01
  -7.0060955e-01
  -7.0762916e-01
  -7.1457913e-01
  -7.2145880e-01
  -7.2826750e-01
  -7.3500458e-01
  -7.4166942e-01
  -7.4826136e-01
  -7.5477980e-01
  -7.6122410e-01
  -7.6759367e-01
  -7.7388790e-01
  -7.8010620e-01
  -7.8624798e-01
  -7.9231267e-01
  -7.9829969e-01
  -8.0420849e-01
  -8.1003851e-01
  -8.1578920e-01
  -8.2146003e-01
  -8.2705046e-01
  -8.3255998e-01
  -8.3798807e-01
  -8.4333423e-01
  -8.4859795e-01
  -8.5377874e-01
  -8.5887613e-01
  -8.6388963e-01
  -8.6881879e-01
  -8.7366314e-01
  -8.7842222e-01
  -8.8309561e-01
  -8.8768286e-01
  -8.9218354e-01
  -8.9659725e-01
  -9.0092392e-01
  -9.0516328e-01
  -9.0931485e-01
  -9.1337814e-01
  -9.1735267e-01
  -9.2123797e-01
  -9.2503361e-01
  -9.2873912e-01
  -9.3235410e-01
  -9.3587811e-01
  -9.3931075e-01
  -9.4265162e-01
  -9.4590035e-01
  -9.4905656e-01
  -9.5211988e-01
  -9.5508997e-01
  -9.5796648e-01
  -9.6074910e-01
  -9.6343751e-01
  -9.6603139e-01
  -9.6853046e-01
  -9.7093444e-01
  -9.7324305e-01
  -9.7545604e-01
  -9.7757316e-01
  -9.7959417e-01
  -9.8151884e-01
  -9.8334697e-01
  -9.8507836e-01
  -9.8671280e-01
  -9.8825012e-01
  -9.8969016e-01
  -9.9103276e-01
  -9.9227776e-01
  -9.9342504e-01
  -9.9447448e-01
  -9.9542596e-01
  -9.9627939e-01
  -9.9703467e-01
  -9.9769173e-01
  -9.9825050e-01
  -9.9871092e-01
  -9.9907297e-01
  -9.9933659e-01
  -9.9950178e-01
  -9.9956852e-01
  -9.9953682e-01
  -9.9940669e-01
  -9.9917816e-01
  -9.9885125e-01
  -9.9842603e-01
  -9.9790255e-01
  -9.9728087e-01
  -9.9656109e-01
  -9.9574329e-01
  -9.9482759e-01
  -9.9381409e-01
  -9.9270292e-01
  -9.9149423e-01
  -9.9018816e-01
  -9.8878487e-01
  -9.8728454e-01
  -9.8568736e-01
  -9.8399351e-01
  -9.8220320e-01
  -9.8031666e-01
  -9.7833411e-01
  -9.7625580e-01
  -9.7408197e-01
  -9.7181290e-01
  -9.6944885e-01
  -9.6699011e-01
  -9.6443699e-01
  -9.6178978e-01
  -9.5904882e-01
  -9.5621443e-01
  -9.5328695e-01
  -9.5026675e-01
  -9.4715419e-01
  -9.4394964e-01
  -9.4065349e-01
  -9.3726615e-01
  -9.3378766e-01
  -9.3021779e-01
  -9.2655688e-01
  -9.2280530e-01
  -9.1896342e-01
  -9.1503160e-01
  -9.1101024e-01
  -9.0689971e-01
  -9.0270043e-01
  -8.9841279e-01
  -8.9403721e-01
  -8.8957411e-01
  -8.8502393e-01
  -8.8038710e-01
  -8.7566406e-01
  -8.7085527e-01
  -8.6596119e-01
  -8.6098229e-01
  -8.5591905e-01
  -8.5077195e-01
  -8.4554149e-01
  -8.4022816e-01
  -8.3483248e-01
  -8.2935496e-01
  -8.2379613e-01
  -8.1815651e-01
  -8.1243666e-01
  -8.0663711e-01
  -8.0075843e-01
  -7.9480117e-01
  -7.8876592e-01
  -7.8265324e-01
  -7.7646374e-01
  -7.7019799e-01
  -7.6385661e-01
  -7.5744021e-01
  -7.5094941e-01
  -7.4438483e-01
  -7.3774710e-01
  -7.3103689e-01
  -7.2425482e-01
  -7.1740156e-01
  -7.1047779e-01
  -7.0348416e-01
  -6.9642137e-01
  -6.8929011e-01
  -6.8209106e-01
  -6.7482495e-01
  -6.6749248e-01
  -6.6009437e-01
  -6.5263136e-01
  -6.4510418e-01
  -6.3751358e-01
  -6.2986031e-01
  -6.2214513e-01
  -6.1436881e-01
  -6.0653213e-01
  -5.9863588e-01
  -5.9068083e-01
  -5.8266781e-01
  -5.7459761e-01
  -5.6647105e-01
  -5.5828895e-01
  -5.5005216e-01
  -5.4176150e-01
  -5.3341782e-01
  -5.2502199e-01
  -5.1657487e-01
  -5.0807732e-01
  -4.9953022e-01
  -4.9093447e-01
  -4.8229096e-01
  -4.7360060e-01
  -4.6486428e-01
  -4.5608294e-01
  -4.4725750e-01
  -4.3838878e-01
  -4.2947667e-01
  -4.2052183e-01
  -4.1152522e-01
  -4.0248779e-01
  -3.9341049e-01
  -3.8429428e-01
  -3.7514010e-01
  -3.6594890e-01
  -3.5672164e-01
  -3.4745928e-01
  -3.3816275e-01
  -3.2883302e-01
  -3.1947103e-01
  -3.1007775e-01
  -3.0065411e-01
  -2.9120107e-01
  -2.8171959e-01
  -2.7221062e-01
  -2.6267511e-01
  -2.5311401e-01
  -2.4352828e-01
  -2.3391886e-01
  -2.2428672e-01
  -2.1463280e-01
  -2.0495805e-01
  -1.9526344e-01
  -1.8554991e-01
  -1.7581842e-01
  -1.6606992e-01
  -1.5630537e-01
  -1.4652571e-01
  -1.3673190e-01
  -1.2692490e-01
  -1.1710566e-01
  -1.0727513e-01
  -9.7434263e-02
  -8.7584021e-02
  -7.7725354e-02
  -6.7859216e-02
  -5.7986561e-02
  -4.8108345e-02
  -3.8225521e-02
  -2.8339044e-02
  -1.8449870e-02
  -8.5589511e-03
   1.3327560e-03
   1.1224297e-02
   2.1114717e-02
   3.1003060e-02
   4.0888372e-02
   5.0769697e-02
   6.0646081e-02
   7.0516567e-02
   8.0380200e-02
   9.0236025e-02
   1.0008309e-01
   1.0992043e-01
   1.1974709e-01
   1.2956213e-01
   1.3936457e-01
   1.4915348e-01
   1.5892788e-01
   1.6868683e-01
   1.7842936e-01
   1.8815453e-01
   1.9786137e-01
   2.0754894e-01
   2.1721626e-01
   2.2686239e-01
   2.3648636e-01
   2.4608723e-01
   2.5566403e-01
   2.6521581e-01
   2.7474161e-01
   2.8424048e-01
   2.9371145e-01
   3.0315356e-01
   3.1256587e-01
   3.2194741e-01
   3.3129723e-01
   3.4061437e-01
   3.4989788e-01
   3.5914762e-01
   3.6836309e-01
   3.7754331e-01
   3.8668727e-01
   3.9579400e-01
   4.0486252e-01
   4.1389185e-01
   4.2288105e-01
   4.3182915e-01
   4.4073522e-01
   4.4959832e-01
   4.5841751e-01
   4.6719189e-01
   4.7592053e-01
   4.8460253e-01
   4.9323700e-01
   5.0182305e-01
   5.1035979e-01
   5.1884635e-01
   5.2728188e-01
   5.3566550e-01
   5.4399638e-01
   5.5227366e-01
   5.6049653e-01
   5.6866415e-01
   5.7677570e-01
   5.8483037e-01
   5.9282737e-01
   6.0076590e-01
   6.0864518e-01
   6.1646441e-01
   6.2422285e-01
   6.3191972e-01
   6.3955427e-01
   6.4712575e-01
   6.5463343e-01
   6.6207657e-01
   6.6945446e-01
   6.7676637e-01
   6.8401160e-01
   6.9118946e-01
   6.9829925e-01
   7.0534028e-01
   7.1231189e-01
   7.1921341e-01
   7.2604417e-01
   7.3280353e-01
   7.3949085e-01
   7.4610548e-01
   7.5264680e-01
   7.5911419e-01
   7.6550704e-01
   7.7182474e-01
   7.7806671e-01
   7.8423234e-01
   7.9032107e-01
   7.9633232e-01
   8.0226552e-01
   8.0812012e-01
   8.1389557e-01
   8.1959133e-01
   8.2520686e-01
   8.3074165e-01
   8.3619518e-01
   8.4156694e-01
   8.4685642e-01
   8.5206313e-01
   8.5718659e-01
   8.6222633e-01
   8.6718187e-01
   8.7205274e-01
   8.7683851e-01
   8.8153872e-01
   8.8615293e-01
   8.9068072e-01
   8.9512167e-01
   8.9947548e-01
   9.0374215e-01
   9.0792119e-01
   9.1201213e-01
   9.1601447e-01
   9.1992775e-01
   9.2375152e-01
   9.2748533e-01
   9.3112875e-01
   9.3468135e-01
   9.3814273e-01
   9.4151249e-01
   9.4479023e-01
   9.4797558e-01
   9.5106818e-01
   9.5406767e-01
   9.5697372e-01
   9.5978598e-01
   9.6250413e-01
   9.6512788e-01
   9.6765692e-01
   9.7009097e-01
   9.7242976e-01
   9.7467301e-01
   9.7682048e-01
   9.7887194e-01
   9.8082714e-01
   9.8268587e-01
   9.8444793e-01
   9.8611313e-01
   9.8768127e-01
   9.8915219e-01
   9.9052572e-01
   9.9180172e-01
   9.9298006e-01
   9.9406059e-01
   9.9504321e-01
   9.9592782e-01
   9.9671431e-01
   9.9740262e-01
   9.9799267e-01
   9.9848440e-01
   9.9887777e-01
   9.9917273e-01
   9.9936928e-01
   9.9946738e-01
   9.9946705e-01
   9.9936829e-01
   9.9917112e-01
   9.9887558e-01
   9.9848171e-01
   9.9798956e-01
   9.9739921e-01
   9.9671073e-01
   9.9592420e-01
   9.9503974e-01
   9.9405745e-01
   9.9297746e-01
   9.9179990e-01
   9.9052491e-01
   9.8915267e-01
   9.8768332e-01
   9.8611707e-01
   9.8445409e-01
   9.8269459e-01
   9.8083878e-01
   9.7888690e-01
   9.7683917e-01
   9.7469586e-01
   9.7245721e-01
   9.7012349e-01
   9.6769500e-01
   9.6517203e-01
   9.6255487e-01
   9.5984386e-01
   9.5703931e-01
   9.5414157e-01
   9.5115098e-01
   9.4806791e-01
   9.4489274e-01
   9.4162584e-01
   9.3826762e-01
   9.3481840e-01
   9.3127785e-01
   9.2764616e-01
   9.2392369e-01
   9.2011080e-01
   9.1620787e-01
   9.1221527e-01
   9.0813340e-01
   9.0396265e-01
   8.9970342e-01
   8.9535612e-01
   8.9092118e-01
   8.8639903e-01
   8.8179009e-01
   8.7709482e-01
   8.7231365e-01
   8.6744706e-01
   8.6249551e-01
   8.5745948e-01
   8.5233944e-01
   8.4713588e-01
   8.4184932e-01
   8.3648024e-01
   8.3102917e-01
   8.2549663e-01
   8.1988315e-01
   8.1418927e-01
   8.0841553e-01
   8.0256248e-01
   7.9663069e-01
   7.9062073e-01
   7.8453317e-01
   7.7836860e-01
   7.7212761e-01
   7.6581081e-01
   7.5941879e-01
   7.5295219e-01
   7.4641161e-01
   7.3979771e-01
   7.3311110e-01
   7.2635246e-01
   7.1952242e-01
   7.1262165e-01
   7.0565083e-01
   6.9861063e-01
   6.9150175e-01
   6.8432487e-01
   6.7708071e-01
   6.6976997e-01
   6.6239336e-01
   6.5495163e-01
   6.4744550e-01
   6.3987571e-01
   6.3224302e-01
   6.2454819e-01
   6.1679197e-01
   6.0897515e-01
   6.0109850e-01
   5.9316283e-01
   5.8516891e-01
   5.7711757e-01
   5.6900961e-01
   5.6084585e-01
   5.5262713e-01
   5.4435428e-01
   5.3602815e-01
   5.2764958e-01
   5.1921945e-01
   5.1073861e-01
   5.0220795e-01
   4.9362835e-01
   4.8500070e-01
   4.7632590e-01
   4.6760486e-01
   4.5883850e-01
   4.5002773e-01
   4.4117350e-01
   4.3227604e-01
   4.2333555e-01
   4.1435298e-01
   4.0532929e-01
   3.9626542e-01
   3.8716233e-01
   3.7802098e-01
   3.6884230e-01
   3.5962726e-01
   3.5037680e-01
   3.4109188e-01
   3.3177345e-01
   3.2242246e-01
   3.1303987e-01
   3.0362663e-01
   2.9418369e-01
   2.8471199e-01
   2.7521251e-01
   2.6568618e-01
   2.5613396e-01
   2.4655681e-01
   2.3695567e-01
   2.2733151e-01
   2.1768526e-01
   2.0801789e-01
   1.9833035e-01
   1.8862360e-01
   1.7889858e-01
   1.6915624e-01
   1.5939756e-01
   1.4962346e-01
   1.3983492e-01
   1.3003288e-01
   1.2021830e-01
   1.1039214e-01
   1.0055533e-01
   9.0708850e-02
   8.0853641e-02
   7.0990660e-02
   6.1120862e-02
   5.1245200e-02
   4.1364629e-02
   3.1480103e-02
   2.1592578e-02
   1.1703008e-02
   1.8123469e-03
  -8.0784498e-03
  -1.7968427e-02
  -2.7856631e-02
  -3.7742106e-02
  -4.7623896e-02
  -5.7501048e-02
  -6.7372605e-02
  -7.7237612e-02
  -8.7095114e-02
  -9.6944156e-02
  -1.0678378e-01
  -1.1661304e-01
  -1.2643096e-01
  -1.3623661e-01
  -1.4602901e-01
  -1.5580722e-01
  -1.6557028e-01
  -1.7531724e-01
  -1.8504713e-01
  -1.9475900e-01
  -2.0445190e-01
  -2.1412486e-01
  -2.2377694e-01
  -2.3340717e-01
  -2.4301461e-01
  -2.5259828e-01
  -2.6215725e-01
  -2.7169054e-01
  -2.8119720e-01
  -2.9067628e-01
  -3.0012682e-01
  -3.0954786e-01
  -3.1893844e-01
  -3.2829762e-01
  -3.3762442e-01
  -3.4691789e-01
  -3.5617743e-01
  -3.6540298e-01
  -3.7459360e-01
  -3.8374830e-01
  -3.9286608e-01
  -4.0194596e-01
  -4.1098699e-01
  -4.1998819e-01
  -4.2894861e-01
  -4.3786730e-01
  -4.4674332e-01
  -4.5557575e-01
  -4.6436365e-01
  -4.7310613e-01
  -4.8180225e-01
  -4.9045114e-01
  -4.9905190e-01
  -5.0760363e-01
  -5.1610548e-01
  -5.2455656e-01
  -5.3295603e-01
  -5.4130302e-01
  -5.4959670e-01
  -5.5783622e-01
  -5.6602077e-01
  -5.7414952e-01
  -5.8222165e-01
  -5.9023637e-01
  -5.9819288e-01
  -6.0609039e-01
  -6.1392812e-01
  -6.2170529e-01
  -6.2942114e-01
  -6.3707492e-01
  -6.4466587e-01
  -6.5219326e-01
  -6.5965636e-01
  -6.6705442e-01
  -6.7438675e-01
  -6.8165263e-01
  -6.8885136e-01
  -6.9598225e-01
  -7.0304460e-01
  -7.1003775e-01
  -7.1696102e-01
  -7.2381375e-01
  -7.3059529e-01
  -7.3730500e-01
  -7.4394222e-01
  -7.5050635e-01
  -7.5699674e-01
  -7.6341279e-01
  -7.6975389e-01
  -7.7601945e-01
  -7.8220887e-01
  -7.8832156e-01
  -7.9435697e-01
  -8.0031451e-01
  -8.0619363e-01
  -8.1199379e-01
  -8.1771443e-01
  -8.2335502e-01
  -8.2891503e-01
  -8.3439395e-01
  -8.3979127e-01
  -8.4510647e-01
  -8.5033907e-01
  -8.5548858e-01
  -8.6055452e-01
  -8.6553642e-01
  -8.7043380e-01
  -8.7524623e-01
  -8.7997324e-01
  -8.8461441e-01
  -8.8916929e-01
  -8.9363746e-01
  -8.9801854e-01
  -9.0231252e-01
  -9.0651905e-01
  -9.1063764e-01
  -9.1466779e-01
  -9.1860905e-01
  -9.2246095e-01
  -9.2622304e-01
  -9.2989489e-01
  -9.3347607e-01
  -9.3696617e-01
  -9.4036478e-01
  -9.4367151e-01
  -9.4688598e-01
  -9.5000782e-01
  -9.5303668e-01
  -9.5597221e-01
  -9.5881407e-01
  -9.6156194e-01
  -9.6421551e-01
  -9.6677447e-01
  -9.6923855e-01
  -9.7160745e-01
  -9.7388092e-01
  -9.7605870e-01
  -9.7814054e-01
  -9.8012621e-01
  -9.8201550e-01
  -9.8380818e-01
  -9.8550407e-01
  -9.8710297e-01
  -9.8860472e-01
  -9.9000914e-01
  -9.9131608e-01
  -9.9252540e-01
  -9.9363698e-01
  -9.9465069e-01
  -9.9556642e-01
  -9.9638408e-01
  -9.9710359e-01
  -9.9772486e-01
  -9.9824785e-01
  -9.9867249e-01
  -9.9899875e-01
  -9.9922661e-01
  -9.9935603e-01
  -9.9938703e-01
  -9.9931960e-01
  -9.9915377e-01
  -9.9888956e-01
  -9.9852701e-01
  -9.9806618e-01
  -9.9750712e-01
  -9.9684991e-01
  -9.9609465e-01
  -9.9524141e-01
  -9.9429032e-01
  -9.9324150e-01
  -9.9209507e-01
  -9.9085117e-01
  -9.8950997e-01
  -9.8807162e-01
  -9.8653631e-01
  -9.8490422e-01
  -9.8317555e-01
  -9.8135051e-01
  -9.7942932e-01
  -9.7741223e-01
  -9.7529946e-01
  -9.7309129e-01
  -9.7078797e-01
  -9.6838978e-01
  -9.6589703e-01
  -9.6331000e-01
  -9.6062901e-01
  -9.5785438e-01
  -9.5498646e-01
  -9.5202559e-01
  -9.4897213e-01
  -9.4582644e-01
  -9.4258891e-01
  -9.3925993e-01
  -9.3583991e-01
  -9.3232873e-01
  -9.2872630e-01
  -9.2503299e-01
  -9.2124915e-01
  -9.1737515e-01
  -9.1341138e-01
  -9.0935821e-01
  -9.0521604e-01
  -9.0098528e-01
  -8.9666633e-01
  -8.9225960e-01
  -8.8776553e-01
  -8.8318455e-01
  -8.7851710e-01
  -8.7376362e-01
  -8.6892458e-01
  -8.6400043e-01
  -8.5899166e-01
  -8.5389873e-01
  -8.4872215e-01
  -8.4346240e-01
  -8.3811999e-01
  -8.3269543e-01
  -8.2718924e-01
  -8.2160194e-01
  -8.1593408e-01
  -8.1018620e-01
  -8.0435884e-01
  -7.9845257e-01
  -7.9246795e-01
  -7.8640556e-01
  -7.8026598e-01
  -7.7404980e-01
  -7.6775762e-01
  -7.6139004e-01
  -7.5494768e-01
  -7.4843117e-01
  -7.4184112e-01
  -7.3517818e-01
  -7.2844300e-01
  -7.2163622e-01
  -7.1475852e-01
  -7.0781055e-01
  -7.0079299e-01
  -6.9370654e-01
  -6.8655187e-01
  -6.7932970e-01
  -6.7204074e-01
  -6.6468569e-01
  -6.5726528e-01
  -6.4978024e-01
  -6.4223132e-01
  -6.3461927e-01
  -6.2694482e-01
  -6.1920877e-01
  -6.1141186e-01
  -6.0355489e-01
  -5.9563863e-01
  -5.8766389e-01
  -5.7963147e-01
  -5.7154217e-01
  -5.6339682e-01
  -5.5519625e-01
  -5.4694128e-01
  -5.3863276e-01
  -5.3027154e-01
  -5.2185849e-01
  -5.1339445e-01
  -5.0488031e-01
  -4.9631695e-01
  -4.8770527e-01
  -4.7904614e-01
  -4.7034049e-01
  -4.6158923e-01
  -4.5279327e-01
  -4.4395354e-01
  -4.3507070e-01
  -4.2614462e-01
  -4.1717617e-01
  -4.0816629e-01
  -3.9911593e-01
  -3.9002605e-01
  -3.8089760e-01
  -3.7173153e-01
  -3.6252879e-01
  -3.5329034e-01
  -3.4401712e-01
  -3.3471009e-01
  -3.2537021e-01
  -3.1599841e-01
  -3.0659567e-01
  -2.9716292e-01
  -2.8770112e-01
  -2.7821123e-01
  -2.6869419e-01
  -2.5915096e-01
  -2.4958250e-01
  -2.3998975e-01
  -2.3037367e-01
  -2.2073521e-01
  -2.1107532e-01
  -2.0139497e-01
  -1.9169509e-01
  -1.8197665e-01
  -1.7224060e-01
  -1.6248788e-01
  -1.5271947e-01
  -1.4293630e-01
  -1.3313933e-01
  -1.2332952e-01
  -1.1350782e-01
  -1.0367519e-01
  -9.3832566e-02
  -8.3980920e-02
  -7.4121199e-02
  -6.4254358e-02
  -5.4381351e-02
  -4.4503134e-02
  -3.4620659e-02
  -2.4734882e-02
  -1.4846757e-02
  -4.9572389e-03
   4.9327181e-03
   1.4822159e-02
   2.4710129e-02
   3.4595673e-02
   4.4477837e-02
   5.4355665e-02
   6.4228202e-02
   7.4094493e-02
   8.3953583e-02
   9.3804517e-02
   1.0364634e-01
   1.1347809e-01
   1.2329883e-01
   1.3310758e-01
   1.4290340e-01
   1.5268533e-01
   1.6245242e-01
   1.7220370e-01
   1.8193823e-01
   1.9165504e-01
   2.0135319e-01
   2.1103171e-01
   2.2068965e-01
   2.3032605e-01
   2.3993996e-01
   2.4953041e-01
   2.5909646e-01
   2.6863715e-01
   2.7815152e-01
   2.8763861e-01
   2.9709747e-01
   3.0652714e-01
   3.1592666e-01
   3.2529507e-01
   3.3463143e-01
   3.4393477e-01
   3.5320422e-01
   3.6243980e-01
   3.7164077e-01
   3.8080613e-01
   3.8993489e-01
   3.9902608e-01
   4.0807872e-01
   4.1709185e-01
   4.2606450e-01
   4.3499574e-01
   4.4388461e-01
   4.5273019e-01
   4.6153154e-01
   4.7028776e-01
   4.7899792e-01
   4.8766114e-01
   4.9627651e-01
   5.0484315e-01
   5.1336018e-01
   5.2182673e-01
   5.3024194e-01
   5.3860496e-01
   5.4691493e-01
   5.5517102e-01
   5.6337240e-01
   5.7151825e-01
   5.7960775e-01
   5.8764009e-01
   5.9561448e-01
   6.0353013e-01
   6.1138625e-01
   6.1918206e-01
   6.2691680e-01
   6.3458972e-01
   6.4220005e-01
   6.4974706e-01
   6.5723001e-01
   6.6464817e-01
   6.7200083e-01
   6.7928726e-01
   6.8650678e-01
   6.9365867e-01
   7.0074226e-01
   7.0775686e-01
   7.1470181e-01
   7.2157643e-01
   7.2838007e-01
   7.3511208e-01
   7.4177183e-01
   7.4835867e-01
   7.5487200e-01
   7.6131118e-01
   7.6767560e-01
   7.7396468e-01
   7.8017782e-01
   7.8631442e-01
   7.9237392e-01
   7.9835574e-01
   8.0425933e-01
   8.1008413e-01
   8.1582959e-01
   8.2149518e-01
   8.2708036e-01
   8.3258463e-01
   8.3800745e-01
   8.4334834e-01
   8.4860678e-01
   8.5378229e-01
   8.5887439e-01
   8.6388260e-01
   8.6880645e-01
   8.7364550e-01
   8.7839928e-01
   8.8306736e-01
   8.8764931e-01
   8.9214468e-01
   8.9655307e-01
   9.0087434e-01
   9.0510833e-01
   9.0925454e-01
   9.1331248e-01
   9.1728168e-01
   9.2116168e-01
   9.2495202e-01
   9.2865227e-01
   9.3226199e-01
   9.3578077e-01
   9.3920820e-01
   9.4254388e-01
   9.4578743e-01
   9.4893848e-01
   9.5199667e-01
   9.5496164e-01
   9.5783307e-01
   9.6061061e-01
   9.6329396e-01
   9.6588281e-01
   9.6837687e-01
   9.7077586e-01
   9.7307950e-01
   9.7528754e-01
   9.7739973e-01
   9.7941584e-01
   9.8133564e-01
   9.8315891e-01
   9.8488545e-01
   9.8651508e-01
   9.8804761e-01
   9.8948288e-01
   9.9082073e-01
   9.9206101e-01
   9.9320360e-01
   9.9424836e-01
   9.9519519e-01
   9.9604398e-01
   9.9679465e-01
   9.9744713e-01
   9.9800134e-01
   9.9845724e-01
   9.9881477e-01
   9.9907391e-01
   9.9923464e-01
   9.9929695e-01
   9.9926083e-01
   9.9912632e-01
   9.9889342e-01
   9.9856218e-01
   9.9813265e-01
   9.9760488e-01
   9.9697894e-01
   9.9625493e-01
   9.9543292e-01
   9.9451303e-01
   9.9349537e-01
   9.9238007e-01
   9.9116727e-01
   9.8985712e-01
   9.8844978e-01
   9.8694543e-01
   9.8534424e-01
   9.8364642e-01
   9.8185216e-01
   9.7996170e-01
   9.7797526e-01
   9.7589308e-01
   9.7371541e-01
   9.7144252e-01
   9.6907468e-01
   9.6661218e-01
   9.6405532e-01
   9.6140441e-01
   9.5865976e-01
   9.5582172e-01
   9.5289062e-01
   9.4986682e-01
   9.4675068e-01
   9.4354259e-01
   9.4024292e-01
   9.3685210e-01
   9.3337027e-01
   9.2979715e-01
   9.2613303e-01
   9.2237828e-01
   9.1853326e-01
   9.1459835e-01
   9.1057393e-01
   9.0646039e-01
   9.0225814e-01
   8.9796757e-01
   8.9358911e-01
   8.8912317e-01
   8.8457019e-01
   8.7993061e-01
   8.7520487e-01
   8.7039342e-01
   8.6549673e-01
   8.6051527e-01
   8.5544951e-01
   8.5029994e-01
   8.4506706e-01
   8.3975136e-01
   8.3435336e-01
   8.2887357e-01
   8.2331252e-01
   8.1767073e-01
   8.1194876e-01
   8.0614714e-01
   8.0026644e-01
   7.9430722e-01
   7.8827005e-01
   7.8215551e-01
   7.7596419e-01
   7.6969669e-01
   7.6335360e-01
   7.5693555e-01
   7.5044314e-01
   7.4387701e-01
   7.3723780e-01
   7.3052614e-01
   7.2374268e-01
   7.1688809e-01
   7.0996302e-01
   7.0296817e-01
   6.9590420e-01
   6.8877181e-01
   6.8157169e-01
   6.7430456e-01
   6.6697112e-01
   6.5957210e-01
   6.5210823e-01
   6.4458023e-01
   6.3698887e-01
   6.2933489e-01
   6.2161906e-01
   6.1384213e-01
   6.0600490e-01
   5.9810813e-01
   5.9015264e-01
   5.8213920e-01
   5.7406865e-01
   5.6594178e-01
   5.5775943e-01
   5.4952242e-01
   5.4123160e-01
   5.3288781e-01
   5.2449191e-01
   5.1604477e-01
   5.0754724e-01
   4.9900022e-01
   4.9040458e-01
   4.8176123e-01
   4.7307106e-01
   4.6433500e-01
   4.5555394e-01
   4.4672883e-01
   4.3786053e-01
   4.2894895e-01
   4.1999469e-01
   4.1099871e-01
   4.0196195e-01
   3.9288537e-01
   3.8376992e-01
   3.7461655e-01
   3.6542620e-01
   3.5619985e-01
   3.4693843e-01
   3.3764289e-01
   3.2831420e-01
   3.1895330e-01
   3.0956115e-01
   3.0013870e-01
   2.9068689e-01
   2.8120669e-01
   2.7169904e-01
   2.6216491e-01
   2.5260523e-01
   2.4302097e-01
   2.3341308e-01
   2.2378251e-01
   2.1413021e-01
   2.0445713e-01
   1.9476424e-01
   1.8505248e-01
   1.7532280e-01
   1.6557617e-01
   1.5581353e-01
   1.4603583e-01
   1.3624404e-01
   1.2643910e-01
   1.1662197e-01
   1.0679360e-01
   9.6954942e-02
   8.7106956e-02
   7.7250594e-02
   6.7386810e-02
   5.7516558e-02
   4.7640791e-02
   3.7760465e-02
   2.7876533e-02
   1.7989951e-02
   8.1016719e-03
  -1.7873490e-03
  -1.1676157e-02
  -2.1563798e-02
  -3.1449317e-02
  -4.1331758e-02
  -5.1210168e-02
  -6.1083591e-02
  -7.0951072e-02
  -8.0811657e-02
  -9.0664389e-02
  -1.0050831e-01
  -1.1034248e-01
  -1.2016592e-01
  -1.2997769e-01
  -1.3977683e-01
  -1.4956239e-01
  -1.5933341e-01
  -1.6908893e-01
  -1.7882800e-01
  -1.8854966e-01
  -1.9825296e-01
  -2.0793694e-01
  -2.1760065e-01
  -2.2724312e-01
  -2.3686341e-01
  -2.4646055e-01
  -2.5603360e-01
  -2.6558158e-01
  -2.7510356e-01
  -2.8459856e-01
  -2.9406564e-01
  -3.0350384e-01
  -3.1291219e-01
  -3.2228976e-01
  -3.3163556e-01
  -3.4094866e-01
  -3.5022810e-01
  -3.5947361e-01
  -3.6868484e-01
  -3.7786078e-01
  -3.8700045e-01
  -3.9610285e-01
  -4.0516702e-01
  -4.1419199e-01
  -4.2317679e-01
  -4.3212048e-01
  -4.4102211e-01
  -4.4988075e-01
  -4.5869546e-01
  -4.6746532e-01
  -4.7618944e-01
  -4.8486689e-01
  -4.9349679e-01
  -5.0207824e-01
  -5.1061036e-01
  -5.1909229e-01
  -5.2752316e-01
  -5.3590210e-01
  -5.4422828e-01
  -5.5250085e-01
  -5.6071897e-01
  -5.6888183e-01
  -5.7698860e-01
  -5.8503848e-01
  -5.9303067e-01
  -6.0096436e-01
  -6.0883878e-01
  -6.1665315e-01
  -6.2440670e-01
  -6.3209866e-01
  -6.3972829e-01
  -6.4729483e-01
  -6.5479756e-01
  -6.6223573e-01
  -6.6960863e-01
  -6.7691554e-01
  -6.8415576e-01
  -6.9132858e-01
  -6.9843333e-01
  -7.0546931e-01
  -7.1243585e-01
  -7.1933228e-01
  -7.2615795e-01
  -7.3291220e-01
  -7.3959439e-01
  -7.4620389e-01
  -7.5274007e-01
  -7.5920231e-01
  -7.6559000e-01
  -7.7190253e-01
  -7.7813932e-01
  -7.8429976e-01
  -7.9038329e-01
  -7.9638934e-01
  -8.0231733e-01
  -8.0816671e-01
  -8.1393693e-01
  -8.1962747e-01
  -8.2523777e-01
  -8.3076732e-01
  -8.3621560e-01
  -8.4158211e-01
  -8.4686634e-01
  -8.5206780e-01
  -8.5718601e-01
  -8.6222049e-01
  -8.6717077e-01
  -8.7203639e-01
  -8.7681690e-01
  -8.8151186e-01
  -8.8612082e-01
  -8.9064335e-01
  -8.9507904e-01
  -8.9942760e-01
  -9.0368900e-01
  -9.0786279e-01
  -9.1194848e-01
  -9.1594558e-01
  -9.1985364e-01
  -9.2367219e-01
  -9.2740079e-01
  -9.3103901e-01
  -9.3458643e-01
  -9.3804263e-01
  -9.4140723e-01
  -9.4467982e-01
  -9.4786004e-01
  -9.5094751e-01
  -9.5394190e-01
  -9.5684284e-01
  -9.5965002e-01
  -9.6236312e-01
  -9.6498182e-01
  -9.6750582e-01
  -9.6993486e-01
  -9.7226864e-01
  -9.7450691e-01
  -9.7664942e-01
  -9.7869593e-01
  -9.8064620e-01
  -9.8250003e-01
  -9.8425720e-01
  -9.8591752e-01
  -9.8748082e-01
  -9.8894691e-01
  -9.9031563e-01
  -9.9158685e-01
  -9.9276042e-01
  -9.9383621e-01
  -9.9481411e-01
  -9.9569402e-01
  -9.9647584e-01
  -9.9715950e-01
  -9.9774492e-01
  -9.9823205e-01
  -9.9862083e-01
  -9.9891125e-01
  -9.9910326e-01
  -9.9919687e-01
  -9.9919206e-01
  -9.9908885e-01
  -9.9888726e-01
  -9.9858733e-01
  -9.9818909e-01
  -9.9769260e-01
  -9.9709794e-01
  -9.9640517e-01
  -9.9561439e-01
  -9.9472570e-01
  -9.9373922e-01
  -9.9265506e-01
  -9.9147336e-01
  -9.9019427e-01
  -9.8881795e-01
  -9.8734456e-01
  -9.8577429e-01
  -9.8410733e-01
  -9.8234389e-01
  -9.8048416e-01
  -9.7852840e-01
  -9.7647682e-01
  -9.7432969e-01
  -9.7208725e-01
  -9.6974979e-01
  -9.6731758e-01
  -9.6479092e-01
  -9.6217012e-01
  -9.5945549e-01
  -9.5664736e-01
  -9.5374608e-01
  -9.5075198e-01
  -9.4766544e-01
  -9.4448683e-01
  -9.4121654e-01
  -9.3785495e-01
  -9.3440242e-01
  -9.3085863e-01
  -9.2722375e-01
  -9.2349812e-01
  -9.1968211e-01
  -9.1577610e-01
  -9.1178046e-01
  -9.0769560e-01
  -9.0352189e-01
  -8.9925975e-01
  -8.9490959e-01
  -8.9047183e-01
  -8.8594689e-01
  -8.8133522e-01
  -8.7663726e-01
  -8.7185345e-01
  -8.6698426e-01
  -8.6203016e-01
  -8.5699161e-01
  -8.5186911e-01
  -8.4666315e-01
  -8.4137421e-01
  -8.3600282e-01
  -8.3054948e-01
  -8.2501471e-01
  -8.1939905e-01
  -8.1370304e-01
  -8.0792722e-01
  -8.0207214e-01
  -7.9613837e-01
  -7.9012648e-01
  -7.8403704e-01
  -7.7787063e-01
  -7.7162786e-01
  -7.6530932e-01
  -7.5891563e-01
  -7.5244739e-01
  -7.4590524e-01
  -7.3928980e-01
  -7.3260172e-01
  -7.2584164e-01
  -7.1901022e-01
  -7.1210813e-01
  -7.0513604e-01
  -6.9809462e-01
  -6.9098456e-01
  -6.8380656e-01
  -6.7656133e-01
  -6.6924957e-01
  -6.6187200e-01
  -6.5442935e-01
  -6.4692236e-01
  -6.3935176e-01
  -6.3171831e-01
  -6.2402277e-01
  -6.1626589e-01
  -6.0844847e-01
  -6.0057127e-01
  -5.9263509e-01
  -5.8464073e-01
  -5.7658899e-01
  -5.6848068e-01
  -5.6031663e-01
  -5.5209766e-01
  -5.4382462e-01
  -5.3549834e-01
  -5.2711969e-01
  -5.1868951e-01
  -5.1020869e-01
  -5.0167808e-01
  -4.9309859e-01
  -4.8447110e-01
  -4.7579652e-01
  -4.6707574e-01
  -4.5830969e-01
  -4.4949928e-01
  -4.4064546e-01
  -4.3174847e-01
  -4.2280850e-01
  -4.1382651e-01
  -4.0480344e-01
  -3.9574025e-01
  -3.8663788e-01
  -3.7749730e-01
  -3.6831945e-01
  -3.5910528e-01
  -3.4985575e-01
  -3.4057181e-01
  -3.3125441e-01
  -3.2190450e-01
  -3.1252304e-01
  -3.0311097e-01
  -2.9366926e-01
  -2.8419885e-01
  -2.7470069e-01
  -2.6517574e-01
  -2.5562495e-01
  -2.4604928e-01
  -2.3644967e-01
  -2.2682708e-01
  -2.1718246e-01
  -2.0751677e-01
  -1.9783095e-01
  -1.8812597e-01
  -1.7840277e-01
  -1.6866232e-01
  -1.5890555e-01
  -1.4913343e-01
  -1.3934690e-01
  -1.2954693e-01
  -1.1973446e-01
  -1.0991046e-01
  -1.0007586e-01
  -9.0231636e-02
  -8.0378731e-02
  -7.0518100e-02
  -6.0650699e-02
  -5.0777481e-02
  -4.0899400e-02
  -3.1017410e-02
  -2.1132467e-02
  -1.1245524e-02
  -1.3575354e-03
   8.5305438e-03
   1.8417759e-02
   2.8303156e-02
   3.8185780e-02
   4.8064676e-02
   5.7938889e-02
   6.7807464e-02
   7.7669447e-02
   8.7523882e-02
   9.7369814e-02
   1.0720629e-01
   1.1703235e-01
   1.2684704e-01
   1.3664941e-01
   1.4643850e-01
   1.5621335e-01
   1.6597302e-01
   1.7571653e-01
   1.8544295e-01
   1.9515131e-01
   2.0484065e-01
   2.1451003e-01
   2.2415848e-01
   2.3378505e-01
   2.4338878e-01
   2.5296872e-01
   2.6252391e-01
   2.7205339e-01
   2.8155621e-01
   2.9103141e-01
   3.0047804e-01
   3.0989513e-01
   3.1928174e-01
   3.2863690e-01
   3.3795965e-01
   3.4724905e-01
   3.5650447e-01
   3.6572586e-01
   3.7491229e-01
   3.8406277e-01
   3.9317629e-01
   4.0225190e-01
   4.1128861e-01
   4.2028547e-01
   4.2924152e-01
   4.3815581e-01
   4.4702741e-01
   4.5585538e-01
   4.6463881e-01
   4.7337678e-01
   4.8206838e-01
   4.9071271e-01
   4.9930888e-01
   5.0785601e-01
   5.1635322e-01
   5.2479965e-01
   5.3319444e-01
   5.4153673e-01
   5.4982568e-01
   5.5806046e-01
   5.6624024e-01
   5.7436420e-01
   5.8243153e-01
   5.9044142e-01
   5.9839308e-01
   6.0628572e-01
   6.1411856e-01
   6.2189083e-01
   6.2960176e-01
   6.3725060e-01
   6.4483660e-01
   6.5235901e-01
   6.5981712e-01
   6.6721018e-01
   6.7453749e-01
   6.8179834e-01
   6.8899202e-01
   6.9611784e-01
   7.0317512e-01
   7.1016319e-01
   7.1708136e-01
   7.2392898e-01
   7.3070540e-01
   7.3740997e-01
   7.4404206e-01
   7.5060103e-01
   7.5708626e-01
   7.6349714e-01
   7.6983306e-01
   7.7609343e-01
   7.8227766e-01
   7.8838516e-01
   7.9441536e-01
   8.0036769e-01
   8.0624160e-01
   8.1203653e-01
   8.1775194e-01
   8.2338730e-01
   8.2894209e-01
   8.3441577e-01
   8.3980785e-01
   8.4511782e-01
   8.5034518e-01
   8.5548945e-01
   8.6055014e-01
   8.6552680e-01
   8.7041895e-01
   8.7522614e-01
   8.7994791e-01
   8.8458385e-01
   8.8913350e-01
   8.9359645e-01
   8.9797231e-01
   9.0226107e-01
   9.0646239e-01
   9.1057577e-01
   9.1460073e-01
   9.1853679e-01
   9.2238351e-01
   9.2614042e-01
   9.2980709e-01
   9.3338311e-01
   9.3686805e-01
   9.4026151e-01
   9.4356310e-01
   9.4677244e-01
   9.4988917e-01
   9.5291292e-01
   9.5584335e-01
   9.5868013e-01
   9.6142293e-01
   9.6407144e-01
   9.6662536e-01
   9.6908441e-01
   9.7144830e-01
   9.7371677e-01
   9.7588956e-01
   9.7796644e-01
   9.7994716e-01
   9.8183152e-01
   9.8361929e-01
   9.8531028e-01
   9.8690431e-01
   9.8840120e-01
   9.8980078e-01
   9.9110290e-01
   9.9230743e-01
   9.9341423e-01
   9.9442319e-01
   9.9533419e-01
   9.9614715e-01
   9.9686197e-01
   9.9747858e-01
   9.9799693e-01
   9.9841697e-01
   9.9873864e-01
   9.9896194e-01
   9.9908683e-01
   9.9911332e-01
   9.9904141e-01
   9.9887112e-01
   9.9860249e-01
   9.9823554e-01
   9.9777034e-01
   9.9720694e-01
   9.9654543e-01
   9.9578588e-01
   9.9492840e-01
   9.9397309e-01
   9.9292008e-01
   9.9176949e-01
   9.9052147e-01
   9.8917618e-01
   9.8773378e-01
   9.8619444e-01
   9.8455836e-01
   9.8282573e-01
   9.8099677e-01
   9.7907170e-01
   9.7705075e-01
   9.7493417e-01
   9.7272221e-01
   9.7041515e-01
   9.6801326e-01
   9.6551683e-01
   9.6292617e-01
   9.6024159e-01
   9.5746341e-01
   9.5459197e-01
   9.5162762e-01
   9.4857072e-01
   9.4542163e-01
   9.4218074e-01
   9.3884845e-01
   9.3542515e-01
   9.3191072e-01
   9.2830509e-01
   9.2460862e-01
   9.2082166e-01
   9.1694458e-01
   9.1297777e-01
   9.0892161e-01
   9.0477649e-01
   9.0054281e-01
   8.9622099e-01
   8.9181145e-01
   8.8731460e-01
   8.8273088e-01
   8.7806074e-01
   8.7330461e-01
   8.6846297e-01
   8.6353626e-01
   8.5852498e-01
   8.5342959e-01
   8.4825058e-01
   8.4298846e-01
   8.3764372e-01
   8.3221688e-01
   8.2670845e-01
   8.2111897e-01
   8.1544897e-01
   8.0969900e-01
   8.0386960e-01
   7.9796133e-01
   7.9197476e-01
   7.8591047e-01
   7.7976904e-01
   7.7355106e-01
   7.6725713e-01
   7.6088785e-01
   7.5444384e-01
   7.4792572e-01
   7.4133412e-01
   7.3466967e-01
   7.2793304e-01
   7.2112486e-01
   7.1424580e-01
   7.0729652e-01
   7.0027772e-01
   6.9319006e-01
   6.8603425e-01
   6.7881098e-01
   6.7152096e-01
   6.6416492e-01
   6.5674356e-01
   6.4925764e-01
   6.4170787e-01
   6.3409503e-01
   6.2641985e-01
   6.1868310e-01
   6.1088556e-01
   6.0302800e-01
   5.9511122e-01
   5.8713600e-01
   5.7910315e-01
   5.7101348e-01
   5.6286781e-01
   5.5466697e-01
   5.4641178e-01
   5.3810310e-01
   5.2974177e-01
   5.2132865e-01
   5.1286461e-01
   5.0435052e-01
   4.9578726e-01
   4.8717572e-01
   4.7851680e-01
   4.6981141e-01
   4.6106045e-01
   4.5226485e-01
   4.4342554e-01
   4.3454314e-01
   4.2561755e-01
   4.1664964e-01
   4.0764035e-01
   3.9859064e-01
   3.8950146e-01
   3.8037376e-01
   3.7120849e-01
   3.6200661e-01
   3.5276907e-01
   3.4349681e-01
   3.3419079e-01
   3.2485197e-01
   3.1548129e-01
   3.0607971e-01
   2.9664818e-01
   2.8718765e-01
   2.7769908e-01
   2.6818341e-01
   2.5864161e-01
   2.4907461e-01
   2.3948339e-01
   2.2986888e-01
   2.2023204e-01
   2.1057382e-01
   2.0089519e-01
   1.9119708e-01
   1.8148046e-01
   1.7174627e-01
   1.6199547e-01
   1.5222902e-01
   1.4244786e-01
   1.3265295e-01
   1.2284525e-01
   1.1302570e-01
   1.0319527e-01
   9.3354894e-02
   8.3505542e-02
   7.3648162e-02
   6.3783708e-02
   5.3913134e-02
   4.4037395e-02
   3.4157444e-02
   2.4274237e-02
   1.4388726e-02
   4.5018662e-03
  -5.3853875e-03
  -1.5272081e-02
  -2.5157260e-02
  -3.5039969e-02
  -4.4919255e-02
  -5.4794161e-02
  -6.4663734e-02
  -7.4527019e-02
  -8.4383060e-02
  -9.4230903e-02
  -1.0406959e-01
  -1.1389817e-01
  -1.2371569e-01
  -1.3352119e-01
  -1.4331371e-01
  -1.5309231e-01
  -1.6285602e-01
  -1.7260388e-01
  -1.8233496e-01
  -1.9204828e-01
  -2.0174289e-01
  -2.1141784e-01
  -2.2107217e-01
  -2.3070492e-01
  -2.4031515e-01
  -2.4990188e-01
  -2.5946417e-01
  -2.6900107e-01
  -2.7851160e-01
  -2.8799483e-01
  -2.9744979e-01
  -3.0687552e-01
  -3.1627107e-01
  -3.2563548e-01
  -3.3496780e-01
  -3.4426706e-01
  -3.5353242e-01
  -3.6276388e-01
  -3.7196070e-01
  -3.8112188e-01
  -3.9024643e-01
  -3.9933337e-01
  -4.0838173e-01
  -4.1739055e-01
  -4.2635886e-01
  -4.3528572e-01
  -4.4417019e-01
  -4.5301133e-01
  -4.6180823e-01
  -4.7055995e-01
  -4.7926560e-01
  -4.8792427e-01
  -4.9653507e-01
  -5.0509711e-01
  -5.1360952e-01
  -5.2207143e-01
  -5.3048196e-01
  -5.3884028e-01
  -5.4714553e-01
  -5.5539688e-01
  -5.6359350e-01
  -5.7173456e-01
  -5.7981925e-01
  -5.8784677e-01
  -5.9581631e-01
  -6.0372708e-01
  -6.1157831e-01
  -6.1936922e-01
  -6.2709903e-01
  -6.3476700e-01
  -6.4237238e-01
  -6.4991441e-01
  -6.5739237e-01
  -6.6480552e-01
  -6.7215315e-01
  -6.7943455e-01
  -6.8664901e-01
  -6.9379584e-01
  -7.0087435e-01
  -7.0788386e-01
  -7.1482370e-01
  -7.2169321e-01
  -7.2849172e-01
  -7.3521860e-01
  -7.4187320e-01
  -7.4845489e-01
  -7.5496305e-01
  -7.6139706e-01
  -7.6775631e-01
  -7.7404020e-01
  -7.8024814e-01
  -7.8637955e-01
  -7.9243384e-01
  -7.9841045e-01
  -8.0430883e-01
  -8.1012840e-01
  -8.1586864e-01
  -8.2152901e-01
  -8.2710896e-01
  -8.3260800e-01
  -8.3802559e-01
  -8.4336124e-01
  -8.4861445e-01
  -8.5378472e-01
  -8.5887159e-01
  -8.6387456e-01
  -8.6879319e-01
  -8.7362701e-01
  -8.7837556e-01
  -8.8303842e-01
  -8.8761514e-01
  -8.9210530e-01
  -8.9650848e-01
  -9.0082455e-01
  -9.0505335e-01
  -9.0919437e-01
  -9.1324713e-01
  -9.1721116e-01
  -9.2108598e-01
  -9.2487115e-01
  -9.2856624e-01
  -9.3217080e-01
  -9.3568443e-01
  -9.3910671e-01
  -9.4243726e-01
  -9.4567569e-01
  -9.4882162e-01
  -9.5187470e-01
  -9.5483458e-01
  -9.5770091e-01
  -9.6047338e-01
  -9.6315167e-01
  -9.6573548e-01
  -9.6822450e-01
  -9.7061846e-01
  -9.7291710e-01
  -9.7512015e-01
  -9.7722737e-01
  -9.7923851e-01
  -9.8115336e-01
  -9.8297171e-01
  -9.8469334e-01
  -9.8631808e-01
  -9.8784574e-01
  -9.8927616e-01
  -9.9060917e-01
  -9.9184465e-01
  -9.9298244e-01
  -9.9402243e-01
  -9.9496451e-01
  -9.9580858e-01
  -9.9655455e-01
  -9.9720235e-01
  -9.9775191e-01
  -9.9820317e-01
  -9.9855610e-01
  -9.9881067e-01
  -9.9896684e-01
  -9.9902462e-01
  -9.9898401e-01
  -9.9884502e-01
  -9.9860768e-01
  -9.9827203e-01
  -9.9783811e-01
  -9.9730598e-01
  -9.9667572e-01
  -9.9594741e-01
  -9.9512114e-01
  -9.9419702e-01
  -9.9317516e-01
  -9.9205569e-01
  -9.9083875e-01
  -9.8952450e-01
  -9.8811309e-01
  -9.8660470e-01
  -9.8499951e-01
  -9.8329772e-01
  -9.8149953e-01
  -9.7960517e-01
  -9.7761487e-01
  -9.7552887e-01
  -9.7334741e-01
  -9.7107078e-01
  -9.6869923e-01
  -9.6623306e-01
  -9.6367256e-01
  -9.6101806e-01
  -9.5826986e-01
  -9.5542830e-01
  -9.5249373e-01
  -9.4946649e-01
  -9.4634697e-01
  -9.4313552e-01
  -9.3983255e-01
  -9.3643846e-01
  -9.3295339e-01
  -9.2937706e-01
  -9.2570977e-01
  -9.2195189e-01
  -9.1810378e-01
  -9.1416583e-01
  -9.1013840e-01
  -9.0602191e-01
  -9.0181673e-01
  -8.9752329e-01
  -8.9314200e-01
  -8.8867327e-01
  -8.8411755e-01
  -8.7947527e-01
  -8.7474687e-01
  -8.6993281e-01
  -8.6503355e-01
  -8.6004957e-01
  -8.5498133e-01
  -8.4982934e-01
  -8.4459407e-01
  -8.3927603e-01
  -8.3387574e-01
  -8.2839370e-01
  -8.2283045e-01
  -8.1718651e-01
  -8.1146243e-01
  -8.0565876e-01
  -7.9977605e-01
  -7.9381486e-01
  -7.8777578e-01
  -7.8165937e-01
  -7.7546624e-01
  -7.6919696e-01
  -7.6285216e-01
  -7.5643243e-01
  -7.4993840e-01
  -7.4337070e-01
  -7.3672996e-01
  -7.3001683e-01
  -7.2323195e-01
  -7.1637598e-01
  -7.0944960e-01
  -7.0245347e-01
  -6.9538828e-01
  -6.8825471e-01
  -6.8105348e-01
  -6.7378527e-01
  -6.6645082e-01
  -6.5905083e-01
  -6.5158604e-01
  -6.4405718e-01
  -6.3646501e-01
  -6.2881027e-01
  -6.2109372e-01
  -6.1331614e-01
  -6.0547830e-01
  -5.9758099e-01
  -5.8962499e-01
  -5.8161111e-01
  -5.7354016e-01
  -5.6541295e-01
  -5.5723031e-01
  -5.4899306e-01
  -5.4070206e-01
  -5.3235814e-01
  -5.2396217e-01
  -5.1551499e-01
  -5.0701750e-01
  -4.9847056e-01
  -4.8987506e-01
  -4.8123190e-01
  -4.7254197e-01
  -4.6380620e-01
  -4.5502550e-01
  -4.4620079e-01
  -4.3733293e-01
  -4.2842181e-01
  -4.1946807e-01
  -4.1047266e-01
  -4.0143653e-01
  -3.9236062e-01
  -3.8324590e-01
  -3.7409331e-01
  -3.6490381e-01
  -3.5567834e-01
  -3.4641786e-01
  -3.3712332e-01
  -3.2779568e-01
  -3.1843588e-01
  -3.0904488e-01
  -2.9962363e-01
  -2.9017308e-01
  -2.8069419e-01
  -2.7118790e-01
  -2.6165517e-01
  -2.5209695e-01
  -2.4251420e-01
  -2.3290787e-01
  -2.2327890e-01
  -2.1362826e-01
  -2.0395690e-01
  -1.9426576e-01
  -1.8455581e-01
  -1.7482799e-01
  -1.6508325e-01
  -1.5532256e-01
  -1.4554687e-01
  -1.3575712e-01
  -1.2595428e-01
  -1.1613929e-01
  -1.0631310e-01
  -9.6476685e-02
  -8.6630982e-02
  -7.6776948e-02
  -6.6915538e-02
  -5.7047705e-02
  -4.7174404e-02
  -3.7296589e-02
  -2.7415213e-02
  -1.7531231e-02
  -7.6455965e-03
   2.2407353e-03
   1.2126811e-02
   2.2011675e-02
   3.1894373e-02
   4.1773952e-02
   5.1649455e-02
   6.1519929e-02
   7.1384419e-02
   8.1241970e-02
   9.1091627e-02
   1.0093244e-01
   1.1076344e-01
   1.2058368e-01
   1.3039222e-01
   1.4018808e-01
   1.4997031e-01
   1.5973797e-01
   1.6949009e-01
   1.7922572e-01
   1.8894391e-01
   1.9864369e-01
   2.0832412e-01
   2.1798423e-01
   2.2762307e-01
   2.3723969e-01
   2.4683312e-01
   2.5640242e-01
   2.6594663e-01
   2.7546478e-01
   2.8495593e-01
   2.9441912e-01
   3.0385339e-01
   3.1325779e-01
   3.2263136e-01
   3.3197313e-01
   3.4128217e-01
   3.5055751e-01
   3.5979893e-01
   3.6900604e-01
   3.7817782e-01
   3.8731330e-01
   3.9641147e-01
   4.0547139e-01
   4.1449206e-01
   4.2347254e-01
   4.3241187e-01
   4.4130911e-01
   4.5016333e-01
   4.5897359e-01
   4.6773898e-01
   4.7645859e-01
   4.8513151e-01
   4.9375684e-01
   5.0233371e-01
   5.1086122e-01
   5.1933851e-01
   5.2776471e-01
   5.3613896e-01
   5.4446043e-01
   5.5272826e-01
   5.6094162e-01
   5.6909970e-01
   5.7720166e-01
   5.8524672e-01
   5.9323405e-01
   6.0116288e-01
   6.0903242e-01
   6.1684188e-01
   6.2459050e-01
   6.3227753e-01
   6.3990220e-01
   6.4746376e-01
   6.5496150e-01
   6.6239466e-01
   6.6976254e-01
   6.7706441e-01
   6.8429958e-01
   6.9146734e-01
   6.9856700e-01
   7.0559789e-01
   7.1255933e-01
   7.1945065e-01
   7.2627119e-01
   7.3302031e-01
   7.3969736e-01
   7.4630171e-01
   7.5283272e-01
   7.5928979e-01
   7.6567230e-01
   7.7197965e-01
   7.7821124e-01
   7.8436649e-01
   7.9044482e-01
   7.9644565e-01
   8.0236843e-01
   8.0821259e-01
   8.1397760e-01
   8.1966290e-01
   8.2526798e-01
   8.3079230e-01
   8.3623535e-01
   8.4159663e-01
   8.4687563e-01
   8.5207186e-01
   8.5718484e-01
   8.6221409e-01
   8.6715914e-01
   8.7201953e-01
   8.7679482e-01
   8.8148455e-01
   8.8608829e-01
   8.9060561e-01
   8.9503610e-01
   8.9937946e-01
   9.0363569e-01
   9.0780430e-01
   9.1188481e-01
   9.1587674e-01
   9.1977962e-01
   9.2359301e-01
   9.2731645e-01
   9.3094952e-01
   9.3449179e-01
   9.3794285e-01
   9.4130231e-01
   9.4456978e-01
   9.4774488e-01
   9.5082724e-01
   9.5381653e-01
   9.5671239e-01
   9.5951449e-01
   9.6222252e-01
   9.6483616e-01
   9.6735513e-01
   9.6977914e-01
   9.7210791e-01
   9.7434118e-01
   9.7647871e-01
   9.7852025e-01
   9.8046557e-01
   9.8231446e-01
   9.8406671e-01
   9.8572214e-01
   9.8728055e-01
   9.8874178e-01
   9.9010566e-01
   9.9137206e-01
   9.9254082e-01
   9.9361183e-01
   9.9458498e-01
   9.9546015e-01
   9.9623726e-01
   9.9691622e-01
   9.9749698e-01
   9.9797947e-01
   9.9836364e-01
   9.9864946e-01
   9.9883691e-01
   9.9892598e-01
   9.9891666e-01
   9.9880897e-01
   9.9860292e-01
   9.9829856e-01
   9.9789592e-01
   9.9739507e-01
   9.9679606e-01
   9.9609899e-01
   9.9530393e-01
   9.9441100e-01
   9.9342030e-01
   9.9233196e-01
   9.9114611e-01
   9.8986291e-01
   9.8848250e-01
   9.8700507e-01
   9.8543079e-01
   9.8375985e-01
   9.8199246e-01
   9.8012884e-01
   9.7816920e-01
   9.7611379e-01
   9.7396286e-01
   9.7171667e-01
   9.6937549e-01
   9.6693960e-01
   9.6440930e-01
   9.6178490e-01
   9.5906671e-01
   9.5625506e-01
   9.5335030e-01
   9.5035276e-01
   9.4726283e-01
   9.4408086e-01
   9.4080726e-01
   9.3744240e-01
   9.3398663e-01
   9.3043962e-01
   9.2680155e-01
   9.2307278e-01
   9.1925368e-01
   9.1534461e-01
   9.1134597e-01
   9.0725813e-01
   9.0308149e-01
   8.9881647e-01
   8.9446346e-01
   8.9002290e-01
   8.8549521e-01
   8.8088083e-01
   8.7618019e-01
   8.7139376e-01
   8.6652200e-01
   8.6156536e-01
   8.5652432e-01
   8.5139938e-01
   8.4619102e-01
   8.4089973e-01
   8.3552603e-01
   8.3007043e-01
   8.2453345e-01
   8.1891563e-01
   8.1321750e-01
   8.0743960e-01
   8.0158250e-01
   7.9564675e-01
   7.8963293e-01
   7.8354160e-01
   7.7737337e-01
   7.7112881e-01
   7.6480854e-01
   7.5841315e-01
   7.5194328e-01
   7.4539953e-01
   7.3878256e-01
   7.3209298e-01
   7.2533147e-01
   7.1849866e-01
   7.1159522e-01
   7.0462184e-01
   6.9757918e-01
   6.9046793e-01
   6.8328880e-01
   6.7604247e-01
   6.6872967e-01
   6.6135112e-01
   6.5390754e-01
   6.4639966e-01
   6.3882823e-01
   6.3119400e-01
   6.2349773e-01
   6.1574018e-01
   6.0792213e-01
   6.0004436e-01
   5.9210767e-01
   5.8411284e-01
   5.7606068e-01
   5.6795201e-01
   5.5978766e-01
   5.5156844e-01
   5.4329519e-01
   5.3496877e-01
   5.2659001e-01
   5.1815980e-01
   5.0967898e-01
   5.0114845e-01
   4.9256908e-01
   4.8394176e-01
   4.7526740e-01
   4.6654691e-01
   4.5778119e-01
   4.4897118e-01
   4.4011780e-01
   4.3122125e-01
   4.2228178e-01
   4.1330033e-01
   4.0427787e-01
   3.9521533e-01
   3.8611368e-01
   3.7697386e-01
   3.6779683e-01
   3.5858354e-01
   3.4933493e-01
   3.4005197e-01
   3.3073560e-01
   3.2138678e-01
   3.1200645e-01
   3.0259557e-01
   2.9315510e-01
   2.8368598e-01
   2.7418916e-01
   2.6466561e-01
   2.5511626e-01
   2.4554208e-01
   2.3594402e-01
   2.2632302e-01
   2.1668005e-01
   2.0701605e-01
   1.9733198e-01
   1.8762879e-01
   1.7790743e-01
   1.6816886e-01
   1.5841403e-01
   1.4864390e-01
   1.3885941e-01
   1.2906151e-01
   1.1925118e-01
   1.0942934e-01
   9.9596972e-02
   8.9755014e-02
   7.9904423e-02
   7.0046153e-02
   6.0181157e-02
   5.0310390e-02
   4.0434806e-02
   3.0555358e-02
   2.0673001e-02
   1.0788689e-02
   9.0337536e-04
  -8.9819850e-03
  -1.8866438e-02
  -2.8749029e-02
  -3.8628804e-02
  -4.8504808e-02
  -5.8376086e-02
  -6.8241685e-02
  -7.8100648e-02
  -8.7952023e-02
  -9.7794852e-02
  -1.0762818e-01
  -1.1745106e-01
  -1.2726253e-01
  -1.3706163e-01
  -1.4684741e-01
  -1.5661892e-01
  -1.6637520e-01
  -1.7611529e-01
  -1.8583824e-01
  -1.9554310e-01
  -2.0522890e-01
  -2.1489469e-01
  -2.2453953e-01
  -2.3416244e-01
  -2.4376248e-01
  -2.5333868e-01
  -2.6289010e-01
  -2.7241578e-01
  -2.8191476e-01
  -2.9138608e-01
  -3.0082879e-01
  -3.1024194e-01
  -3.1962456e-01
  -3.2897570e-01
  -3.3829440e-01
  -3.4757971e-01
  -3.5683104e-01
  -3.6604833e-01
  -3.7523062e-01
  -3.8437692e-01
  -3.9348624e-01
  -4.0255760e-01
  -4.1159003e-01
  -4.2058258e-01
  -4.2953428e-01
  -4.3844420e-01
  -4.4731140e-01
  -4.5613493e-01
  -4.6491390e-01
  -4.7364737e-01
  -4.8233444e-01
  -4.9097422e-01
  -4.9956581e-01
  -5.0810834e-01
  -5.1660092e-01
  -5.2504269e-01
  -5.3343279e-01
  -5.4177038e-01
  -5.5005460e-01
  -5.5828463e-01
  -5.6645963e-01
  -5.7457880e-01
  -5.8264130e-01
  -5.9064635e-01
  -5.9859315e-01
  -6.0648091e-01
  -6.1430885e-01
  -6.2207620e-01
  -6.2978219e-01
  -6.3742608e-01
  -6.4500710e-01
  -6.5252453e-01
  -6.5997763e-01
  -6.6736568e-01
  -6.7468795e-01
  -6.8194375e-01
  -6.8913237e-01
  -6.9625312e-01
  -7.0330531e-01
  -7.1028827e-01
  -7.1720134e-01
  -7.2404384e-01
  -7.3081512e-01
  -7.3751455e-01
  -7.4414149e-01
  -7.5069529e-01
  -7.5717536e-01
  -7.6358106e-01
  -7.6991180e-01
  -7.7616698e-01
  -7.8234601e-01
  -7.8844831e-01
  -7.9447330e-01
  -8.0042042e-01
  -8.0628911e-01
  -8.1207882e-01
  -8.1778902e-01
  -8.2341915e-01
  -8.2896871e-01
  -8.3443716e-01
  -8.3982401e-01
  -8.4512875e-01
  -8.5035088e-01
  -8.5548992e-01
  -8.6054539e-01
  -8.6551681e-01
  -8.7040374e-01
  -8.7520570e-01
  -8.7992226e-01
  -8.8455297e-01
  -8.8909741e-01
  -8.9355515e-01
  -8.9792582e-01
  -9.0220941e-01
  -9.0640555e-01
  -9.1051376e-01
  -9.1453355e-01
  -9.1846444e-01
  -9.2230599e-01
  -9.2605775e-01
  -9.2971927e-01
  -9.3329014e-01
  -9.3676993e-01
  -9.4015826e-01
  -9.4345472e-01
  -9.4665895e-01
  -9.4977056e-01
  -9.5278921e-01
  -9.5571455e-01
  -9.5854625e-01
  -9.6128398e-01
  -9.6392744e-01
  -9.6647631e-01
  -9.6893033e-01
  -9.7128920e-01
  -9.7355267e-01
  -9.7572047e-01
  -9.7779238e-01
  -9.7976814e-01
  -9.8164755e-01
  -9.8343040e-01
  -9.8511649e-01
  -9.8670563e-01
  -9.8819765e-01
  -9.8959238e-01
  -9.9088967e-01
  -9.9208939e-01
  -9.9319141e-01
  -9.9419559e-01
  -9.9510185e-01
  -9.9591009e-01
  -9.9662021e-01
  -9.9723215e-01
  -9.9774585e-01
  -9.9816125e-01
  -9.9847833e-01
  -9.9869705e-01
  -9.9881739e-01
  -9.9883936e-01
  -9.9876296e-01
  -9.9858821e-01
  -9.9831513e-01
  -9.9794378e-01
  -9.9747420e-01
  -9.9690645e-01
  -9.9624062e-01
  -9.9547678e-01
  -9.9461504e-01
  -9.9365551e-01
  -9.9259831e-01
  -9.9144356e-01
  -9.9019142e-01
  -9.8884203e-01
  -9.8739557e-01
  -9.8585221e-01
  -9.8421214e-01
  -9.8247556e-01
  -9.8064268e-01
  -9.7871373e-01
  -9.7668894e-01
  -9.7456855e-01
  -9.7235283e-01
  -9.7004204e-01
  -9.6763646e-01
  -9.6513638e-01
  -9.6254211e-01
  -9.5985395e-01
  -9.5707224e-01
  -9.5419732e-01
  -9.5122952e-01
  -9.4816921e-01
  -9.4501676e-01
  -9.4177255e-01
  -9.3843698e-01
  -9.3501044e-01
  -9.3149278e-01
  -9.2788396e-01
  -9.2418433e-01
  -9.2039426e-01
  -9.1651412e-01
  -9.1254428e-01
  -9.0848513e-01
  -9.0433707e-01
  -9.0010050e-01
  -8.9577582e-01
  -8.9136347e-01
  -8.8686385e-01
  -8.8227741e-01
  -8.7760458e-01
  -8.7284582e-01
  -8.6800158e-01
  -8.6307233e-01
  -8.5805854e-01
  -8.5296070e-01
  -8.4777928e-01
  -8.4251479e-01
  -8.3716773e-01
  -8.3173862e-01
  -8.2622796e-01
  -8.2063630e-01
  -8.1496417e-01
  -8.0921211e-01
  -8.0338067e-01
  -7.9747041e-01
  -7.9148190e-01
  -7.8541571e-01
  -7.7927243e-01
  -7.7305265e-01
  -7.6675696e-01
  -7.6038598e-01
  -7.5394031e-01
  -7.4742059e-01
  -7.4082743e-01
  -7.3416148e-01
  -7.2742339e-01
  -7.2061380e-01
  -7.1373338e-01
  -7.0678280e-01
  -6.9976274e-01
  -6.9267388e-01
  -6.8551691e-01
  -6.7829253e-01
  -6.7100146e-01
  -6.6364441e-01
  -6.5622211e-01
  -6.4873528e-01
  -6.4118467e-01
  -6.3357102e-01
  -6.2589510e-01
  -6.1815766e-01
  -6.1035948e-01
  -6.0250133e-01
  -5.9458401e-01
  -5.8660831e-01
  -5.7857503e-01
  -5.7048498e-01
  -5.6233898e-01
  -5.5413787e-01
  -5.4588247e-01
  -5.3757362e-01
  -5.2921218e-01
  -5.2079900e-01
  -5.1233495e-01
  -5.0382091e-01
  -4.9525776e-01
  -4.8664637e-01
  -4.7798767e-01
  -4.6928254e-01
  -4.6053190e-01
  -4.5173667e-01
  -4.4289779e-01
  -4.3401583e-01
  -4.2509072e-01
  -4.1612334e-01
  -4.0711464e-01
  -3.9806556e-01
  -3.8897708e-01
  -3.7985013e-01
  -3.7068566e-01
  -3.6148463e-01
  -3.5224800e-01
  -3.4297670e-01
  -3.3367170e-01
  -3.2433395e-01
  -3.1496439e-01
  -3.0556398e-01
  -2.9613367e-01
  -2.8667442e-01
  -2.7718717e-01
  -2.6767288e-01
  -2.5813251e-01
  -2.4856699e-01
  -2.3897729e-01
  -2.2936436e-01
  -2.1972915e-01
  -2.1007262e-01
  -2.0039571e-01
  -1.9069938e-01
  -1.8098458e-01
  -1.7125227e-01
  -1.6150339e-01
  -1.5173891e-01
  -1.4195977e-01
  -1.3216693e-01
  -1.2236134e-01
  -1.1254395e-01
  -1.0271572e-01
  -9.2877605e-02
  -8.3030553e-02
  -7.3175519e-02
  -6.3313456e-02
  -5.3445320e-02
  -4.3572063e-02
  -3.3694640e-02
  -2.3814004e-02
  -1.3931110e-02
  -4.0469110e-03
   5.8376381e-03
   1.5721583e-02
   2.5603970e-02
   3.5483845e-02
   4.5360252e-02
   5.5232239e-02
   6.5098849e-02
   7.4959128e-02
   8.4812123e-02
   9.4656877e-02
   1.0449244e-01
   1.1431785e-01
   1.2413215e-01
   1.3393440e-01
   1.4372363e-01
   1.5349889e-01
   1.6325923e-01
   1.7300368e-01
   1.8273130e-01
   1.9244113e-01
   2.0213222e-01
   2.1180360e-01
   2.2145432e-01
   2.3108343e-01
   2.4068998e-01
   2.5027299e-01
   2.5983153e-01
   2.6936463e-01
   2.7887134e-01
   2.8835070e-01
   2.9780175e-01
   3.0722355e-01
   3.1661512e-01
   3.2597553e-01
   3.3530380e-01
   3.4459899e-01
   3.5386018e-01
   3.6308682e-01
   3.7227804e-01
   3.8143292e-01
   3.9055053e-01
   3.9962994e-01
   4.0867025e-01
   4.1767054e-01
   4.2662991e-01
   4.3554747e-01
   4.4442232e-01
   4.5325359e-01
   4.6204039e-01
   4.7078185e-01
   4.7947711e-01
   4.8812531e-01
   4.9672560e-01
   5.0527712e-01
   5.1377905e-01
   5.2223054e-01
   5.3063076e-01
   5.3897890e-01
   5.4727414e-01
   5.5551567e-01
   5.6370268e-01
   5.7183438e-01
   5.7990998e-01
   5.8792869e-01
   5.9588973e-01
   6.0379233e-01
   6.1163573e-01
   6.1941916e-01
   6.2714187e-01
   6.3480312e-01
   6.4240215e-01
   6.4993824e-01
   6.5741065e-01
   6.6481867e-01
   6.7216157e-01
   6.7943864e-01
   6.8664919e-01
   6.9379250e-01
   7.0086790e-01
   7.0787468e-01
   7.1481218e-01
   7.2167972e-01
