   0.0000000e+00
  -9.7998399e-03
  -1.9598719e-02
  -2.9395678e-02
  -3.9189758e-02
  -4.8979999e-02
  -5.8765442e-02
  -6.8545125e-02
  -7.8318088e-02
  -8.8083375e-02
  -9.7840028e-02
  -1.0758709e-01
  -1.1732361e-01
  -1.2704863e-01
  -1.3676120e-01
  -1.4646037e-01
  -1.5614519e-01
  -1.6581492e-01
  -1.7546879e-01
  -1.8510581e-01
  -1.9472498e-01
  -2.0432530e-01
  -2.1390580e-01
  -2.2346548e-01
  -2.3300338e-01
  -2.4251851e-01
  -2.5200993e-01
  -2.6147666e-01
  -2.7091774e-01
  -2.8033224e-01
  -2.8971920e-01
  -2.9907769e-01
  -3.0840676e-01
  -3.1770550e-01
  -3.2697297e-01
  -3.3620825e-01
  -3.4541044e-01
  -3.5457862e-01
  -3.6371188e-01
  -3.7280934e-01
  -3.8187009e-01
  -3.9089325e-01
  -3.9987794e-01
  -4.0882327e-01
  -4.1772838e-01
  -4.2659239e-01
  -4.3541444e-01
  -4.4419369e-01
  -4.5292926e-01
  -4.6162032e-01
  -4.7026603e-01
  -4.7886554e-01
  -4.8741803e-01
  -4.9592267e-01
  -5.0437864e-01
  -5.1278513e-01
  -5.2114131e-01
  -5.2944639e-01
  -5.3769956e-01
  -5.4590004e-01
  -5.5404702e-01
  -5.6213973e-01
  -5.7017738e-01
  -5.7815920e-01
  -5.8608442e-01
  -5.9395228e-01
  -6.0176201e-01
  -6.0951287e-01
  -6.1720410e-01
  -6.2483495e-01
  -6.3240470e-01
  -6.3991260e-01
  -6.4735794e-01
  -6.5473997e-01
  -6.6205800e-01
  -6.6931151e-01
  -6.7650039e-01
  -6.8362388e-01
  -6.9068119e-01
  -6.9767154e-01
  -7.0459417e-01
  -7.1144832e-01
  -7.1823325e-01
  -7.2494821e-01
  -7.3159248e-01
  -7.3816535e-01
  -7.4466611e-01
  -7.5109406e-01
  -7.5744853e-01
  -7.6372882e-01
  -7.6993429e-01
  -7.7606427e-01
  -7.8211813e-01
  -7.8809522e-01
  -7.9399493e-01
  -7.9981663e-01
  -8.0555974e-01
  -8.1122364e-01
  -8.1680777e-01
  -8.2231155e-01
  -8.2773441e-01
  -8.3307580e-01
  -8.3833519e-01
  -8.4351204e-01
  -8.4860583e-01
  -8.5361605e-01
  -8.5854219e-01
  -8.6338377e-01
  -8.6814030e-01
  -8.7281132e-01
  -8.7739637e-01
  -8.8189499e-01
  -8.8630675e-01
  -8.9063122e-01
  -8.9486797e-01
  -8.9901661e-01
  -9.0307672e-01
  -9.0704793e-01
  -9.1092985e-01
  -9.1472212e-01
  -9.1842437e-01
  -9.2203627e-01
  -9.2555747e-01
  -9.2898765e-01
  -9.3232649e-01
  -9.3557368e-01
  -9.3872894e-01
  -9.4179196e-01
  -9.4476248e-01
  -9.4764023e-01
  -9.5042495e-01
  -9.5311640e-01
  -9.5571435e-01
  -9.5821857e-01
  -9.6062885e-01
  -9.6294498e-01
  -9.6516676e-01
  -9.6729402e-01
  -9.6932659e-01
  -9.7126429e-01
  -9.7310697e-01
  -9.7485450e-01
  -9.7650673e-01
  -9.7806356e-01
  -9.7952486e-01
  -9.8089053e-01
  -9.8216048e-01
  -9.8333464e-01
  -9.8441292e-01
  -9.8539528e-01
  -9.8628165e-01
  -9.8707200e-01
  -9.8776629e-01
  -9.8836455e-01
  -9.8886673e-01
  -9.8927272e-01
  -9.8958244e-01
  -9.8979581e-01
  -9.8991276e-01
  -9.8993322e-01
  -9.8985715e-01
  -9.8968450e-01
  -9.8941526e-01
  -9.8904939e-01
  -9.8858690e-01
  -9.8802779e-01
  -9.8737206e-01
  -9.8661975e-01
  -9.8577089e-01
  -9.8482552e-01
  -9.8378371e-01
  -9.8264550e-01
  -9.8141099e-01
  -9.8008025e-01
  -9.7865340e-01
  -9.7713052e-01
  -9.7551175e-01
  -9.7379721e-01
  -9.7198704e-01
  -9.7008139e-01
  -9.6808042e-01
  -9.6598431e-01
  -9.6379323e-01
  -9.6150737e-01
  -9.5912694e-01
  -9.5665216e-01
  -9.5408323e-01
  -9.5142041e-01
  -9.4866393e-01
  -9.4581405e-01
  -9.4287103e-01
  -9.3983515e-01
  -9.3670670e-01
  -9.3348597e-01
  -9.3017327e-01
  -9.2676891e-01
  -9.2327324e-01
  -9.1968658e-01
  -9.1600928e-01
  -9.1224172e-01
  -9.0838424e-01
  -9.0443725e-01
  -9.0040112e-01
  -8.9627626e-01
  -8.9206308e-01
  -8.8776201e-01
  -8.8337348e-01
  -8.7889793e-01
  -8.7433582e-01
  -8.6968761e-01
  -8.6495377e-01
  -8.6013480e-01
  -8.5523120e-01
  -8.5024345e-01
  -8.4517210e-01
  -8.4001765e-01
  -8.3478065e-01
  -8.2946166e-01
  -8.2406122e-01
  -8.1857992e-01
  -8.1301832e-01
  -8.0737702e-01
  -8.0165663e-01
  -7.9585775e-01
  -7.8998100e-01
  -7.8402702e-01
  -7.7799646e-01
  -7.7188996e-01
  -7.6570820e-01
  -7.5945184e-01
  -7.5312157e-01
  -7.4671809e-01
  -7.4024210e-01
  -7.3369432e-01
  -7.2707548e-01
  -7.2038632e-01
  -7.1362758e-01
  -7.0680002e-01
  -6.9990431e-01
  -6.9294002e-01
  -6.8590755e-01
  -6.7880763e-01
  -6.7164100e-01
  -6.6440838e-01
  -6.5711054e-01
  -6.4974820e-01
  -6.4232212e-01
  -6.3483305e-01
  -6.2728176e-01
  -6.1966900e-01
  -6.1199553e-01
  -6.0426213e-01
  -5.9646957e-01
  -5.8861862e-01
  -5.8071007e-01
  -5.7274470e-01
  -5.6472329e-01
  -5.5664664e-01
  -5.4851554e-01
  -5.4033079e-01
  -5.3209320e-01
  -5.2380357e-01
  -5.1546270e-01
  -5.0707143e-01
  -4.9863056e-01
  -4.9014091e-01
  -4.8160332e-01
  -4.7301860e-01
  -4.6438761e-01
  -4.5571116e-01
  -4.4699010e-01
  -4.3822528e-01
  -4.2941754e-01
  -4.2056774e-01
  -4.1167673e-01
  -4.0274538e-01
  -3.9377454e-01
  -3.8476509e-01
  -3.7571789e-01
  -3.6663382e-01
  -3.5751376e-01
  -3.4835859e-01
  -3.3916919e-01
  -3.2994647e-01
  -3.2069131e-01
  -3.1140460e-01
  -3.0208726e-01
  -2.9274018e-01
  -2.8336428e-01
  -2.7396047e-01
  -2.6452966e-01
  -2.5507278e-01
  -2.4559075e-01
  -2.3608449e-01
  -2.2655495e-01
  -2.1700305e-01
  -2.0742974e-01
  -1.9783595e-01
  -1.8822264e-01
  -1.7859076e-01
  -1.6894126e-01
  -1.5927510e-01
  -1.4959324e-01
  -1.3989665e-01
  -1.3018630e-01
  -1.2046316e-01
  -1.1072821e-01
  -1.0098243e-01
  -9.1226807e-02
  -8.1462327e-02
  -7.1689985e-02
  -6.1910777e-02
  -5.2125703e-02
  -4.2335767e-02
  -3.2541977e-02
  -2.2745345e-02
  -1.2946886e-02
  -3.1476189e-03
   6.6519208e-03
   1.6451936e-02
   2.6251416e-02
   3.6049295e-02
   4.5844509e-02
   5.5636001e-02
   6.5422717e-02
   7.5203612e-02
   8.4977641e-02
   9.4743767e-02
   1.0450096e-01
   1.1424819e-01
   1.2398443e-01
   1.3370868e-01
   1.4341991e-01
   1.5311712e-01
   1.6279931e-01
   1.7246548e-01
   1.8211463e-01
   1.9174580e-01
   2.0135798e-01
   2.1095020e-01
   2.2052150e-01
   2.3007090e-01
   2.3959745e-01
   2.4910019e-01
   2.5857816e-01
   2.6803043e-01
   2.7745604e-01
   2.8685407e-01
   2.9622359e-01
   3.0556366e-01
   3.1487336e-01
   3.2415179e-01
   3.3339803e-01
   3.4261117e-01
   3.5179032e-01
   3.6093457e-01
   3.7004304e-01
   3.7911485e-01
   3.8814911e-01
   3.9714494e-01
   4.0610148e-01
   4.1501787e-01
   4.2389323e-01
   4.3272673e-01
   4.4151750e-01
   4.5026471e-01
   4.5896750e-01
   4.6762506e-01
   4.7623655e-01
   4.8480114e-01
   4.9331801e-01
   5.0178636e-01
   5.1020536e-01
   5.1857423e-01
   5.2689215e-01
   5.3515834e-01
   5.4337200e-01
   5.5153235e-01
   5.5963862e-01
   5.6769002e-01
   5.7568580e-01
   5.8362518e-01
   5.9150740e-01
   5.9933173e-01
   6.0709739e-01
   6.1480367e-01
   6.2244980e-01
   6.3003507e-01
   6.3755873e-01
   6.4502008e-01
   6.5241839e-01
   6.5975295e-01
   6.6702305e-01
   6.7422799e-01
   6.8136706e-01
   6.8843959e-01
   6.9544488e-01
   7.0238224e-01
   7.0925100e-01
   7.1605049e-01
   7.2278004e-01
   7.2943899e-01
   7.3602669e-01
   7.4254246e-01
   7.4898598e-01
   7.5535714e-01
   7.6165524e-01
   7.6787957e-01
   7.7402943e-01
   7.8010415e-01
   7.8610304e-01
   7.9202543e-01
   7.9787069e-01
   8.0363815e-01
   8.0932720e-01
   8.1493721e-01
   8.2046756e-01
   8.2591766e-01
   8.3128693e-01
   8.3657477e-01
   8.4178062e-01
   8.4690394e-01
   8.5194416e-01
   8.5690075e-01
   8.6177320e-01
   8.6656098e-01
   8.7126360e-01
   8.7588056e-01
   8.8041138e-01
   8.8485559e-01
   8.8921272e-01
   8.9348234e-01
   8.9766399e-01
   9.0175727e-01
   9.0576173e-01
   9.0967699e-01
   9.1350265e-01
   9.1723831e-01
   9.2088361e-01
   9.2443819e-01
   9.2790169e-01
   9.3127377e-01
   9.3455410e-01
   9.3774235e-01
   9.4083823e-01
   9.4384143e-01
   9.4675166e-01
   9.4956866e-01
   9.5229214e-01
   9.5492186e-01
   9.5745757e-01
   9.5989903e-01
   9.6224604e-01
   9.6449836e-01
   9.6665580e-01
   9.6871818e-01
   9.7068530e-01
   9.7255701e-01
   9.7433313e-01
   9.7601354e-01
   9.7759808e-01
   9.7908663e-01
   9.8047907e-01
   9.8177531e-01
   9.8297525e-01
   9.8407880e-01
   9.8508589e-01
   9.8599646e-01
   9.8681047e-01
   9.8752786e-01
   9.8814861e-01
   9.8867271e-01
   9.8910014e-01
   9.8943091e-01
   9.8966503e-01
   9.8980252e-01
   9.8984343e-01
   9.8978779e-01
   9.8963567e-01
   9.8938713e-01
   9.8904226e-01
   9.8860113e-01
   9.8806385e-01
   9.8743053e-01
   9.8670126e-01
   9.8587598e-01
   9.8495470e-01
   9.8393749e-01
   9.8282439e-01
   9.8161549e-01
   9.8031087e-01
   9.7891060e-01
   9.7741481e-01
   9.7582359e-01
   9.7413708e-01
   9.7235538e-01
   9.7047866e-01
   9.6850706e-01
   9.6644073e-01
   9.6427985e-01
   9.6202459e-01
   9.5967515e-01
   9.5723173e-01
   9.5469453e-01
   9.5206376e-01
   9.4933967e-01
   9.4652249e-01
   9.4361246e-01
   9.4060984e-01
   9.3751491e-01
   9.3432793e-01
   9.3104920e-01
   9.2767900e-01
   9.2421766e-01
   9.2066548e-01
   9.1702279e-01
   9.1328993e-01
   9.0946724e-01
   9.0555508e-01
   9.0155381e-01
   8.9746381e-01
   8.9328547e-01
   8.8901917e-01
   8.8466533e-01
   8.8022436e-01
   8.7569667e-01
   8.7108272e-01
   8.6638293e-01
   8.6159777e-01
   8.5672769e-01
   8.5177317e-01
   8.4673470e-01
   8.4161276e-01
   8.3640786e-01
   8.3112051e-01
   8.2575124e-01
   8.2030056e-01
   8.1476904e-01
   8.0915721e-01
   8.0346565e-01
   7.9769491e-01
   7.9184559e-01
   7.8591827e-01
   7.7991355e-01
   7.7383205e-01
   7.6767438e-01
   7.6144117e-01
   7.5513307e-01
   7.4875072e-01
   7.4229479e-01
   7.3576593e-01
   7.2916484e-01
   7.2249220e-01
   7.1574870e-01
   7.0893506e-01
   7.0205200e-01
   6.9510024e-01
   6.8808051e-01
   6.8099358e-01
   6.7384019e-01
   6.6662112e-01
   6.5933713e-01
   6.5198902e-01
   6.4457758e-01
   6.3710362e-01
   6.2956796e-01
   6.2197142e-01
   6.1431483e-01
   6.0659905e-01
   5.9882493e-01
   5.9099332e-01
   5.8310408e-01
   5.7515725e-01
   5.6715366e-01
   5.5909415e-01
   5.5097957e-01
   5.4281075e-01
   5.3458853e-01
   5.2631377e-01
   5.1798732e-01
   5.0961001e-01
   5.0118272e-01
   4.9270629e-01
   4.8418158e-01
   4.7560945e-01
   4.6699076e-01
   4.5832638e-01
   4.4961717e-01
   4.4086400e-01
   4.3206774e-01
   4.2322927e-01
   4.1434945e-01
   4.0542917e-01
   3.9646930e-01
   3.8747073e-01
   3.7843434e-01
   3.6936101e-01
   3.6025164e-01
   3.5110711e-01
   3.4192831e-01
   3.3271614e-01
   3.2347149e-01
   3.1419527e-01
   3.0488838e-01
   2.9555171e-01
   2.8618617e-01
   2.7679267e-01
   2.6737213e-01
   2.5792544e-01
   2.4845353e-01
   2.3895730e-01
   2.2943769e-01
   2.1989560e-01
   2.1033197e-01
   2.0074771e-01
   1.9114375e-01
   1.8152102e-01
   1.7188046e-01
   1.6222299e-01
   1.5254955e-01
   1.4286108e-01
   1.3315851e-01
   1.2344280e-01
   1.1371488e-01
   1.0397570e-01
   9.4226202e-02
   8.4467347e-02
   7.4700082e-02
   6.4925364e-02
   5.5144149e-02
   4.5357395e-02
   3.5566065e-02
   2.5771122e-02
   1.5973531e-02
   6.1742600e-03
  -3.6257207e-03
  -1.3425439e-02
  -2.3223921e-02
  -3.3020190e-02
  -4.2813267e-02
  -5.2602173e-02
  -6.2385922e-02
  -7.2163532e-02
  -8.1934014e-02
  -9.1696378e-02
  -1.0144963e-01
  -1.1119279e-01
  -1.2092484e-01
  -1.3064480e-01
  -1.4035167e-01
  -1.5004443e-01
  -1.5972211e-01
  -1.6938478e-01
  -1.7903204e-01
  -1.8866285e-01
  -1.9827613e-01
  -2.0787086e-01
  -2.1744598e-01
  -2.2700047e-01
  -2.3653330e-01
  -2.4604345e-01
  -2.5552991e-01
  -2.6499167e-01
  -2.7442773e-01
  -2.8383711e-01
  -2.9321880e-01
  -3.0257183e-01
  -3.1189524e-01
  -3.2118804e-01
  -3.3044929e-01
  -3.3967803e-01
  -3.4887331e-01
  -3.5803419e-01
  -3.6715973e-01
  -3.7624902e-01
  -3.8530112e-01
  -3.9431513e-01
  -4.0329013e-01
  -4.1222524e-01
  -4.2111954e-01
  -4.2997216e-01
  -4.3878221e-01
  -4.4754882e-01
  -4.5627112e-01
  -4.6494825e-01
  -4.7357935e-01
  -4.8216358e-01
  -4.9070009e-01
  -4.9918805e-01
  -5.0762664e-01
  -5.1601502e-01
  -5.2435238e-01
  -5.3263792e-01
  -5.4087083e-01
  -5.4905032e-01
  -5.5717559e-01
  -5.6524587e-01
  -5.7326039e-01
  -5.8121836e-01
  -5.8911902e-01
  -5.9696163e-01
  -6.0474544e-01
  -6.1246969e-01
  -6.2013365e-01
  -6.2773660e-01
  -6.3527780e-01
  -6.4275655e-01
  -6.5017213e-01
  -6.5752385e-01
  -6.6481099e-01
  -6.7203288e-01
  -6.7918883e-01
  -6.8627816e-01
  -6.9330020e-01
  -7.0025429e-01
  -7.0713977e-01
  -7.1395599e-01
  -7.2070231e-01
  -7.2737808e-01
  -7.3398268e-01
  -7.4051548e-01
  -7.4697587e-01
  -7.5336323e-01
  -7.5967696e-01
  -7.6591646e-01
  -7.7208114e-01
  -7.7817042e-01
  -7.8418371e-01
  -7.9012045e-01
  -7.9598006e-01
  -8.0176200e-01
  -8.0746571e-01
  -8.1309064e-01
  -8.1863625e-01
  -8.2410202e-01
  -8.2948741e-01
  -8.3479197e-01
  -8.4001565e-01
  -8.4515801e-01
  -8.5021843e-01
  -8.5519636e-01
  -8.6009121e-01
  -8.6490243e-01
  -8.6962948e-01
  -8.7427182e-01
  -8.7882893e-01
  -8.8330030e-01
  -8.8768542e-01
  -8.9198380e-01
  -8.9619497e-01
  -9.0031846e-01
  -9.0435380e-01
  -9.0830057e-01
  -9.1215831e-01
  -9.1592661e-01
  -9.1960506e-01
  -9.2319326e-01
  -9.2669081e-01
  -9.3009734e-01
  -9.3341248e-01
  -9.3663587e-01
  -9.3976717e-01
  -9.4280604e-01
  -9.4575217e-01
  -9.4860524e-01
  -9.5136494e-01
  -9.5403100e-01
  -9.5660313e-01
  -9.5908106e-01
  -9.6146454e-01
  -9.6375333e-01
  -9.6594718e-01
  -9.6804589e-01
  -9.7004923e-01
  -9.7195700e-01
  -9.7376902e-01
  -9.7548512e-01
  -9.7710511e-01
  -9.7862885e-01
  -9.8005620e-01
  -9.8138701e-01
  -9.8262117e-01
  -9.8375856e-01
  -9.8479909e-01
  -9.8574267e-01
  -9.8658922e-01
  -9.8733867e-01
  -9.8799096e-01
  -9.8854606e-01
  -9.8900393e-01
  -9.8936455e-01
  -9.8962790e-01
  -9.8979400e-01
  -9.8986284e-01
  -9.8983445e-01
  -9.8970887e-01
  -9.8948615e-01
  -9.8916632e-01
  -9.8874948e-01
  -9.8823568e-01
  -9.8762503e-01
  -9.8691762e-01
  -9.8611356e-01
  -9.8521298e-01
  -9.8421602e-01
  -9.8312281e-01
  -9.8193351e-01
  -9.8064830e-01
  -9.7926734e-01
  -9.7779083e-01
  -9.7621898e-01
  -9.7455199e-01
  -9.7279008e-01
  -9.7093349e-01
  -9.6898247e-01
  -9.6693727e-01
  -9.6479816e-01
  -9.6256543e-01
  -9.6023900e-01
  -9.5781880e-01
  -9.5530505e-01
  -9.5269798e-01
  -9.4999783e-01
  -9.4720485e-01
  -9.4431929e-01
  -9.4134143e-01
  -9.3827153e-01
  -9.3510988e-01
  -9.3185677e-01
  -9.2851251e-01
  -9.2507740e-01
  -9.2155176e-01
  -9.1793591e-01
  -9.1423020e-01
  -9.1043497e-01
  -9.0655057e-01
  -9.0257736e-01
  -8.9851572e-01
  -8.9436602e-01
  -8.9012865e-01
  -8.8580400e-01
  -8.8139249e-01
  -8.7689453e-01
  -8.7231054e-01
  -8.6764095e-01
  -8.6288620e-01
  -8.5804674e-01
  -8.5312303e-01
  -8.4811553e-01
  -8.4302473e-01
  -8.3785110e-01
  -8.3259513e-01
  -8.2725734e-01
  -8.2183822e-01
  -8.1633830e-01
  -8.1075810e-01
  -8.0509817e-01
  -7.9935904e-01
  -7.9354126e-01
  -7.8764541e-01
  -7.8167205e-01
  -7.7562177e-01
  -7.6949514e-01
  -7.6329277e-01
  -7.5701526e-01
  -7.5066324e-01
  -7.4423731e-01
  -7.3773812e-01
  -7.3116630e-01
  -7.2452250e-01
  -7.1780739e-01
  -7.1102162e-01
  -7.0416588e-01
  -6.9724085e-01
  -6.9024722e-01
  -6.8318569e-01
  -6.7605698e-01
  -6.6886180e-01
  -6.6160087e-01
  -6.5427495e-01
  -6.4688477e-01
  -6.3943109e-01
  -6.3191466e-01
  -6.2433627e-01
  -6.1669669e-01
  -6.0899670e-01
  -6.0123712e-01
  -5.9341874e-01
  -5.8554238e-01
  -5.7760886e-01
  -5.6961901e-01
  -5.6157368e-01
  -5.5347372e-01
  -5.4531999e-01
  -5.3711334e-01
  -5.2885466e-01
  -5.2054484e-01
  -5.1218476e-01
  -5.0377533e-01
  -4.9531730e-01
  -4.8681037e-01
  -4.7825518e-01
  -4.6965264e-01
  -4.6100366e-01
  -4.5230914e-01
  -4.4357000e-01
  -4.3478713e-01
  -4.2596145e-01
  -4.1709387e-01
  -4.0818530e-01
  -3.9923665e-01
  -3.9024883e-01
  -3.8122276e-01
  -3.7215935e-01
  -3.6305952e-01
  -3.5392418e-01
  -3.4475425e-01
  -3.3555065e-01
  -3.2631430e-01
  -3.1704611e-01
  -3.0774701e-01
  -2.9841792e-01
  -2.8905976e-01
  -2.7967346e-01
  -2.7025994e-01
  -2.6082012e-01
  -2.5135493e-01
  -2.4186530e-01
  -2.3235215e-01
  -2.2281642e-01
  -2.1325904e-01
  -2.0368093e-01
  -1.9408302e-01
  -1.8446625e-01
  -1.7483156e-01
  -1.6517987e-01
  -1.5551212e-01
  -1.4582925e-01
  -1.3613219e-01
  -1.2642189e-01
  -1.1669927e-01
  -1.0696529e-01
  -9.7220872e-02
  -8.7466968e-02
  -7.7704518e-02
  -6.7934465e-02
  -5.8157753e-02
  -4.8375326e-02
  -3.8588132e-02
  -2.8797115e-02
  -1.9003225e-02
  -9.2074091e-03
   5.8938299e-04
   1.0386201e-02
   2.0182093e-02
   2.9976109e-02
   3.9767293e-02
   4.9554694e-02
   5.9337355e-02
   6.9114322e-02
   7.8884638e-02
   8.8647344e-02
   9.8401484e-02
   1.0814610e-01
   1.1788022e-01
   1.2760290e-01
   1.3731317e-01
   1.4701007e-01
   1.5669263e-01
   1.6635989e-01
   1.7601089e-01
   1.8564465e-01
   1.9526021e-01
   2.0485660e-01
   2.1443286e-01
   2.2398801e-01
   2.3352108e-01
   2.4303110e-01
   2.5251710e-01
   2.6197810e-01
   2.7141314e-01
   2.8082171e-01
   2.9020380e-01
   2.9955842e-01
   3.0888454e-01
   3.1818117e-01
   3.2744728e-01
   3.3668190e-01
   3.4588404e-01
   3.5505271e-01
   3.6418694e-01
   3.7328576e-01
   3.8234823e-01
   3.9137339e-01
   4.0036029e-01
   4.0930801e-01
   4.1821560e-01
   4.2708216e-01
   4.3590677e-01
   4.4468852e-01
   4.5342652e-01
   4.6211987e-01
   4.7076769e-01
   4.7936910e-01
   4.8792324e-01
   4.9642923e-01
   5.0488624e-01
   5.1329341e-01
   5.2164990e-01
   5.2995488e-01
   5.3820752e-01
   5.4640701e-01
   5.5455254e-01
   5.6264330e-01
   5.7067851e-01
   5.7865736e-01
   5.8657909e-01
   5.9444291e-01
   6.0224807e-01
   6.0999380e-01
   6.1767936e-01
   6.2530400e-01
   6.3286697e-01
   6.4036757e-01
   6.4780506e-01
   6.5517872e-01
   6.6248786e-01
   6.6973178e-01
   6.7690977e-01
   6.8402117e-01
   6.9106528e-01
   6.9804144e-01
   7.0494899e-01
   7.1178728e-01
   7.1855565e-01
   7.2525346e-01
   7.3188009e-01
   7.3843491e-01
   7.4491729e-01
   7.5132664e-01
   7.5766233e-01
   7.6392379e-01
   7.7011042e-01
   7.7622164e-01
   7.8225687e-01
   7.8821555e-01
   7.9409713e-01
   7.9990104e-01
   8.0562675e-01
   8.1127371e-01
   8.1684140e-01
   8.2232930e-01
   8.2773689e-01
   8.3306367e-01
   8.3830913e-01
   8.4347278e-01
   8.4855413e-01
   8.5355272e-01
   8.5846806e-01
   8.6329970e-01
   8.6804719e-01
   8.7271044e-01
   8.7728916e-01
   8.8178282e-01
   8.8619088e-01
   8.9051284e-01
   8.9474821e-01
   8.9889649e-01
   9.0295720e-01
   9.0692989e-01
   9.1081410e-01
   9.1460939e-01
   9.1831532e-01
   9.2193148e-01
   9.2545745e-01
   9.2889285e-01
   9.3223728e-01
   9.3549036e-01
   9.3865174e-01
   9.4172106e-01
   9.4469798e-01
   9.4758216e-01
   9.5037330e-01
   9.5307108e-01
   9.5567521e-01
   9.5818540e-01
   9.6060138e-01
   9.6292287e-01
   9.6514965e-01
   9.6728145e-01
   9.6931806e-01
   9.7125925e-01
   9.7310482e-01
   9.7485457e-01
   9.7650832e-01
   9.7806589e-01
   9.7952713e-01
   9.8089188e-01
   9.8216001e-01
   9.8333138e-01
   9.8440588e-01
   9.8538340e-01
   9.8626386e-01
   9.8704715e-01
   9.8773322e-01
   9.8832201e-01
   9.8881345e-01
   9.8920753e-01
   9.8950420e-01
   9.8970345e-01
   9.8980528e-01
   9.8980969e-01
   9.8971671e-01
   9.8952636e-01
   9.8923868e-01
   9.8885372e-01
   9.8837155e-01
   9.8779224e-01
   9.8711587e-01
   9.8634255e-01
   9.8547237e-01
   9.8450547e-01
   9.8344196e-01
   9.8228199e-01
   9.8102572e-01
   9.7967330e-01
   9.7822491e-01
   9.7668074e-01
   9.7504099e-01
   9.7330586e-01
   9.7147557e-01
   9.6955036e-01
   9.6753047e-01
   9.6541615e-01
   9.6320766e-01
   9.6090529e-01
   9.5850932e-01
   9.5602005e-01
   9.5343778e-01
   9.5076285e-01
   9.4799557e-01
   9.4513630e-01
   9.4218535e-01
   9.3914246e-01
   9.3600773e-01
   9.3278146e-01
   9.2946397e-01
   9.2605557e-01
   9.2255659e-01
   9.1896737e-01
   9.1528824e-01
   9.1151956e-01
   9.0766169e-01
   9.0371499e-01
   8.9967985e-01
   8.9555664e-01
   8.9134576e-01
   8.8704761e-01
   8.8266260e-01
   8.7819114e-01
   8.7363365e-01
   8.6899058e-01
   8.6426236e-01
   8.5944945e-01
   8.5455229e-01
   8.4957135e-01
   8.4450712e-01
   8.3936006e-01
   8.3413068e-01
   8.2881947e-01
   8.2342693e-01
   8.1795359e-01
   8.1239995e-01
   8.0676657e-01
   8.0105396e-01
   7.9526269e-01
   7.8939331e-01
   7.8344637e-01
   7.7742246e-01
   7.7132215e-01
   7.6514604e-01
   7.5889471e-01
   7.5256877e-01
   7.4616884e-01
   7.3969554e-01
   7.3314949e-01
   7.2653133e-01
   7.1984172e-01
   7.1308129e-01
   7.0625072e-01
   6.9935067e-01
   6.9238183e-01
   6.8534487e-01
   6.7824050e-01
   6.7106941e-01
   6.6383232e-01
   6.5652995e-01
   6.4916302e-01
   6.4173227e-01
   6.3423844e-01
   6.2668228e-01
   6.1906456e-01
   6.1138604e-01
   6.0364750e-01
   5.9584972e-01
   5.8799350e-01
   5.8007963e-01
   5.7210893e-01
   5.6408222e-01
   5.5600031e-01
   5.4786404e-01
   5.3967425e-01
   5.3143180e-01
   5.2313754e-01
   5.1479234e-01
   5.0639707e-01
   4.9795261e-01
   4.8945986e-01
   4.8091971e-01
   4.7233307e-01
   4.6370086e-01
   4.5502347e-01
   4.4630087e-01
   4.3753397e-01
   4.2872369e-01
   4.1987098e-01
   4.1097674e-01
   4.0204191e-01
   3.9306743e-01
   3.8405422e-01
   3.7500321e-01
   3.6591533e-01
   3.5679152e-01
   3.4763270e-01
   3.3843980e-01
   3.2921377e-01
   3.1995553e-01
   3.1066600e-01
   3.0134614e-01
   2.9199687e-01
   2.8261913e-01
   2.7321384e-01
   2.6378195e-01
   2.5432439e-01
   2.4484210e-01
   2.3533601e-01
   2.2580706e-01
   2.1625619e-01
   2.0668433e-01
   1.9709242e-01
   1.8748141e-01
   1.7785222e-01
   1.6820581e-01
   1.5854310e-01
   1.4886503e-01
   1.3917256e-01
   1.2946662e-01
   1.1974814e-01
   1.1001808e-01
   1.0027737e-01
   9.0526962e-02
   8.0767790e-02
   7.1000799e-02
   6.1226935e-02
   5.1447141e-02
   4.1662361e-02
   3.1873541e-02
   2.2081625e-02
   1.2287560e-02
   2.4922904e-03
  -7.3032362e-03
  -1.7098073e-02
  -2.6891273e-02
  -3.6681888e-02
  -4.6468971e-02
  -5.6251572e-02
  -6.6028743e-02
  -7.5799534e-02
  -8.5562996e-02
  -9.5318179e-02
  -1.0506413e-01
  -1.1479990e-01
  -1.2452454e-01
  -1.3423710e-01
  -1.4393662e-01
  -1.5362215e-01
  -1.6329273e-01
  -1.7294743e-01
  -1.8258527e-01
  -1.9220531e-01
  -2.0180659e-01
  -2.1138816e-01
  -2.2094906e-01
  -2.3048834e-01
  -2.4000503e-01
  -2.4949819e-01
  -2.5896686e-01
  -2.6841007e-01
  -2.7782687e-01
  -2.8721630e-01
  -2.9657741e-01
  -3.0590923e-01
  -3.1521081e-01
  -3.2448169e-01
  -3.3372176e-01
  -3.4293002e-01
  -3.5210547e-01
  -3.6124713e-01
  -3.7035401e-01
  -3.7942514e-01
  -3.8845955e-01
  -3.9745628e-01
  -4.0641439e-01
  -4.1533291e-01
  -4.2421093e-01
  -4.3304751e-01
  -4.4184172e-01
  -4.5059266e-01
  -4.5929942e-01
  -4.6796111e-01
  -4.7657682e-01
  -4.8514569e-01
  -4.9366682e-01
  -5.0213937e-01
  -5.1056246e-01
  -5.1893524e-01
  -5.2725687e-01
  -5.3552652e-01
  -5.4374334e-01
  -5.5190654e-01
  -5.6001527e-01
  -5.6806875e-01
  -5.7606618e-01
  -5.8400675e-01
  -5.9188970e-01
  -5.9971424e-01
  -6.0747960e-01
  -6.1518503e-01
  -6.2282977e-01
  -6.3041308e-01
  -6.3793422e-01
  -6.4539247e-01
  -6.5278709e-01
  -6.6011737e-01
  -6.6738262e-01
  -6.7458212e-01
  -6.8171519e-01
  -6.8878115e-01
  -6.9577931e-01
  -7.0270902e-01
  -7.0956960e-01
  -7.1636041e-01
  -7.2308080e-01
  -7.2973013e-01
  -7.3630778e-01
  -7.4281312e-01
  -7.4924553e-01
  -7.5560441e-01
  -7.6188917e-01
  -7.6809920e-01
  -7.7423392e-01
  -7.8029277e-01
  -7.8627516e-01
  -7.9218054e-01
  -7.9800835e-01
  -8.0375805e-01
  -8.0942911e-01
  -8.1502098e-01
  -8.2053315e-01
  -8.2596510e-01
  -8.3131633e-01
  -8.3658633e-01
  -8.4177462e-01
  -8.4688070e-01
  -8.5190410e-01
  -8.5684436e-01
  -8.6170101e-01
  -8.6647359e-01
  -8.7116167e-01
  -8.7576480e-01
  -8.8028255e-01
  -8.8471486e-01
  -8.8906145e-01
  -8.9332181e-01
  -8.9749546e-01
  -9.0158190e-01
  -9.0558065e-01
  -9.0949126e-01
  -9.1331327e-01
  -9.1704624e-01
  -9.2068975e-01
  -9.2424337e-01
  -9.2770669e-01
  -9.3107933e-01
  -9.3436089e-01
  -9.3755100e-01
  -9.4064931e-01
  -9.4365546e-01
  -9.4656910e-01
  -9.4938992e-01
  -9.5211759e-01
  -9.5475181e-01
  -9.5729229e-01
  -9.5973873e-01
  -9.6209088e-01
  -9.6434846e-01
  -9.6651123e-01
  -9.6857895e-01
  -9.7055140e-01
  -9.7242835e-01
  -9.7420960e-01
  -9.7589496e-01
  -9.7748425e-01
  -9.7897730e-01
  -9.8037394e-01
  -9.8167403e-01
  -9.8287743e-01
  -9.8398402e-01
  -9.8499367e-01
  -9.8590629e-01
  -9.8672179e-01
  -9.8744008e-01
  -9.8806110e-01
  -9.8858478e-01
  -9.8901108e-01
  -9.8933996e-01
  -9.8957140e-01
  -9.8970539e-01
  -9.8974192e-01
  -9.8968100e-01
  -9.8952265e-01
  -9.8926690e-01
  -9.8891380e-01
  -9.8846341e-01
  -9.8791578e-01
  -9.8727099e-01
  -9.8652913e-01
  -9.8569030e-01
  -9.8475461e-01
  -9.8372218e-01
  -9.8259315e-01
  -9.8136765e-01
  -9.8004585e-01
  -9.7862791e-01
  -9.7711400e-01
  -9.7550433e-01
  -9.7379908e-01
  -9.7199847e-01
  -9.7010272e-01
  -9.6811206e-01
  -9.6602675e-01
  -9.6384704e-01
  -9.6157319e-01
  -9.5920548e-01
  -9.5674421e-01
  -9.5418968e-01
  -9.5154220e-01
  -9.4880209e-01
  -9.4596968e-01
  -9.4304534e-01
  -9.4002940e-01
  -9.3692225e-01
  -9.3372426e-01
  -9.3043532e-01
  -9.2705535e-01
  -9.2358468e-01
  -9.2002365e-01
  -9.1637261e-01
  -9.1263190e-01
  -9.0880190e-01
  -9.0488296e-01
  -9.0087548e-01
  -8.9677983e-01
  -8.9259640e-01
  -8.8832561e-01
  -8.8396786e-01
  -8.7952356e-01
  -8.7499314e-01
  -8.7037704e-01
  -8.6567570e-01
  -8.6088957e-01
  -8.5601910e-01
  -8.5106475e-01
  -8.4602701e-01
  -8.4090636e-01
  -8.3570327e-01
  -8.3041826e-01
  -8.2505182e-01
  -8.1960447e-01
  -8.1407673e-01
  -8.0846913e-01
  -8.0278220e-01
  -7.9701649e-01
  -7.9117255e-01
  -7.8525094e-01
  -7.7925224e-01
  -7.7317701e-01
  -7.6702585e-01
  -7.6079934e-01
  -7.5449808e-01
  -7.4812270e-01
  -7.4167379e-01
  -7.3515198e-01
  -7.2855791e-01
  -7.2189222e-01
  -7.1515556e-01
  -7.0834857e-01
  -7.0147193e-01
  -6.9452631e-01
  -6.8751239e-01
  -6.8043085e-01
  -6.7328239e-01
  -6.6606771e-01
  -6.5878754e-01
  -6.5144258e-01
  -6.4403356e-01
  -6.3656122e-01
  -6.2902631e-01
  -6.2142957e-01
  -6.1377176e-01
  -6.0605366e-01
  -5.9827604e-01
  -5.9043967e-01
  -5.8254536e-01
  -5.7459389e-01
  -5.6658609e-01
  -5.5852276e-01
  -5.5040472e-01
  -5.4223281e-01
  -5.3400787e-01
  -5.2573075e-01
  -5.1740229e-01
  -5.0902336e-01
  -5.0059483e-01
  -4.9211758e-01
  -4.8359251e-01
  -4.7502049e-01
  -4.6640244e-01
  -4.5773926e-01
  -4.4903188e-01
  -4.4028076e-01
  -4.3148588e-01
  -4.2264812e-01
  -4.1376843e-01
  -4.0484774e-01
  -3.9588699e-01
  -3.8688711e-01
  -3.7784905e-01
  -3.6877373e-01
  -3.5966210e-01
  -3.5051510e-01
  -3.4133367e-01
  -3.3211873e-01
  -3.2287124e-01
  -3.1359212e-01
  -3.0428233e-01
  -2.9494279e-01
  -2.8557444e-01
  -2.7617824e-01
  -2.6675511e-01
  -2.5730600e-01
  -2.4783184e-01
  -2.3833359e-01
  -2.2881217e-01
  -2.1926852e-01
  -2.0970360e-01
  -2.0011834e-01
  -1.9051368e-01
  -1.8089057e-01
  -1.7124994e-01
  -1.6159274e-01
  -1.5191991e-01
  -1.4223239e-01
  -1.3253113e-01
  -1.2281707e-01
  -1.1309115e-01
  -1.0335431e-01
  -9.3607506e-02
  -8.3851671e-02
  -7.4087753e-02
  -6.4316695e-02
  -5.4539443e-02
  -4.4756940e-02
  -3.4970131e-02
  -2.5179962e-02
  -1.5387377e-02
  -5.5933223e-03
   4.2012567e-03
   1.3995414e-02
   2.3788204e-02
   3.3578680e-02
   4.3365895e-02
   5.3148904e-02
   6.2926759e-02
   7.2698512e-02
   8.2463217e-02
   9.2219927e-02
   1.0196769e-01
   1.1170557e-01
   1.2143260e-01
   1.3114785e-01
   1.4085036e-01
   1.5053918e-01
   1.6021337e-01
   1.6987198e-01
   1.7951406e-01
   1.8913865e-01
   1.9874481e-01
   2.0833158e-01
   2.1789803e-01
   2.2744319e-01
   2.3696612e-01
   2.4646586e-01
   2.5594147e-01
   2.6539199e-01
   2.7481647e-01
   2.8421397e-01
   2.9358352e-01
   3.0292418e-01
   3.1223499e-01
   3.2151500e-01
   3.3076326e-01
   3.3997909e-01
   3.4916251e-01
   3.5831260e-01
   3.6742838e-01
   3.7650886e-01
   3.8555306e-01
   3.9456002e-01
   4.0352878e-01
   4.1245838e-01
   4.2134789e-01
   4.3019635e-01
   4.3900286e-01
   4.4776647e-01
   4.5648629e-01
   4.6516140e-01
   4.7379091e-01
   4.8237392e-01
   4.9090956e-01
   4.9939695e-01
   5.0783522e-01
   5.1622351e-01
   5.2456098e-01
   5.3284678e-01
   5.4108007e-01
   5.4926002e-01
   5.5738582e-01
   5.6545665e-01
   5.7347171e-01
   5.8143020e-01
   5.8933134e-01
   5.9717433e-01
   6.0495841e-01
   6.1268281e-01
   6.2034678e-01
   6.2794956e-01
   6.3549040e-01
   6.4296859e-01
   6.5038338e-01
   6.5773406e-01
   6.6501992e-01
   6.7224025e-01
   6.7939437e-01
   6.8648157e-01
   6.9350118e-01
   7.0045253e-01
   7.0733495e-01
   7.1414779e-01
   7.2089040e-01
   7.2756213e-01
   7.3416235e-01
   7.4069043e-01
   7.4714576e-01
   7.5352773e-01
   7.5983573e-01
   7.6606917e-01
   7.7222747e-01
   7.7831003e-01
   7.8431630e-01
   7.9024570e-01
   7.9609768e-01
   8.0187170e-01
   8.0756721e-01
   8.1318368e-01
   8.1872058e-01
   8.2417740e-01
   8.2955363e-01
   8.3484876e-01
   8.4006231e-01
   8.4519378e-01
   8.5024270e-01
   8.5520860e-01
   8.6009101e-01
   8.6488948e-01
   8.6960356e-01
   8.7423282e-01
   8.7877681e-01
   8.8323513e-01
   8.8760748e-01
   8.9189384e-01
   8.9609372e-01
   9.0020665e-01
   9.0423214e-01
   9.0816971e-01
   9.1201892e-01
   9.1577931e-01
   9.1945045e-01
   9.2303191e-01
   9.2652329e-01
   9.2992417e-01
   9.3323418e-01
   9.3645292e-01
   9.3958004e-01
   9.4261517e-01
   9.4555797e-01
   9.4840811e-01
   9.5116526e-01
   9.5382911e-01
   9.5639936e-01
   9.5887572e-01
   9.6125791e-01
   9.6354567e-01
   9.6573874e-01
   9.6783688e-01
   9.6983985e-01
   9.7174743e-01
   9.7355941e-01
   9.7527559e-01
   9.7689579e-01
   9.7841983e-01
   9.7984753e-01
   9.8117876e-01
   9.8241335e-01
   9.8355119e-01
   9.8459216e-01
   9.8553613e-01
   9.8638302e-01
   9.8713274e-01
   9.8778522e-01
   9.8834038e-01
   9.8879818e-01
   9.8915857e-01
   9.8942152e-01
   9.8958702e-01
   9.8965506e-01
   9.8962563e-01
   9.8949876e-01
   9.8927448e-01
   9.8895280e-01
   9.8853380e-01
   9.8801752e-01
   9.8740403e-01
   9.8669343e-01
   9.8588580e-01
   9.8498124e-01
   9.8397987e-01
   9.8288183e-01
   9.8168724e-01
   9.8039626e-01
   9.7900904e-01
   9.7752577e-01
   9.7594662e-01
   9.7427179e-01
   9.7250149e-01
   9.7063592e-01
   9.6867533e-01
   9.6661994e-01
   9.6447002e-01
   9.6222581e-01
   9.5988761e-01
   9.5745568e-01
   9.5493033e-01
   9.5231187e-01
   9.4960060e-01
   9.4679687e-01
   9.4390101e-01
   9.4091338e-01
   9.3783434e-01
   9.3466425e-01
   9.3140352e-01
   9.2805242e-01
   9.2461062e-01
   9.2107834e-01
   9.1745593e-01
   9.1374375e-01
   9.0994215e-01
   9.0605151e-01
   9.0207220e-01
   8.9800461e-01
   8.9384913e-01
   8.8960616e-01
   8.8527612e-01
   8.8085941e-01
   8.7635646e-01
   8.7176771e-01
   8.6709360e-01
   8.6233456e-01
   8.5749107e-01
   8.5256358e-01
   8.4755257e-01
   8.4245851e-01
   8.3728189e-01
   8.3202321e-01
   8.2668297e-01
   8.2126168e-01
   8.1575986e-01
   8.1017804e-01
   8.0451675e-01
   7.9877653e-01
   7.9295794e-01
   7.8706154e-01
   7.8108788e-01
   7.7503754e-01
   7.6891111e-01
   7.6270917e-01
   7.5643232e-01
   7.5008117e-01
   7.4365633e-01
   7.3715842e-01
   7.3058807e-01
   7.2394592e-01
   7.1723261e-01
   7.1044879e-01
   7.0359513e-01
   6.9667229e-01
   6.8968094e-01
   6.8262178e-01
   6.7549549e-01
   6.6830278e-01
   6.6104435e-01
   6.5372091e-01
   6.4633319e-01
   6.3888193e-01
   6.3136785e-01
   6.2379171e-01
   6.1615426e-01
   6.0845626e-01
   6.0069849e-01
   5.9288172e-01
   5.8500673e-01
   5.7707433e-01
   5.6908531e-01
   5.6104049e-01
   5.5294067e-01
   5.4478670e-01
   5.3657939e-01
   5.2831959e-01
   5.2000815e-01
   5.1164593e-01
   5.0323378e-01
   4.9477259e-01
   4.8626324e-01
   4.7770660e-01
   4.6910359e-01
   4.6045509e-01
   4.5176203e-01
   4.4302532e-01
   4.3424550e-01
   4.2542249e-01
   4.1655720e-01
   4.0765056e-01
   3.9870351e-01
   3.8971699e-01
   3.8069194e-01
   3.7162931e-01
   3.6253003e-01
   3.5339504e-01
   3.4422529e-01
   3.3502171e-01
   3.2578525e-01
   3.1651685e-01
   3.0721745e-01
   2.9788800e-01
   2.8852942e-01
   2.7914267e-01
   2.6972868e-01
   2.6028840e-01
   2.5082278e-01
   2.4133274e-01
   2.3181925e-01
   2.2228322e-01
   2.1272562e-01
   2.0314739e-01
   1.9354945e-01
   1.8393277e-01
   1.7429828e-01
   1.6464692e-01
   1.5497965e-01
   1.4529739e-01
   1.3560110e-01
   1.2589172e-01
   1.1617020e-01
   1.0643747e-01
   9.6694482e-02
   8.6942180e-02
   7.7181509e-02
   6.7413412e-02
   5.7638834e-02
   4.7858721e-02
   3.8074016e-02
   2.8285666e-02
   1.8494614e-02
   8.7018063e-03
  -1.0918114e-03
  -1.0885294e-02
  -2.0677696e-02
  -3.0468071e-02
  -4.0255474e-02
  -5.0038959e-02
  -5.9817579e-02
  -6.9590388e-02
  -7.9356440e-02
  -8.9114788e-02
  -9.8864486e-02
  -1.0860459e-01
  -1.1833414e-01
  -1.2805221e-01
  -1.3775784e-01
  -1.4745008e-01
  -1.5712799e-01
  -1.6679062e-01
  -1.7643702e-01
  -1.8606625e-01
  -1.9567735e-01
  -2.0526938e-01
  -2.1484139e-01
  -2.2439244e-01
  -2.3392156e-01
  -2.4342782e-01
  -2.5291027e-01
  -2.6236796e-01
  -2.7179994e-01
  -2.8120525e-01
  -2.9058296e-01
  -2.9993210e-01
  -3.0925174e-01
  -3.1854093e-01
  -3.2779870e-01
  -3.3702412e-01
  -3.4621642e-01
  -3.5537563e-01
  -3.6450090e-01
  -3.7359125e-01
  -3.8264570e-01
  -3.9166328e-01
  -4.0064301e-01
  -4.0958395e-01
  -4.1848514e-01
  -4.2734564e-01
  -4.3616452e-01
  -4.4494085e-01
  -4.5367372e-01
  -4.6236221e-01
  -4.7100542e-01
  -4.7960246e-01
  -4.8815244e-01
  -4.9665448e-01
  -5.0510771e-01
  -5.1351126e-01
  -5.2186429e-01
  -5.3016594e-01
  -5.3841537e-01
  -5.4661175e-01
  -5.5475426e-01
  -5.6284208e-01
  -5.7087440e-01
  -5.7885043e-01
  -5.8676935e-01
  -5.9463041e-01
  -6.0243280e-01
  -6.1017577e-01
  -6.1785856e-01
  -6.2548041e-01
  -6.3304056e-01
  -6.4053830e-01
  -6.4797287e-01
  -6.5534357e-01
  -6.6264968e-01
  -6.6989048e-01
  -6.7706529e-01
  -6.8417341e-01
  -6.9121415e-01
  -6.9818683e-01
  -7.0509081e-01
  -7.1192540e-01
  -7.1868996e-01
  -7.2538384e-01
  -7.3200641e-01
  -7.3855704e-01
  -7.4503511e-01
  -7.5144000e-01
  -7.5777111e-01
  -7.6402784e-01
  -7.7020960e-01
  -7.7631581e-01
  -7.8234590e-01
  -7.8829929e-01
  -7.9417543e-01
  -7.9997377e-01
  -8.0569377e-01
  -8.1133488e-01
  -8.1689659e-01
  -8.2237837e-01
  -8.2777971e-01
  -8.3310011e-01
  -8.3833908e-01
  -8.4349611e-01
  -8.4857074e-01
  -8.5356249e-01
  -8.5847089e-01
  -8.6329549e-01
  -8.6803584e-01
  -8.7269150e-01
  -8.7726203e-01
  -8.8174700e-01
  -8.8614601e-01
  -8.9045888e-01
  -8.9468547e-01
  -8.9882530e-01
  -9.0287789e-01
  -9.0684276e-01
  -9.1071945e-01
  -9.1450750e-01
  -9.1820648e-01
  -9.2181595e-01
  -9.2533551e-01
  -9.2876474e-01
  -9.3210325e-01
  -9.3535065e-01
  -9.3850657e-01
  -9.4157065e-01
  -9.4454255e-01
  -9.4742191e-01
  -9.5020842e-01
  -9.5290176e-01
  -9.5550162e-01
  -9.5800771e-01
  -9.6041975e-01
  -9.6273746e-01
  -9.6496058e-01
  -9.6708888e-01
  -9.6912210e-01
  -9.7106002e-01
  -9.7290243e-01
  -9.7464913e-01
  -9.7629991e-01
  -9.7785461e-01
  -9.7931304e-01
  -9.8067506e-01
  -9.8194051e-01
  -9.8310926e-01
  -9.8418118e-01
  -9.8515616e-01
  -9.8603410e-01
  -9.8681490e-01
  -9.8749849e-01
  -9.8808479e-01
  -9.8857375e-01
  -9.8896533e-01
  -9.8925948e-01
  -9.8945619e-01
  -9.8955544e-01
  -9.8955723e-01
  -9.8946157e-01
  -9.8926849e-01
  -9.8897800e-01
  -9.8859017e-01
  -9.8810504e-01
  -9.8752268e-01
  -9.8684317e-01
  -9.8606659e-01
  -9.8519306e-01
  -9.8422266e-01
  -9.8315554e-01
  -9.8199183e-01
  -9.8073166e-01
  -9.7937520e-01
  -9.7792262e-01
  -9.7637409e-01
  -9.7472979e-01
  -9.7298995e-01
  -9.7115476e-01
  -9.6922445e-01
  -9.6719926e-01
  -9.6507943e-01
  -9.6286522e-01
  -9.6055690e-01
  -9.5815475e-01
  -9.5565906e-01
  -9.5307013e-01
  -9.5038828e-01
  -9.4761383e-01
  -9.4474713e-01
  -9.4178850e-01
  -9.3873833e-01
  -9.3559697e-01
  -9.3236481e-01
  -9.2904224e-01
  -9.2562945e-01
  -9.2212613e-01
  -9.1853257e-01
  -9.1484912e-01
  -9.1107615e-01
  -9.0721402e-01
  -9.0326311e-01
  -8.9922380e-01
  -8.9509648e-01
  -8.9088155e-01
  -8.8657942e-01
  -8.8219051e-01
  -8.7771523e-01
  -8.7315402e-01
  -8.6850731e-01
  -8.6377556e-01
  -8.5895922e-01
  -8.5405874e-01
  -8.4907460e-01
  -8.4400728e-01
  -8.3885725e-01
  -8.3362502e-01
  -8.2831109e-01
  -8.2291595e-01
  -8.1744014e-01
  -8.1188418e-01
  -8.0624859e-01
  -8.0053391e-01
  -7.9474070e-01
  -7.8886952e-01
  -7.8292091e-01
  -7.7689546e-01
  -7.7079375e-01
  -7.6461636e-01
  -7.5836388e-01
  -7.5203692e-01
  -7.4563609e-01
  -7.3916201e-01
  -7.3261531e-01
  -7.2599661e-01
  -7.1930655e-01
  -7.1254580e-01
  -7.0571501e-01
  -6.9881483e-01
  -6.9184595e-01
  -6.8480904e-01
  -6.7770480e-01
  -6.7053392e-01
  -6.6329710e-01
  -6.5599506e-01
  -6.4862851e-01
  -6.4119819e-01
  -6.3370483e-01
  -6.2614917e-01
  -6.1853196e-01
  -6.1085397e-01
  -6.0311595e-01
  -5.9531869e-01
  -5.8746297e-01
  -5.7954957e-01
  -5.7157930e-01
  -5.6355296e-01
  -5.5547137e-01
  -5.4733534e-01
  -5.3914570e-01
  -5.3090330e-01
  -5.2260898e-01
  -5.1426358e-01
  -5.0586798e-01
  -4.9742304e-01
  -4.8892963e-01
  -4.8038864e-01
  -4.7180096e-01
  -4.6316750e-01
  -4.5448915e-01
  -4.4576684e-01
  -4.3700147e-01
  -4.2819311e-01
  -4.1934214e-01
  -4.1044950e-01
  -4.0151614e-01
  -3.9254299e-01
  -3.8353099e-01
  -3.7448110e-01
  -3.6539424e-01
  -3.5627137e-01
  -3.4711342e-01
  -3.3792133e-01
  -3.2869606e-01
  -3.1943853e-01
  -3.1014970e-01
  -3.0083050e-01
  -2.9148187e-01
  -2.8210477e-01
  -2.7270013e-01
  -2.6326890e-01
  -2.5381202e-01
  -2.4433042e-01
  -2.3482506e-01
  -2.2529688e-01
  -2.1574682e-01
  -2.0617583e-01
  -1.9658484e-01
  -1.8697480e-01
  -1.7734666e-01
  -1.6770135e-01
  -1.5803983e-01
  -1.4836304e-01
  -1.3867191e-01
  -1.2896740e-01
  -1.1925045e-01
  -1.0952200e-01
  -9.9782996e-02
  -9.0034385e-02
  -8.0277109e-02
  -7.0512114e-02
  -6.0740345e-02
  -5.0962745e-02
  -4.1180260e-02
  -3.1393835e-02
  -2.1604415e-02
  -1.1812945e-02
  -2.0203698e-03
   7.7723643e-03
   1.7564312e-02
   2.7354529e-02
   3.7142069e-02
   4.6925985e-02
   5.6705333e-02
   6.6479167e-02
   7.6246540e-02
   8.6006507e-02
   9.5758120e-02
   1.0550044e-01
   1.1523251e-01
   1.2495338e-01
   1.3466212e-01
   1.4435778e-01
   1.5403940e-01
   1.6370605e-01
   1.7335677e-01
   1.8299062e-01
   1.9260665e-01
   2.0220391e-01
   2.1178146e-01
   2.2133835e-01
   2.3087363e-01
   2.4038636e-01
   2.4987558e-01
   2.5934035e-01
   2.6877973e-01
   2.7819275e-01
   2.8757849e-01
   2.9693598e-01
   3.0626428e-01
   3.1556244e-01
   3.2482951e-01
   3.3406455e-01
   3.4326660e-01
   3.5243523e-01
   3.6157026e-01
   3.7067071e-01
   3.7973560e-01
   3.8876395e-01
   3.9775479e-01
   4.0670717e-01
   4.1562012e-01
   4.2449271e-01
   4.3332400e-01
   4.4211305e-01
   4.5085896e-01
   4.5956079e-01
   4.6821765e-01
   4.7682865e-01
   4.8539288e-01
   4.9390947e-01
   5.0237754e-01
   5.1079622e-01
   5.1916467e-01
   5.2748202e-01
   5.3574743e-01
   5.4396007e-01
   5.5211911e-01
   5.6022374e-01
   5.6827313e-01
   5.7626649e-01
   5.8420301e-01
   5.9208192e-01
   5.9990242e-01
   6.0766376e-01
   6.1536516e-01
   6.2300586e-01
   6.3058512e-01
   6.3810219e-01
   6.4555635e-01
   6.5294686e-01
   6.6027301e-01
   6.6753409e-01
   6.7472940e-01
   6.8185824e-01
   6.8891992e-01
   6.9591377e-01
   7.0283912e-01
   7.0969530e-01
   7.1648165e-01
   7.2319754e-01
   7.2984232e-01
   7.3641536e-01
   7.4291604e-01
   7.4934373e-01
   7.5569783e-01
   7.6197775e-01
   7.6818289e-01
   7.7431266e-01
   7.8036648e-01
   7.8634380e-01
   7.9224404e-01
   7.9806666e-01
   8.0381110e-01
   8.0947683e-01
   8.1506333e-01
   8.2057006e-01
   8.2599652e-01
   8.3134220e-01
   8.3660659e-01
   8.4178922e-01
   8.4688959e-01
   8.5190723e-01
   8.5684167e-01
   8.6169246e-01
   8.6645915e-01
   8.7114128e-01
   8.7573843e-01
   8.8025016e-01
   8.8467605e-01
   8.8901575e-01
   8.9326924e-01
   8.9743615e-01
   9.0151600e-01
   9.0550829e-01
   9.0941257e-01
   9.1322839e-01
   9.1695528e-01
   9.2059284e-01
   9.2414062e-01
   9.2759823e-01
   9.3096526e-01
   9.3424132e-01
   9.3742605e-01
   9.4051906e-01
   9.4352002e-01
   9.4642857e-01
   9.4924439e-01
   9.5196715e-01
   9.5459654e-01
   9.5713228e-01
   9.5957407e-01
   9.6192163e-01
   9.6417470e-01
   9.6633304e-01
   9.6839639e-01
   9.7036453e-01
   9.7223723e-01
   9.7401430e-01
   9.7569554e-01
   9.7728075e-01
   9.7876977e-01
   9.8016243e-01
   9.8145858e-01
   9.8265808e-01
   9.8376081e-01
   9.8476664e-01
   9.8567546e-01
   9.8648719e-01
   9.8720174e-01
   9.8781904e-01
   9.8833902e-01
   9.8876163e-01
   9.8908684e-01
   9.8931462e-01
   9.8944495e-01
   9.8947783e-01
   9.8941326e-01
   9.8925126e-01
   9.8899185e-01
   9.8863509e-01
   9.8818102e-01
   9.8762969e-01
   9.8698120e-01
   9.8623561e-01
   9.8539303e-01
   9.8445357e-01
   9.8341734e-01
   9.8228447e-01
   9.8105511e-01
   9.7972940e-01
   9.7830751e-01
   9.7678961e-01
   9.7517590e-01
   9.7346657e-01
   9.7166182e-01
   9.6976188e-01
   9.6776698e-01
   9.6567736e-01
   9.6349328e-01
   9.6121500e-01
   9.5884279e-01
   9.5637694e-01
   9.5381776e-01
   9.5116555e-01
   9.4842063e-01
   9.4558334e-01
   9.4265401e-01
   9.3963302e-01
   9.3652071e-01
   9.3331747e-01
   9.3002369e-01
   9.2663976e-01
   9.2316549e-01
   9.1960087e-01
   9.1594626e-01
   9.1220202e-01
   9.0836850e-01
   9.0444609e-01
   9.0043517e-01
   8.9633612e-01
   8.9214934e-01
   8.8787523e-01
   8.8351422e-01
   8.7906672e-01
   8.7453315e-01
   8.6991397e-01
   8.6520959e-01
   8.6042049e-01
   8.5554713e-01
   8.5058995e-01
   8.4554945e-01
   8.4042611e-01
   8.3522041e-01
   8.2993286e-01
   8.2456396e-01
   8.1911423e-01
   8.1358418e-01
   8.0797435e-01
   8.0228528e-01
   7.9651750e-01
   7.9067158e-01
   7.8474808e-01
   7.7874756e-01
   7.7267059e-01
   7.6651778e-01
   7.6028970e-01
   7.5398695e-01
   7.4761016e-01
   7.4115992e-01
   7.3463686e-01
   7.2804162e-01
   7.2137484e-01
   7.1463715e-01
   7.0782922e-01
   7.0095171e-01
   6.9400528e-01
   6.8699063e-01
   6.7990842e-01
   6.7275936e-01
   6.6554414e-01
   6.5826349e-01
   6.5091810e-01
   6.4350871e-01
   6.3603606e-01
   6.2850087e-01
   6.2090390e-01
   6.1324591e-01
   6.0552766e-01
   5.9774992e-01
   5.8991347e-01
   5.8201909e-01
   5.7406759e-01
   5.6605977e-01
   5.5799643e-01
   5.4987839e-01
   5.4170649e-01
   5.3348154e-01
   5.2520441e-01
   5.1687593e-01
   5.0849697e-01
   5.0006838e-01
   4.9159105e-01
   4.8306585e-01
   4.7449367e-01
   4.6587541e-01
   4.5721197e-01
   4.4850426e-01
   4.3975321e-01
   4.3095942e-01
   4.2212278e-01
   4.1324417e-01
   4.0432452e-01
   3.9536479e-01
   3.8636590e-01
   3.7732881e-01
   3.6825446e-01
   3.5914378e-01
   3.4999772e-01
   3.4081723e-01
   3.3160324e-01
   3.2235670e-01
   3.1307856e-01
   3.0376974e-01
   2.9443121e-01
   2.8506389e-01
   2.7566873e-01
   2.6624668e-01
   2.5679868e-01
   2.4732567e-01
   2.3782860e-01
   2.2830840e-01
   2.1876603e-01
   2.0920242e-01
   1.9961852e-01
   1.9001528e-01
   1.8039363e-01
   1.7075452e-01
   1.6109890e-01
   1.5142770e-01
   1.4174188e-01
   1.3204237e-01
   1.2233013e-01
   1.1260609e-01
   1.0287120e-01
   9.3126402e-02
   8.3372644e-02
   7.3610870e-02
   6.3842023e-02
   5.4067049e-02
   4.4286892e-02
   3.4502497e-02
   2.4714810e-02
   1.4924775e-02
   5.1333371e-03
  -4.6585579e-03
  -1.4449965e-02
  -2.4239939e-02
  -3.4027534e-02
  -4.3811805e-02
  -5.3591807e-02
  -6.3366593e-02
  -7.3135218e-02
  -8.2896735e-02
  -9.2650200e-02
  -1.0239467e-01
  -1.1212919e-01
  -1.2185282e-01
  -1.3156461e-01
  -1.4126362e-01
  -1.5094890e-01
  -1.6061951e-01
  -1.7027449e-01
  -1.7991290e-01
  -1.8953380e-01
  -1.9913623e-01
  -2.0871926e-01
  -2.1828192e-01
  -2.2782329e-01
  -2.3734240e-01
  -2.4683832e-01
  -2.5631010e-01
  -2.6575678e-01
  -2.7517742e-01
  -2.8457108e-01
  -2.9393680e-01
  -3.0327364e-01
  -3.1258065e-01
  -3.2185689e-01
  -3.3110140e-01
  -3.4031324e-01
  -3.4949157e-01
  -3.5863642e-01
  -3.6774702e-01
  -3.7682239e-01
  -3.8586153e-01
  -3.9486350e-01
  -4.0382731e-01
  -4.1275202e-01
  -4.2163667e-01
  -4.3048033e-01
  -4.3928207e-01
  -4.4804095e-01
  -4.5675607e-01
  -4.6542652e-01
  -4.7405139e-01
  -4.8262979e-01
  -4.9116084e-01
  -4.9964366e-01
  -5.0807738e-01
  -5.1646114e-01
  -5.2479408e-01
  -5.3307536e-01
  -5.4130414e-01
  -5.4947960e-01
  -5.5760090e-01
  -5.6566724e-01
  -5.7367780e-01
  -5.8163179e-01
  -5.8952842e-01
  -5.9736691e-01
  -6.0514647e-01
  -6.1286635e-01
  -6.2052577e-01
  -6.2812400e-01
  -6.3566028e-01
  -6.4313389e-01
  -6.5054409e-01
  -6.5789015e-01
  -6.6517138e-01
  -6.7238706e-01
  -6.7953650e-01
  -6.8661901e-01
  -6.9363390e-01
  -7.0058051e-01
  -7.0745816e-01
  -7.1426621e-01
  -7.2100399e-01
  -7.2767088e-01
  -7.3426623e-01
  -7.4078941e-01
  -7.4723982e-01
  -7.5361683e-01
  -7.5991985e-01
  -7.6614828e-01
  -7.7230153e-01
  -7.7837903e-01
  -7.8438020e-01
  -7.9030448e-01
  -7.9615132e-01
  -8.0192016e-01
  -8.0761046e-01
  -8.1322170e-01
  -8.1875334e-01
  -8.2420488e-01
  -8.2957580e-01
  -8.3486560e-01
  -8.4007379e-01
  -8.4519988e-01
  -8.5024341e-01
  -8.5520388e-01
  -8.6008086e-01
  -8.6487387e-01
  -8.6958248e-01
  -8.7420624e-01
  -8.7874473e-01
  -8.8319753e-01
  -8.8756421e-01
  -8.9184466e-01
  -8.9603870e-01
  -9.0014583e-01
  -9.0416559e-01
  -9.0809749e-01
  -9.1194108e-01
  -9.1569591e-01
  -9.1936155e-01
  -9.2293756e-01
  -9.2642354e-01
  -9.2981908e-01
  -9.3312379e-01
  -9.3633729e-01
  -9.3945921e-01
  -9.4248919e-01
  -9.4542689e-01
  -9.4827198e-01
  -9.5102412e-01
  -9.5368300e-01
  -9.5624833e-01
  -9.5871981e-01
  -9.6109717e-01
  -9.6338013e-01
  -9.6556844e-01
  -9.6766186e-01
  -9.6966015e-01
  -9.7156308e-01
  -9.7337046e-01
  -9.7508206e-01
  -9.7669772e-01
  -9.7821725e-01
  -9.7964048e-01
  -9.8096726e-01
  -9.8219744e-01
  -9.8333089e-01
  -9.8436750e-01
  -9.8530714e-01
  -9.8614973e-01
  -9.8689517e-01
  -9.8754338e-01
  -9.8809431e-01
  -9.8854790e-01
  -9.8890410e-01
  -9.8916288e-01
  -9.8932423e-01
  -9.8938814e-01
  -9.8935460e-01
  -9.8922363e-01
  -9.8899526e-01
  -9.8866952e-01
  -9.8824646e-01
  -9.8772614e-01
  -9.8710862e-01
  -9.8639400e-01
  -9.8558235e-01
  -9.8467379e-01
  -9.8366844e-01
  -9.8256640e-01
  -9.8136784e-01
  -9.8007288e-01
  -9.7868170e-01
  -9.7719446e-01
  -9.7561134e-01
  -9.7393255e-01
  -9.7215828e-01
  -9.7028875e-01
  -9.6832419e-01
  -9.6626483e-01
  -9.6411094e-01
  -9.6186276e-01
  -9.5952057e-01
  -9.5708466e-01
  -9.5455531e-01
  -9.5193284e-01
  -9.4921756e-01
  -9.4640981e-01
  -9.4350992e-01
  -9.4051824e-01
  -9.3743513e-01
  -9.3426098e-01
  -9.3099616e-01
  -9.2764107e-01
  -9.2419586e-01
  -9.2066025e-01
  -9.1703454e-01
  -9.1331908e-01
  -9.0951424e-01
  -9.0562039e-01
  -9.0163792e-01
  -8.9756720e-01
  -8.9340864e-01
  -8.8916262e-01
  -8.8482958e-01
  -8.8040992e-01
  -8.7590407e-01
  -8.7131246e-01
  -8.6663554e-01
  -8.6187375e-01
  -8.5702755e-01
  -8.5209741e-01
  -8.4708380e-01
  -8.4198720e-01
  -8.3680810e-01
  -8.3154699e-01
  -8.2620439e-01
  -8.2078079e-01
  -8.1527672e-01
  -8.0969271e-01
  -8.0402929e-01
  -7.9828700e-01
  -7.9246640e-01
  -7.8656805e-01
  -7.8059250e-01
  -7.7454034e-01
  -7.6841215e-01
  -7.6220851e-01
  -7.5593002e-01
  -7.4957730e-01
  -7.4315094e-01
  -7.3665158e-01
  -7.3007984e-01
  -7.2343636e-01
  -7.1672178e-01
  -7.0993675e-01
  -7.0308194e-01
  -6.9615801e-01
  -6.8916563e-01
  -6.8210550e-01
  -6.7497829e-01
  -6.6778472e-01
  -6.6052548e-01
  -6.5320129e-01
  -6.4581288e-01
  -6.3836096e-01
  -6.3084629e-01
  -6.2326961e-01
  -6.1563166e-01
  -6.0793321e-01
  -6.0017503e-01
  -5.9235790e-01
  -5.8448260e-01
  -5.7654992e-01
  -5.6856067e-01
  -5.6051564e-01
  -5.5241567e-01
  -5.4426156e-01
  -5.3605415e-01
  -5.2779428e-01
  -5.1948280e-01
  -5.1112057e-01
  -5.0270843e-01
  -4.9424727e-01
  -4.8573797e-01
  -4.7718140e-01
  -4.6857846e-01
  -4.5993006e-01
  -4.5123709e-01
  -4.4250049e-01
  -4.3372111e-01
  -4.2489885e-01
  -4.1603433e-01
  -4.0712847e-01
  -3.9818222e-01
  -3.8919652e-01
  -3.8017231e-01
  -3.7111054e-01
  -3.6201215e-01
  -3.5287808e-01
  -3.4370927e-01
  -3.3450667e-01
  -3.2527122e-01
  -3.1600386e-01
  -3.0670554e-01
  -2.9737720e-01
  -2.8801977e-01
  -2.7863421e-01
  -2.6922145e-01
  -2.5978245e-01
  -2.5031814e-01
  -2.4082947e-01
  -2.3131737e-01
  -2.2178280e-01
  -2.1222670e-01
  -2.0265001e-01
  -1.9305367e-01
  -1.8343863e-01
  -1.7380583e-01
  -1.6415622e-01
  -1.5449074e-01
  -1.4481034e-01
  -1.3511595e-01
  -1.2540852e-01
  -1.1568900e-01
  -1.0595834e-01
  -9.6217464e-02
  -8.6467332e-02
  -7.6708884e-02
  -6.6943064e-02
  -5.7170819e-02
  -4.7393092e-02
  -3.7610828e-02
  -2.7824972e-02
  -1.8036470e-02
  -8.2462649e-03
   1.5446966e-03
   1.1335470e-02
   2.1125109e-02
   3.0912670e-02
   4.0697207e-02
   5.0477773e-02
   6.0253425e-02
   7.0023216e-02
   7.9786201e-02
   8.9541433e-02
   9.9287968e-02
   1.0902486e-01
   1.1875116e-01
   1.2846593e-01
   1.3816821e-01
   1.4785707e-01
   1.5753155e-01
   1.6719071e-01
   1.7683360e-01
   1.8645929e-01
   1.9606681e-01
   2.0565522e-01
   2.1522359e-01
   2.2477095e-01
   2.3429637e-01
   2.4379889e-01
   2.5327758e-01
   2.6273148e-01
   2.7215964e-01
   2.8156113e-01
   2.9093498e-01
   3.0028026e-01
   3.0959602e-01
   3.1888131e-01
   3.2813517e-01
   3.3735668e-01
   3.4654487e-01
   3.5569951e-01
   3.6482023e-01
   3.7390603e-01
   3.8295593e-01
   3.9196896e-01
   4.0094416e-01
   4.0988056e-01
   4.1877721e-01
   4.2763318e-01
   4.3644753e-01
   4.4521932e-01
   4.5394765e-01
   4.6263160e-01
   4.7127026e-01
   4.7986275e-01
   4.8840817e-01
   4.9690565e-01
   5.0535431e-01
   5.1375328e-01
   5.2210172e-01
   5.3039877e-01
   5.3864360e-01
   5.4683536e-01
   5.5497325e-01
   5.6305643e-01
   5.7108409e-01
   5.7905545e-01
   5.8696970e-01
   5.9482606e-01
   6.0262375e-01
   6.1036201e-01
   6.1804006e-01
   6.2565715e-01
   6.3321254e-01
   6.4070550e-01
   6.4813528e-01
   6.5550116e-01
   6.6280244e-01
   6.7003840e-01
   6.7720835e-01
   6.8431158e-01
   6.9134743e-01
   6.9831520e-01
   7.0521425e-01
   7.1204389e-01
   7.1880349e-01
   7.2549239e-01
   7.3210997e-01
   7.3865559e-01
   7.4512863e-01
   7.5152847e-01
   7.5785452e-01
   7.6410618e-01
   7.7028285e-01
   7.7638395e-01
   7.8240891e-01
   7.8835717e-01
   7.9422816e-01
   8.0002133e-01
   8.0573615e-01
   8.1137208e-01
   8.1692858e-01
   8.2240515e-01
   8.2780126e-01
   8.3311643e-01
   8.3835014e-01
   8.4350192e-01
   8.4857128e-01
   8.5355776e-01
   8.5846088e-01
   8.6328019e-01
   8.6801525e-01
   8.7266561e-01
   8.7723083e-01
   8.8171050e-01
   8.8610420e-01
   8.9041163e-01
   8.9463279e-01
   8.9876721e-01
   9.0281440e-01
   9.0677391e-01
   9.1064526e-01
   9.1442799e-01
   9.1812169e-01
   9.2172590e-01
   9.2524022e-01
   9.2866424e-01
   9.3199757e-01
   9.3523981e-01
   9.3839060e-01
   9.4144958e-01
   9.4441639e-01
   9.4729070e-01
   9.5007218e-01
   9.5276052e-01
   9.5535540e-01
   9.5785653e-01
   9.6026364e-01
   9.6257645e-01
   9.6479469e-01
   9.6691813e-01
   9.6894653e-01
   9.7087965e-01
   9.7271728e-01
   9.7445922e-01
   9.7610528e-01
   9.7765527e-01
   9.7910902e-01
   9.8046638e-01
   9.8172720e-01
   9.8289135e-01
   9.8395868e-01
   9.8492910e-01
   9.8580251e-01
   9.8657880e-01
   9.8725790e-01
   9.8783974e-01
   9.8832426e-01
   9.8871142e-01
   9.8900118e-01
   9.8919352e-01
   9.8928842e-01
   9.8928589e-01
   9.8918593e-01
   9.8898857e-01
   9.8869383e-01
   9.8830177e-01
   9.8781243e-01
   9.8722588e-01
   9.8654221e-01
   9.8576149e-01
   9.8488383e-01
   9.8390934e-01
   9.8283815e-01
   9.8167038e-01
   9.8040618e-01
   9.7904571e-01
   9.7758914e-01
   9.7603663e-01
   9.7438840e-01
   9.7264463e-01
   9.7080553e-01
   9.6887134e-01
   9.6684228e-01
   9.6471861e-01
   9.6250058e-01
   9.6018845e-01
   9.5778252e-01
   9.5528307e-01
   9.5269040e-01
   9.5000482e-01
   9.4722667e-01
   9.4435628e-01
   9.4139399e-01
   9.3834017e-01
   9.3519519e-01
   9.3195942e-01
   9.2863325e-01
   9.2521704e-01
   9.2171047e-01
   9.1811369e-01
   9.1442706e-01
   9.1065095e-01
   9.0678571e-01
   9.0283173e-01
   8.9878939e-01
   8.9465909e-01
   8.9044122e-01
   8.8613619e-01
   8.8174442e-01
   8.7726634e-01
   8.7270236e-01
   8.6805294e-01
   8.6331851e-01
   8.5849954e-01
   8.5359649e-01
   8.4860982e-01
   8.4354002e-01
   8.3838756e-01
   8.3315295e-01
   8.2783669e-01
   8.2243928e-01
   8.1696124e-01
   8.1140310e-01
   8.0576538e-01
   8.0004864e-01
   7.9425341e-01
   7.8838026e-01
   7.8242974e-01
   7.7640243e-01
   7.7029892e-01
   7.6411977e-01
   7.5786560e-01
   7.5153700e-01
   7.4513458e-01
   7.3865896e-01
   7.3211077e-01
   7.2549065e-01
   7.1879922e-01
   7.1203715e-01
   7.0520509e-01
   6.9830370e-01
   6.9133367e-01
   6.8429566e-01
   6.7719036e-01
   6.7001848e-01
   6.6278072e-01
   6.5547778e-01
   6.4811040e-01
   6.4067928e-01
   6.3318518e-01
   6.2562884e-01
   6.1801099e-01
   6.1033241e-01
   6.0259386e-01
   5.9479611e-01
   5.8693995e-01
   5.7902616e-01
   5.7105555e-01
   5.6302891e-01
   5.5494706e-01
   5.4681083e-01
   5.3862103e-01
   5.3037851e-01
   5.2208411e-01
   5.1373868e-01
   5.0534309e-01
   4.9689819e-01
   4.8840487e-01
   4.7986401e-01
   4.7127650e-01
   4.6264323e-01
   4.5396512e-01
   4.4524308e-01
   4.3647803e-01
   4.2767024e-01
   4.1881987e-01
   4.0992787e-01
   4.0099519e-01
   3.9202276e-01
   3.8301152e-01
   3.7396243e-01
   3.6487641e-01
   3.5575442e-01
   3.4659739e-01
   3.3740628e-01
   3.2818201e-01
   3.1892554e-01
   3.0963780e-01
   3.0031975e-01
   2.9097232e-01
   2.8159645e-01
   2.7219309e-01
   2.6276319e-01
   2.5330768e-01
   2.4382751e-01
   2.3432362e-01
   2.2479695e-01
   2.1524846e-01
   2.0567908e-01
   1.9608975e-01
   1.8648143e-01
   1.7685505e-01
   1.6721155e-01
   1.5755189e-01
   1.4787700e-01
   1.3818783e-01
   1.2848533e-01
   1.1877043e-01
   1.0904409e-01
   9.9307241e-02
   8.9560834e-02
   7.9805812e-02
   7.0043119e-02
   6.0273701e-02
   5.0498502e-02
   4.0718467e-02
   3.0934540e-02
   2.1147666e-02
   1.1358790e-02
   1.5688579e-03
  -8.2211864e-03
  -1.8010397e-02
  -2.7797830e-02
  -3.7582538e-02
  -4.7363578e-02
  -5.7140003e-02
  -6.6910869e-02
  -7.6675229e-02
  -8.6432137e-02
  -9.6180650e-02
  -1.0591982e-01
  -1.1564870e-01
  -1.2536635e-01
  -1.3507182e-01
  -1.4476416e-01
  -1.5444243e-01
  -1.6410568e-01
  -1.7375297e-01
  -1.8338335e-01
  -1.9299587e-01
  -2.0258958e-01
  -2.1216355e-01
  -2.2171682e-01
  -2.3124845e-01
  -2.4075749e-01
  -2.5024299e-01
  -2.5970401e-01
  -2.6913960e-01
  -2.7854882e-01
  -2.8793071e-01
  -2.9728433e-01
  -3.0660873e-01
  -3.1590296e-01
  -3.2516609e-01
  -3.3439715e-01
  -3.4359521e-01
  -3.5275963e-01
  -3.6189039e-01
  -3.7098655e-01
  -3.8004713e-01
  -3.8907116e-01
  -3.9805765e-01
  -4.0700567e-01
  -4.1591424e-01
  -4.2478243e-01
  -4.3360930e-01
  -4.4239392e-01
  -4.5113537e-01
  -4.5983273e-01
  -4.6848510e-01
  -4.7709159e-01
  -4.8565129e-01
  -4.9416333e-01
  -5.0262684e-01
  -5.1104094e-01
  -5.1940479e-01
  -5.2771752e-01
  -5.3597830e-01
  -5.4418628e-01
  -5.5234065e-01
  -5.6044058e-01
  -5.6848527e-01
  -5.7647390e-01
  -5.8440568e-01
  -5.9227982e-01
  -6.0009555e-01
  -6.0785209e-01
  -6.1554867e-01
  -6.2318455e-01
  -6.3075896e-01
  -6.3827118e-01
  -6.4572045e-01
  -6.5310607e-01
  -6.6042732e-01
  -6.6768347e-01
  -6.7487384e-01
  -6.8199772e-01
  -6.8905444e-01
  -6.9604331e-01
  -7.0296366e-01
  -7.0981482e-01
  -7.1659616e-01
  -7.2330701e-01
  -7.2994674e-01
  -7.3651472e-01
  -7.4301032e-01
  -7.4943293e-01
  -7.5578194e-01
  -7.6205675e-01
  -7.6825677e-01
  -7.7438141e-01
  -7.8043010e-01
  -7.8640227e-01
  -7.9229736e-01
  -7.9811481e-01
  -8.0385408e-01
  -8.0951464e-01
  -8.1509595e-01
  -8.2059749e-01
  -8.2601876e-01
  -8.3135923e-01
  -8.3661842e-01
  -8.4179584e-01
  -8.4689099e-01
  -8.5190342e-01
  -8.5683265e-01
  -8.6167822e-01
  -8.6643968e-01
  -8.7111659e-01
  -8.7570851e-01
  -8.8021502e-01
  -8.8463569e-01
  -8.8897015e-01
  -8.9321838e-01
  -8.9738005e-01
  -9.0145465e-01
  -9.0544172e-01
  -9.0934079e-01
  -9.1315140e-01
  -9.1687311e-01
  -9.2050549e-01
  -9.2404811e-01
  -9.2750058e-01
  -9.3086248e-01
  -9.3413342e-01
  -9.3731305e-01
  -9.4040098e-01
  -9.4339687e-01
  -9.4630037e-01
  -9.4911115e-01
  -9.5182889e-01
  -9.5445329e-01
  -9.5698404e-01
  -9.5942086e-01
  -9.6176348e-01
  -9.6401163e-01
  -9.6616505e-01
  -9.6822351e-01
  -9.7018678e-01
  -9.7205464e-01
  -9.7382688e-01
  -9.7550330e-01
  -9.7708373e-01
  -9.7856798e-01
  -9.7995589e-01
  -9.8124732e-01
  -9.8244212e-01
  -9.8354017e-01
  -9.8454134e-01
  -9.8544553e-01
  -9.8625265e-01
  -9.8696261e-01
  -9.8757534e-01
  -9.8809078e-01
  -9.8850888e-01
  -9.8882960e-01
  -9.8905291e-01
  -9.8917880e-01
  -9.8920726e-01
  -9.8913829e-01
  -9.8897193e-01
  -9.8870818e-01
  -9.8834711e-01
  -9.8788875e-01
  -9.8733316e-01
  -9.8668043e-01
  -9.8593064e-01
  -9.8508388e-01
  -9.8414027e-01
  -9.8309991e-01
  -9.8196295e-01
  -9.8072952e-01
  -9.7939977e-01
  -9.7797387e-01
  -9.7645200e-01
  -9.7483433e-01
  -9.7312108e-01
  -9.7131244e-01
  -9.6940864e-01
  -9.6740990e-01
  -9.6531648e-01
  -9.6312862e-01
  -9.6084660e-01
  -9.5847068e-01
  -9.5600115e-01
  -9.5343832e-01
  -9.5078249e-01
  -9.4803399e-01
  -9.4519314e-01
  -9.4226030e-01
  -9.3923581e-01
  -9.3612005e-01
  -9.3291338e-01
  -9.2961621e-01
  -9.2622892e-01
  -9.2275142e-01
  -9.1918362e-01
  -9.1552586e-01
  -9.1177850e-01
  -9.0794191e-01
  -9.0401647e-01
  -9.0000255e-01
  -8.9590055e-01
  -8.9171086e-01
  -8.8743390e-01
  -8.8307006e-01
  -8.7861978e-01
  -8.7408348e-01
  -8.6946161e-01
  -8.6475459e-01
  -8.5996289e-01
  -8.5508697e-01
  -8.5012729e-01
  -8.4508433e-01
  -8.3995857e-01
  -8.3475051e-01
  -8.2946064e-01
  -8.2408946e-01
  -8.1863751e-01
  -8.1310528e-01
  -8.0749333e-01
  -8.0180218e-01
  -7.9603237e-01
  -7.9018448e-01
  -7.8425904e-01
  -7.7825664e-01
  -7.7217785e-01
  -7.6602325e-01
  -7.5979344e-01
  -7.5348902e-01
  -7.4711060e-01
  -7.4065878e-01
  -7.3413420e-01
  -7.2753749e-01
  -7.2086928e-01
  -7.1413022e-01
  -7.0732097e-01
  -7.0044219e-01
  -6.9349454e-01
  -6.8647872e-01
  -6.7939540e-01
  -6.7224527e-01
  -6.6502905e-01
  -6.5774743e-01
  -6.5040113e-01
  -6.4299089e-01
  -6.3551742e-01
  -6.2798148e-01
  -6.2038381e-01
  -6.1272517e-01
  -6.0500631e-01
  -5.9722802e-01
  -5.8939107e-01
  -5.8149624e-01
  -5.7354434e-01
  -5.6553616e-01
  -5.5747252e-01
  -5.4935423e-01
  -5.4118213e-01
  -5.3295703e-01
  -5.2467980e-01
  -5.1635126e-01
  -5.0797229e-01
  -4.9954375e-01
  -4.9106650e-01
  -4.8254144e-01
  -4.7396944e-01
  -4.6535141e-01
  -4.5668825e-01
  -4.4798087e-01
  -4.3923019e-01
  -4.3043684e-01
  -4.2160073e-01
  -4.1272268e-01
  -4.0380365e-01
  -3.9484458e-01
  -3.8584640e-01
  -3.7681007e-01
  -3.6773652e-01
  -3.5862670e-01
  -3.4948155e-01
  -3.4030201e-01
  -3.3108902e-01
  -3.2184353e-01
  -3.1256648e-01
  -3.0325881e-01
  -2.9392147e-01
  -2.8455539e-01
  -2.7516153e-01
  -2.6574082e-01
  -2.5629421e-01
  -2.4682264e-01
  -2.3732705e-01
  -2.2780839e-01
  -2.1826760e-01
  -2.0870563e-01
  -1.9912341e-01
  -1.8952190e-01
  -1.7990203e-01
  -1.7026475e-01
  -1.6061100e-01
  -1.5094173e-01
  -1.4125789e-01
  -1.3156040e-01
  -1.2185022e-01
  -1.1212830e-01
  -1.0239558e-01
  -9.2652992e-02
  -8.2901493e-02
  -7.3142025e-02
  -6.3375531e-02
  -5.3602956e-02
  -4.3825246e-02
  -3.4043343e-02
  -2.4258194e-02
  -1.4470744e-02
  -4.6819357e-03
   5.1072844e-03
   1.4895972e-02
   2.4683181e-02
   3.4467967e-02
   4.4249385e-02
   5.4026489e-02
   6.3798335e-02
   7.3563976e-02
   8.3322467e-02
   9.3072863e-02
   1.0281422e-01
   1.1254559e-01
   1.2226602e-01
   1.3197458e-01
   1.4167032e-01
   1.5135228e-01
   1.6101953e-01
   1.7067112e-01
   1.8030610e-01
   1.8992352e-01
   1.9952244e-01
   2.0910192e-01
   2.1866100e-01
   2.2819875e-01
   2.3771421e-01
   2.4720643e-01
   2.5667448e-01
   2.6611740e-01
   2.7553425e-01
   2.8492407e-01
   2.9428593e-01
   3.0361888e-01
   3.1292197e-01
   3.2219425e-01
   3.3143477e-01
   3.4064259e-01
   3.4981685e-01
   3.5895756e-01
   3.6806399e-01
   3.7713516e-01
   3.8617009e-01
   3.9516780e-01
   4.0412733e-01
   4.1304774e-01
   4.2192806e-01
   4.3076736e-01
   4.3956471e-01
   4.4831919e-01
   4.5702988e-01
   4.6569586e-01
   4.7431625e-01
   4.8289015e-01
   4.9141667e-01
   4.9989493e-01
   5.0832407e-01
   5.1670323e-01
   5.2503155e-01
   5.3330819e-01
   5.4153231e-01
   5.4970308e-01
   5.5781967e-01
   5.6588128e-01
   5.7388710e-01
   5.8183632e-01
   5.8972817e-01
   5.9756185e-01
   6.0533659e-01
   6.1305162e-01
   6.2070619e-01
   6.2829955e-01
   6.3583094e-01
   6.4329964e-01
   6.5070491e-01
   6.5804604e-01
   6.6532231e-01
   6.7253302e-01
   6.7967747e-01
   6.8675498e-01
   6.9376487e-01
   7.0070645e-01
   7.0757907e-01
   7.1438207e-01
   7.2111479e-01
   7.2777661e-01
   7.3436687e-01
   7.4088497e-01
   7.4733027e-01
   7.5370218e-01
   7.6000008e-01
   7.6622338e-01
   7.7237150e-01
   7.7844385e-01
   7.8443988e-01
   7.9035900e-01
   7.9620067e-01
   8.0196434e-01
   8.0764947e-01
   8.1325553e-01
   8.1878200e-01
   8.2422835e-01
   8.2959408e-01
   8.3487870e-01
   8.4008170e-01
   8.4520260e-01
   8.5024093e-01
   8.5519621e-01
   8.6006799e-01
   8.6485581e-01
   8.6955923e-01
   8.7417780e-01
   8.7871111e-01
   8.8315872e-01
   8.8752022e-01
   8.9179548e-01
   8.9598434e-01
   9.0008631e-01
   9.0410090e-01
   9.0802764e-01
   9.1186608e-01
   9.1561577e-01
   9.1927626e-01
   9.2284715e-01
   9.2632801e-01
   9.2971844e-01
   9.3301806e-01
   9.3622647e-01
   9.3934332e-01
   9.4236824e-01
   9.4530089e-01
   9.4814094e-01
   9.5088805e-01
   9.5354193e-01
   9.5610226e-01
   9.5856876e-01
   9.6094116e-01
   9.6321917e-01
   9.6540255e-01
   9.6749105e-01
   9.6948444e-01
   9.7138249e-01
   9.7318500e-01
   9.7489176e-01
   9.7650260e-01
   9.7801732e-01
   9.7943576e-01
   9.8075777e-01
   9.8198321e-01
   9.8311194e-01
   9.8414384e-01
   9.8507880e-01
   9.8591673e-01
   9.8665754e-01
   9.8730114e-01
   9.8784748e-01
   9.8829650e-01
   9.8864817e-01
   9.8890244e-01
   9.8905930e-01
   9.8911874e-01
   9.8908077e-01
   9.8894539e-01
   9.8871264e-01
   9.8838255e-01
   9.8795516e-01
   9.8743054e-01
   9.8680875e-01
   9.8608989e-01
   9.8527404e-01
   9.8436130e-01
   9.8335179e-01
   9.8224563e-01
   9.8104298e-01
   9.7974396e-01
   9.7834875e-01
   9.7685752e-01
   9.7527044e-01
   9.7358772e-01
   9.7180955e-01
   9.6993616e-01
   9.6796777e-01
   9.6590462e-01
   9.6374697e-01
   9.6149506e-01
   9.5914918e-01
   9.5670962e-01
   9.5417665e-01
   9.5155060e-01
   9.4883178e-01
   9.4602052e-01
   9.4311715e-01
   9.4012204e-01
   9.3703554e-01
   9.3385802e-01
   9.3058988e-01
   9.2723151e-01
   9.2378308e-01
   9.2024427e-01
   9.1661541e-01
   9.1289685e-01
   9.0908894e-01
   9.0519207e-01
   9.0120661e-01
   8.9713295e-01
   8.9297148e-01
   8.8872262e-01
   8.8438676e-01
   8.7996432e-01
   8.7545574e-01
   8.7086145e-01
   8.6618189e-01
   8.6141750e-01
   8.5656876e-01
   8.5163611e-01
   8.4662004e-01
   8.4152103e-01
   8.3633955e-01
   8.3107612e-01
   8.2573124e-01
   8.2030541e-01
   8.1479916e-01
   8.0921301e-01
   8.0354750e-01
   7.9780318e-01
   7.9198058e-01
   7.8608028e-01
   7.8010284e-01
   7.7404884e-01
   7.6791884e-01
   7.6171345e-01
   7.5543327e-01
   7.4907889e-01
   7.4265094e-01
   7.3615002e-01
   7.2957678e-01
   7.2293184e-01
   7.1621586e-01
   7.0942948e-01
   7.0257336e-01
   6.9564818e-01
   6.8865460e-01
   6.8159332e-01
   6.7446501e-01
   6.6727039e-01
   6.6001015e-01
   6.5268502e-01
   6.4529571e-01
   6.3784295e-01
   6.3032748e-01
   6.2275005e-01
   6.1511141e-01
   6.0741233e-01
   5.9965356e-01
   5.9183589e-01
   5.8396011e-01
   5.7602699e-01
   5.6803735e-01
   5.5999200e-01
   5.5189174e-01
   5.4373740e-01
   5.3552982e-01
   5.2726982e-01
   5.1895827e-01
   5.1059601e-01
   5.0218390e-01
   4.9372282e-01
   4.8521364e-01
   4.7665725e-01
   4.6805455e-01
   4.5940643e-01
   4.5071380e-01
   4.4197758e-01
   4.3319863e-01
   4.2437685e-01
   4.1551284e-01
   4.0660756e-01
   3.9766193e-01
   3.8867691e-01
   3.7965343e-01
   3.7059245e-01
   3.6149489e-01
   3.5236170e-01
   3.4319383e-01
   3.3399221e-01
   3.2475780e-01
   3.1549152e-01
   3.0619434e-01
   2.9686718e-01
   2.8751099e-01
   2.7812671e-01
   2.6871530e-01
   2.5927768e-01
   2.4981481e-01
   2.4032762e-01
   2.3081706e-01
   2.2128407e-01
   2.1172960e-01
   2.0215459e-01
   1.9255999e-01
   1.8294673e-01
   1.7331576e-01
   1.6366802e-01
   1.5400447e-01
   1.4432603e-01
   1.3463366e-01
   1.2492830e-01
   1.1521090e-01
   1.0548239e-01
   9.5743722e-02
   8.5995843e-02
   7.6239694e-02
   6.6476221e-02
   5.6706367e-02
   4.6931076e-02
   3.7151295e-02
   2.7367966e-02
   1.7582036e-02
   7.7944478e-03
  -1.9938526e-03
  -1.1781921e-02
  -2.1568811e-02
  -3.1353580e-02
  -4.1135281e-02
  -5.0912969e-02
  -6.0685699e-02
  -7.0452526e-02
  -8.0212505e-02
  -8.9964690e-02
  -9.9708135e-02
  -1.0944190e-01
  -1.1916503e-01
  -1.2887658e-01
  -1.3857561e-01
  -1.4826117e-01
  -1.5793232e-01
  -1.6758812e-01
  -1.7722760e-01
  -1.8684983e-01
  -1.9645387e-01
  -2.0603876e-01
  -2.1560356e-01
  -2.2514732e-01
  -2.3466911e-01
  -2.4416796e-01
  -2.5364293e-01
  -2.6309309e-01
  -2.7251747e-01
  -2.8191514e-01
  -2.9128514e-01
  -3.0062654e-01
  -3.0993837e-01
  -3.1921971e-01
  -3.2846959e-01
  -3.3768708e-01
  -3.4687122e-01
  -3.5602179e-01
  -3.6513839e-01
  -3.7422005e-01
  -3.8326578e-01
  -3.9227461e-01
  -4.0124557e-01
  -4.1017771e-01
  -4.1907007e-01
  -4.2792171e-01
  -4.3673170e-01
  -4.4549911e-01
  -4.5422303e-01
  -4.6290254e-01
  -4.7153674e-01
  -4.8012473e-01
  -4.8866564e-01
  -4.9715857e-01
  -5.0560266e-01
  -5.1399704e-01
  -5.2234086e-01
  -5.3063328e-01
  -5.3887344e-01
  -5.4706052e-01
  -5.5519369e-01
  -5.6327214e-01
  -5.7129506e-01
  -5.7926165e-01
  -5.8717111e-01
  -5.9502265e-01
  -6.0281552e-01
  -6.1054892e-01
  -6.1822210e-01
  -6.2583431e-01
  -6.3338481e-01
  -6.4087284e-01
  -6.4829769e-01
  -6.5565862e-01
  -6.6295494e-01
  -6.7018592e-01
  -6.7735087e-01
  -6.8444910e-01
  -6.9147992e-01
  -6.9844267e-01
  -7.0533666e-01
  -7.1216125e-01
  -7.1891578e-01
  -7.2559961e-01
  -7.3221210e-01
  -7.3875262e-01
  -7.4522055e-01
  -7.5161529e-01
  -7.5793621e-01
  -7.6418273e-01
  -7.7035427e-01
  -7.7645022e-01
  -7.8247004e-01
  -7.8841314e-01
  -7.9427897e-01
  -8.0006698e-01
  -8.0577662e-01
  -8.1140738e-01
  -8.1695870e-01
  -8.2243009e-01
  -8.2782103e-01
  -8.3313101e-01
  -8.3835954e-01
  -8.4350614e-01
  -8.4857032e-01
  -8.5355161e-01
  -8.5844954e-01
  -8.6326368e-01
  -8.6799355e-01
  -8.7263873e-01
  -8.7719879e-01
  -8.8167329e-01
  -8.8606182e-01
  -8.9036410e-01
  -8.9458011e-01
  -8.9870938e-01
  -9.0275144e-01
  -9.0670581e-01
  -9.1057203e-01
  -9.1434964e-01
  -9.1803821e-01
  -9.2163732e-01
  -9.2514653e-01
  -9.2856545e-01
  -9.3189369e-01
  -9.3513085e-01
  -9.3827657e-01
  -9.4133049e-01
  -9.4429225e-01
  -9.4716153e-01
  -9.4993798e-01
  -9.5262130e-01
  -9.5521118e-01
  -9.5770732e-01
  -9.6010945e-01
  -9.6241730e-01
  -9.6463060e-01
  -9.6674911e-01
  -9.6877259e-01
  -9.7070081e-01
  -9.7253357e-01
  -9.7427064e-01
  -9.7591186e-01
  -9.7745702e-01
  -9.7890597e-01
  -9.8025854e-01
  -9.8151460e-01
  -9.8267399e-01
  -9.8373661e-01
  -9.8470232e-01
  -9.8557105e-01
  -9.8634268e-01
  -9.8701714e-01
  -9.8759437e-01
  -9.8807431e-01
  -9.8845690e-01
  -9.8874213e-01
  -9.8892995e-01
  -9.8902037e-01
  -9.8901338e-01
  -9.8890899e-01
  -9.8870722e-01
  -9.8840811e-01
  -9.8801170e-01
  -9.8751804e-01
  -9.8692720e-01
  -9.8623927e-01
  -9.8545432e-01
  -9.8457246e-01
  -9.8359381e-01
  -9.8251847e-01
  -9.8134660e-01
  -9.8007833e-01
  -9.7871382e-01
  -9.7725324e-01
  -9.7569676e-01
  -9.7404459e-01
  -9.7229691e-01
  -9.7045395e-01
  -9.6851592e-01
  -9.6648307e-01
  -9.6435563e-01
  -9.6213387e-01
  -9.5981806e-01
  -9.5740848e-01
  -9.5490541e-01
  -9.5230917e-01
  -9.4962006e-01
  -9.4683841e-01
  -9.4396456e-01
  -9.4099885e-01
  -9.3794165e-01
  -9.3479332e-01
  -9.3155425e-01
  -9.2822484e-01
  -9.2480540e-01
  -9.2129563e-01
  -9.1769570e-01
  -9.1400596e-01
  -9.1022677e-01
  -9.0635851e-01
  -9.0240154e-01
  -8.9835625e-01
  -8.9422304e-01
  -8.9000231e-01
  -8.8569447e-01
  -8.8129992e-01
  -8.7681910e-01
  -8.7225243e-01
  -8.6760036e-01
  -8.6286334e-01
  -8.5804181e-01
  -8.5313624e-01
  -8.4814710e-01
  -8.4307488e-01
  -8.3792004e-01
  -8.3268310e-01
  -8.2736455e-01
  -8.2196490e-01
  -8.1648467e-01
  -8.1092438e-01
  -8.0528456e-01
  -7.9956576e-01
  -7.9376853e-01
  -7.8789342e-01
  -7.8194099e-01
  -7.7591182e-01
  -7.6980648e-01
  -7.6362557e-01
  -7.5736968e-01
  -7.5103941e-01
  -7.4463537e-01
  -7.3815818e-01
  -7.3160847e-01
  -7.2498687e-01
  -7.1829402e-01
  -7.1153057e-01
  -7.0469719e-01
  -6.9779452e-01
  -6.9082326e-01
  -6.8378408e-01
  -6.7667766e-01
  -6.6950470e-01
  -6.6226592e-01
  -6.5496201e-01
  -6.4759370e-01
  -6.4016172e-01
  -6.3266680e-01
  -6.2510968e-01
  -6.1749112e-01
  -6.0981188e-01
  -6.0207271e-01
  -5.9427440e-01
  -5.8641773e-01
  -5.7850348e-01
  -5.7053246e-01
  -5.6250547e-01
  -5.5442332e-01
  -5.4628683e-01
  -5.3809683e-01
  -5.2985417e-01
  -5.2155967e-01
  -5.1321420e-01
  -5.0481862e-01
  -4.9637379e-01
  -4.8788059e-01
  -4.7933989e-01
  -4.7075260e-01
  -4.6211961e-01
  -4.5344183e-01
  -4.4472016e-01
  -4.3595555e-01
  -4.2714819e-01
  -4.1829832e-01
  -4.0940687e-01
  -4.0047479e-01
  -3.9150301e-01
  -3.8249249e-01
  -3.7344415e-01
  -3.6435895e-01
  -3.5523782e-01
  -3.4608171e-01
  -3.3689156e-01
  -3.2766831e-01
  -3.1841291e-01
  -3.0912630e-01
  -2.9980942e-01
  -2.9046321e-01
  -2.8108862e-01
  -2.7168659e-01
  -2.6225806e-01
  -2.5280397e-01
  -2.4332528e-01
  -2.3382291e-01
  -2.2429783e-01
  -2.1475095e-01
  -2.0518325e-01
  -1.9559564e-01
  -1.8598909e-01
  -1.7636452e-01
  -1.6672289e-01
  -1.5706515e-01
  -1.4739222e-01
  -1.3770506e-01
  -1.2800461e-01
  -1.1829182e-01
  -1.0856763e-01
  -9.8832974e-02
  -8.9088809e-02
  -7.9336076e-02
  -6.9575717e-02
  -5.9808679e-02
  -5.0035905e-02
  -4.0258339e-02
  -3.0476926e-02
  -2.0692612e-02
  -1.0906339e-02
  -1.1190539e-03
   8.6682995e-03
   1.8454776e-02
   2.8239431e-02
   3.8021319e-02
   4.7799496e-02
   5.7573016e-02
   6.7340933e-02
   7.7102304e-02
   8.6856182e-02
   9.6601621e-02
   1.0633768e-01
   1.1606341e-01
   1.2577786e-01
   1.3548009e-01
   1.4516916e-01
   1.5484411e-01
   1.6450401e-01
   1.7414791e-01
   1.8377485e-01
   1.9338390e-01
   2.0297411e-01
   2.1254453e-01
   2.2209422e-01
   2.3162223e-01
   2.4112761e-01
   2.5060942e-01
   2.6006671e-01
   2.6949853e-01
   2.7890394e-01
   2.8828199e-01
   2.9763174e-01
   3.0695223e-01
   3.1624252e-01
   3.2550167e-01
   3.3472872e-01
   3.4392273e-01
   3.5308310e-01
   3.6220979e-01
   3.7130184e-01
   3.8035827e-01
   3.8937812e-01
   3.9836041e-01
   4.0730418e-01
   4.1620848e-01
   4.2507237e-01
   4.3389490e-01
   4.4267515e-01
   4.5141221e-01
   4.6010515e-01
   4.6875307e-01
   4.7735507e-01
   4.8591027e-01
   4.9441778e-01
   5.0287672e-01
   5.1128624e-01
   5.1964548e-01
   5.2795357e-01
   5.3620969e-01
   5.4441300e-01
   5.5256266e-01
   5.6065786e-01
   5.6869780e-01
   5.7668166e-01
   5.8460865e-01
   5.9247799e-01
   6.0028889e-01
   6.0804058e-01
   6.1573230e-01
   6.2336329e-01
   6.3093280e-01
   6.3844009e-01
   6.4588444e-01
   6.5326511e-01
   6.6058138e-01
   6.6783256e-01
   6.7501793e-01
   6.8213680e-01
   6.8918850e-01
   6.9617233e-01
   7.0308764e-01
   7.0993375e-01
   7.1671001e-01
   7.2341579e-01
   7.3005043e-01
   7.3661331e-01
   7.4310380e-01
   7.4952130e-01
   7.5586518e-01
   7.6213486e-01
   7.6832974e-01
   7.7444924e-01
   7.8049278e-01
   7.8645980e-01
   7.9234972e-01
   7.9816201e-01
   8.0389612e-01
   8.0955151e-01
   8.1512764e-01
   8.2062401e-01
   8.2604009e-01
   8.3137539e-01
   8.3662940e-01
   8.4180164e-01
   8.4689161e-01
   8.5189886e-01
   8.5682291e-01
   8.6166330e-01
   8.6641959e-01
   8.7109133e-01
   8.7567808e-01
   8.8017942e-01
   8.8459494e-01
   8.8892425e-01
   8.9316735e-01
   8.9732388e-01
   9.0139336e-01
   9.0537530e-01
   9.0926925e-01
   9.1307474e-01
   9.1679134e-01
   9.2041861e-01
   9.2395614e-01
   9.2740351e-01
   9.3076032e-01
   9.3402619e-01
   9.3720074e-01
   9.4028361e-01
   9.4327445e-01
   9.4617291e-01
   9.4897866e-01
   9.5169138e-01
   9.5431077e-01
   9.5683653e-01
   9.5926837e-01
   9.6160602e-01
   9.6384921e-01
   9.6599770e-01
   9.6805124e-01
   9.7000960e-01
   9.7187257e-01
   9.7363994e-01
   9.7531151e-01
   9.7688710e-01
   9.7836653e-01
   9.7974964e-01
   9.8103629e-01
   9.8222633e-01
   9.8331964e-01
   9.8431610e-01
   9.8521560e-01
   9.8601804e-01
   9.8672335e-01
   9.8733146e-01
   9.8784230e-01
   9.8825582e-01
   9.8857198e-01
   9.8879077e-01
   9.8891216e-01
   9.8893614e-01
   9.8886273e-01
   9.8869195e-01
   9.8842381e-01
   9.8805837e-01
   9.8759568e-01
   9.8703579e-01
   9.8637879e-01
   9.8562475e-01
   9.8477378e-01
   9.8382598e-01
   9.8278148e-01
   9.8164040e-01
   9.8040288e-01
   9.7906908e-01
   9.7763916e-01
   9.7611331e-01
   9.7449169e-01
   9.7277452e-01
   9.7096201e-01
   9.6905436e-01
   9.6705182e-01
   9.6495463e-01
   9.6276304e-01
   9.6047732e-01
   9.5809774e-01
   9.5562460e-01
   9.5305818e-01
   9.5039881e-01
   9.4764681e-01
   9.4480250e-01
   9.4186624e-01
   9.3883837e-01
   9.3571927e-01
   9.3250931e-01
   9.2920888e-01
   9.2581838e-01
   9.2233768e-01
   9.1876671e-01
   9.1510582e-01
   9.1135539e-01
   9.0751576e-01
   9.0358731e-01
   8.9957044e-01
   8.9546553e-01
   8.9127297e-01
   8.8699317e-01
   8.8262655e-01
   8.7817352e-01
   8.7363453e-01
   8.6900999e-01
   8.6430036e-01
   8.5950609e-01
   8.5462765e-01
   8.4966549e-01
   8.4462009e-01
   8.3949194e-01
   8.3428154e-01
   8.2898937e-01
   8.2361594e-01
   8.1816178e-01
   8.1262739e-01
   8.0701332e-01
   8.0132010e-01
   7.9554828e-01
   7.8969841e-01
   7.8377105e-01
   7.7776677e-01
   7.7168614e-01
   7.6552977e-01
   7.5929822e-01
   7.5299211e-01
   7.4661205e-01
   7.4015864e-01
   7.3363252e-01
   7.2703432e-01
   7.2036466e-01
   7.1362421e-01
   7.0681362e-01
   6.9993354e-01
   6.9298466e-01
   6.8596764e-01
   6.7888317e-01
   6.7173195e-01
   6.6451468e-01
   6.5723207e-01
   6.4988483e-01
   6.4247370e-01
   6.3499939e-01
   6.2746266e-01
   6.1986426e-01
   6.1220493e-01
   6.0448544e-01
   5.9670656e-01
   5.8886908e-01
   5.8097377e-01
   5.7302145e-01
   5.6501290e-01
   5.5694893e-01
   5.4883038e-01
   5.4065805e-01
   5.3243279e-01
   5.2415545e-01
   5.1582685e-01
   5.0744788e-01
   4.9901938e-01
   4.9054224e-01
   4.8201733e-01
   4.7344554e-01
   4.6482777e-01
   4.5616492e-01
   4.4745790e-01
   4.3870764e-01
   4.2991474e-01
   4.2107909e-01
   4.1220157e-01
   4.0328312e-01
   3.9432468e-01
   3.8532720e-01
   3.7629160e-01
   3.6721885e-01
   3.5810987e-01
   3.4896562e-01
   3.3978703e-01
   3.3057505e-01
   3.2133061e-01
   3.1205467e-01
   3.0274816e-01
   2.9341202e-01
   2.8404721e-01
   2.7465466e-01
   2.6523531e-01
   2.5579011e-01
   2.4632000e-01
   2.3682593e-01
   2.2730883e-01
   2.1776965e-01
   2.0820934e-01
   1.9862883e-01
   1.8902907e-01
   1.7941101e-01
   1.6977558e-01
   1.6012374e-01
   1.5045642e-01
   1.4077456e-01
   1.3107912e-01
   1.2137104e-01
   1.1165125e-01
   1.0192071e-01
   9.2180352e-02
   8.2431128e-02
   7.2673981e-02
   6.2909853e-02
   5.3139690e-02
   4.3364436e-02
   3.3585034e-02
   2.3802431e-02
   1.4017569e-02
   4.2313944e-03
  -5.5551489e-03
  -1.5341116e-02
  -2.5125562e-02
  -3.4907542e-02
  -4.4686111e-02
  -5.4460325e-02
  -6.4229237e-02
  -7.3991903e-02
  -8.3747378e-02
  -9.3494717e-02
  -1.0323297e-01
  -1.1296120e-01
  -1.2267846e-01
  -1.3238380e-01
  -1.4207627e-01
  -1.5175494e-01
  -1.6141885e-01
  -1.7106705e-01
  -1.8069862e-01
  -1.9031258e-01
  -1.9990801e-01
  -2.0948396e-01
  -2.1903947e-01
  -2.2857361e-01
  -2.3808542e-01
  -2.4757397e-01
  -2.5703830e-01
  -2.6647746e-01
  -2.7589052e-01
  -2.8527652e-01
  -2.9463452e-01
  -3.0396356e-01
  -3.1326272e-01
  -3.2253103e-01
  -3.3176755e-01
  -3.4097134e-01
  -3.5014155e-01
  -3.5927820e-01
  -3.6838055e-01
  -3.7744759e-01
  -3.8647836e-01
  -3.9547187e-01
  -4.0442718e-01
  -4.1334333e-01
  -4.2221936e-01
  -4.3105434e-01
  -4.3984734e-01
  -4.4859744e-01
  -4.5730371e-01
  -4.6596526e-01
  -4.7458118e-01
  -4.8315057e-01
  -4.9167257e-01
  -5.0014628e-01
  -5.0857085e-01
  -5.1694540e-01
  -5.2526910e-01
  -5.3354109e-01
  -5.4176053e-01
  -5.4992660e-01
  -5.5803847e-01
  -5.6609534e-01
  -5.7409639e-01
  -5.8204083e-01
  -5.8992787e-01
  -5.9775673e-01
  -6.0552663e-01
  -6.1323680e-01
  -6.2088649e-01
  -6.2847494e-01
  -6.3600142e-01
  -6.4346518e-01
  -6.5086551e-01
  -6.5820167e-01
  -6.6547296e-01
  -6.7267868e-01
  -6.7981813e-01
  -6.8689062e-01
  -6.9389547e-01
  -7.0083201e-01
  -7.0769958e-01
  -7.1449751e-01
  -7.2122516e-01
  -7.2788188e-01
  -7.3446705e-01
  -7.4098004e-01
  -7.4742023e-01
  -7.5378702e-01
  -7.6007979e-01
  -7.6629795e-01
  -7.7244093e-01
  -7.7850814e-01
  -7.8449901e-01
  -7.9041297e-01
  -7.9624948e-01
  -8.0200799e-01
  -8.0768795e-01
  -8.1328884e-01
  -8.1881013e-01
  -8.2425130e-01
  -8.2961186e-01
  -8.3489129e-01
  -8.4008911e-01
  -8.4520484e-01
  -8.5023799e-01
  -8.5518810e-01
  -8.6005470e-01
  -8.6483735e-01
  -8.6953560e-01
  -8.7414900e-01
  -8.7867715e-01
  -8.8311960e-01
  -8.8747595e-01
  -8.9174608e-01
  -8.9592982e-01
  -9.0002666e-01
  -9.0403613e-01
  -9.0795775e-01
  -9.1179108e-01
  -9.1553566e-01
  -9.1919105e-01
  -9.2275684e-01
  -9.2623261e-01
  -9.2961795e-01
  -9.3291249e-01
  -9.3611583e-01
  -9.3922761e-01
  -9.4224748e-01
  -9.4517509e-01
  -9.4801010e-01
  -9.5075220e-01
  -9.5340106e-01
  -9.5595640e-01
  -9.5841791e-01
  -9.6078533e-01
  -9.6305839e-01
  -9.6523682e-01
  -9.6732039e-01
  -9.6930887e-01
  -9.7120203e-01
  -9.7299966e-01
  -9.7470156e-01
  -9.7630754e-01
  -9.7781744e-01
  -9.7923107e-01
  -9.8054830e-01
  -9.8176897e-01
  -9.8289295e-01
  -9.8392013e-01
  -9.8485039e-01
  -9.8568363e-01
  -9.8641978e-01
  -9.8705875e-01
  -9.8760048e-01
  -9.8804491e-01
  -9.8839201e-01
  -9.8864175e-01
  -9.8879410e-01
  -9.8884905e-01
  -9.8880662e-01
  -9.8866682e-01
  -9.8842966e-01
  -9.8809519e-01
  -9.8766346e-01
  -9.8713453e-01
  -9.8650846e-01
  -9.8578534e-01
  -9.8496526e-01
  -9.8404833e-01
  -9.8303466e-01
  -9.8192437e-01
  -9.8071762e-01
  -9.7941454e-01
  -9.7801531e-01
  -9.7652008e-01
  -9.7492904e-01
  -9.7324239e-01
  -9.7146034e-01
  -9.6958309e-01
  -9.6761089e-01
  -9.6554396e-01
  -9.6338256e-01
  -9.6112695e-01
  -9.5877740e-01
  -9.5633421e-01
  -9.5379765e-01
  -9.5116805e-01
  -9.4844572e-01
  -9.4563099e-01
  -9.4272420e-01
  -9.3972569e-01
  -9.3663585e-01
  -9.3345503e-01
  -9.3018363e-01
  -9.2682204e-01
  -9.2337040e-01
  -9.1982842e-01
  -9.1619643e-01
  -9.1247477e-01
  -9.0866381e-01
  -9.0476393e-01
  -9.0077550e-01
  -8.9669891e-01
  -8.9253456e-01
  -8.8828285e-01
  -8.8394419e-01
  -8.7951900e-01
  -8.7500771e-01
  -8.7041075e-01
  -8.6572856e-01
  -8.6096160e-01
  -8.5611031e-01
  -8.5117517e-01
  -8.4615666e-01
  -8.4105524e-01
  -8.3587141e-01
  -8.3060567e-01
  -8.2525851e-01
  -8.1983046e-01
  -8.1432204e-01
  -8.0873376e-01
  -8.0306617e-01
  -7.9731981e-01
  -7.9149523e-01
  -7.8559299e-01
  -7.7961365e-01
  -7.7355780e-01
  -7.6742601e-01
  -7.6121887e-01
  -7.5493698e-01
  -7.4858095e-01
  -7.4215139e-01
  -7.3564892e-01
  -7.2907416e-01
  -7.2242777e-01
  -7.1571038e-01
  -7.0892264e-01
  -7.0206521e-01
  -6.9513876e-01
  -6.8814398e-01
  -6.8108153e-01
  -6.7395211e-01
  -6.6675643e-01
  -6.5949518e-01
  -6.5216909e-01
  -6.4477887e-01
  -6.3732525e-01
  -6.2980898e-01
  -6.2223080e-01
  -6.1459145e-01
  -6.0689171e-01
  -5.9913235e-01
  -5.9131413e-01
  -5.8343785e-01
  -5.7550429e-01
  -5.6751426e-01
  -5.5946856e-01
  -5.5136802e-01
  -5.4321345e-01
  -5.3500568e-01
  -5.2674556e-01
  -5.1843393e-01
  -5.1007164e-01
  -5.0165957e-01
  -4.9319857e-01
  -4.8468953e-01
  -4.7613333e-01
  -4.6753087e-01
  -4.5888305e-01
  -4.5019077e-01
  -4.4145496e-01
  -4.3267644e-01
  -4.2385511e-01
  -4.1499162e-01
  -4.0608689e-01
  -3.9714188e-01
  -3.8815753e-01
  -3.7913478e-01
  -3.7007457e-01
  -3.6097784e-01
  -3.5184553e-01
  -3.4267859e-01
  -3.3347796e-01
  -3.2424459e-01
  -3.1497941e-01
  -3.0568336e-01
  -2.9635740e-01
  -2.8700245e-01
  -2.7761947e-01
  -2.6820940e-01
  -2.5877318e-01
  -2.4931175e-01
  -2.3982606e-01
  -2.3031705e-01
  -2.2078566e-01
  -2.1123284e-01
  -2.0165952e-01
  -1.9206666e-01
  -1.8245519e-01
  -1.7282606e-01
  -1.6318021e-01
  -1.5351859e-01
  -1.4384213e-01
  -1.3415179e-01
  -1.2444851e-01
  -1.1473323e-01
  -1.0500689e-01
  -9.5270437e-02
  -8.5524819e-02
  -7.5770977e-02
  -6.6009855e-02
  -5.6242398e-02
  -4.6469550e-02
  -3.6692255e-02
  -2.6911458e-02
  -1.7128103e-02
  -7.3431341e-03
   2.4425035e-03
   1.2227865e-02
   2.2012007e-02
   3.1793983e-02
   4.1572849e-02
   5.1347661e-02
   6.1117472e-02
   7.0881338e-02
   8.0638315e-02
   9.0387456e-02
   1.0012782e-01
   1.0985845e-01
   1.1957842e-01
   1.2928676e-01
   1.3898255e-01
   1.4866483e-01
   1.5833265e-01
   1.6798508e-01
   1.7762116e-01
   1.8723995e-01
   1.9684050e-01
   2.0642187e-01
   2.1598312e-01
   2.2552329e-01
   2.3504144e-01
   2.4453662e-01
   2.5400789e-01
   2.6345430e-01
   2.7287490e-01
   2.8226876e-01
   2.9163491e-01
   3.0097242e-01
   3.1028034e-01
   3.1955771e-01
   3.2880361e-01
   3.3801707e-01
   3.4719715e-01
   3.5634368e-01
   3.6545621e-01
   3.7453376e-01
   3.8357535e-01
   3.9258000e-01
   4.0154675e-01
   4.1047464e-01
   4.1936272e-01
   4.2821005e-01
   4.3701570e-01
   4.4577874e-01
   4.5449826e-01
   4.6317334e-01
   4.7180308e-01
   4.8038659e-01
   4.8892298e-01
   4.9741137e-01
   5.0585089e-01
   5.1424068e-01
   5.2257988e-01
   5.3086765e-01
   5.3910314e-01
   5.4728553e-01
   5.5541399e-01
   5.6348771e-01
   5.7150587e-01
   5.7946767e-01
   5.8737233e-01
   5.9521906e-01
   6.0300709e-01
   6.1073563e-01
   6.1840394e-01
   6.2601126e-01
   6.3355684e-01
   6.4103994e-01
   6.4845985e-01
   6.5581583e-01
   6.6310716e-01
   6.7033316e-01
   6.7749310e-01
   6.8458632e-01
   6.9161211e-01
   6.9856982e-01
   7.0545876e-01
   7.1227829e-01
   7.1902775e-01
   7.2570649e-01
   7.3231388e-01
   7.3884930e-01
   7.4531212e-01
   7.5170174e-01
   7.5801753e-01
   7.6425892e-01
   7.7042532e-01
   7.7651613e-01
   7.8253079e-01
   7.8846873e-01
   7.9432940e-01
   8.0011225e-01
   8.0581673e-01
   8.1144231e-01
   8.1698846e-01
   8.2245468e-01
   8.2784044e-01
   8.3314524e-01
   8.3836859e-01
   8.4351001e-01
   8.4856901e-01
   8.5354513e-01
   8.5843789e-01
   8.6324685e-01
   8.6797156e-01
   8.7261157e-01
   8.7716647e-01
   8.8163581e-01
   8.8601919e-01
   8.9031633e-01
   8.9452722e-01
   8.9865137e-01
   9.0268831e-01
   9.0663756e-01
   9.1049867e-01
   9.1427117e-01
   9.1795464e-01
   9.2154865e-01
   9.2505277e-01
   9.2846660e-01
   9.3178976e-01
   9.3502185e-01
   9.3816250e-01
   9.4121137e-01
   9.4416808e-01
   9.4703232e-01
   9.4980375e-01
   9.5248205e-01
   9.5506693e-01
   9.5755809e-01
   9.5995524e-01
   9.6225813e-01
   9.6446648e-01
   9.6658005e-01
   9.6859861e-01
   9.7052193e-01
   9.7234980e-01
   9.7408201e-01
   9.7571837e-01
   9.7725870e-01
   9.7870284e-01
   9.8005062e-01
   9.8130190e-01
   9.8245654e-01
   9.8351442e-01
   9.8447543e-01
   9.8533946e-01
   9.8610642e-01
   9.8677624e-01
   9.8734885e-01
   9.8782419e-01
   9.8820222e-01
   9.8848289e-01
   9.8866620e-01
   9.8875213e-01
   9.8874067e-01
   9.8863184e-01
   9.8842566e-01
   9.8812216e-01
   9.8772139e-01
   9.8722341e-01
   9.8662828e-01
   9.8593608e-01
   9.8514689e-01
   9.8426083e-01
   9.8327801e-01
   9.8219853e-01
   9.8102255e-01
   9.7975021e-01
   9.7838166e-01
   9.7691707e-01
   9.7535663e-01
   9.7370052e-01
   9.7194894e-01
   9.7010211e-01
   9.6816026e-01
   9.6612361e-01
   9.6399242e-01
   9.6176695e-01
   9.5944746e-01
   9.5703424e-01
   9.5452757e-01
   9.5192776e-01
   9.4923513e-01
   9.4645000e-01
   9.4357271e-01
   9.4060361e-01
   9.3754305e-01
   9.3439141e-01
   9.3114907e-01
   9.2781642e-01
   9.2439377e-01
   9.2088069e-01
   9.1727735e-01
   9.1358412e-01
   9.0980135e-01
   9.0592943e-01
   9.0196873e-01
   8.9791965e-01
   8.9378258e-01
   8.8955793e-01
   8.8524611e-01
   8.8084756e-01
   8.7636269e-01
   8.7179194e-01
   8.6713577e-01
   8.6239463e-01
   8.5756898e-01
   8.5265929e-01
   8.4766604e-01
   8.4258971e-01
   8.3743081e-01
   8.3218984e-01
   8.2686730e-01
   8.2146371e-01
   8.1597961e-01
   8.1041553e-01
   8.0477201e-01
   7.9904960e-01
   7.9324887e-01
   7.8737037e-01
   7.8141469e-01
   7.7538241e-01
   7.6927412e-01
   7.6309042e-01
   7.5683192e-01
   7.5049923e-01
   7.4409298e-01
   7.3761380e-01
   7.3106233e-01
   7.2443922e-01
   7.1774513e-01
   7.1098071e-01
   7.0414664e-01
   6.9724360e-01
   6.9027228e-01
   6.8323338e-01
