   1.0000000e+00
   9.9995877e-01
   9.9983507e-01
   9.9962893e-01
   9.9934033e-01
   9.9896931e-01
   9.9851588e-01
   9.9798007e-01
   9.9736189e-01
   9.9666140e-01
   9.9587862e-01
   9.9501359e-01
   9.9406636e-01
   9.9303699e-01
   9.9192552e-01
   9.9073202e-01
   9.8945654e-01
   9.8809917e-01
   9.8665997e-01
   9.8513902e-01
   9.8353656e-01
   9.8185283e-01
   9.8008787e-01
   9.7824176e-01
   9.7631454e-01
   9.7430631e-01
   9.7221713e-01
   9.7004710e-01
   9.6779631e-01
   9.6546485e-01
   9.6305283e-01
   9.6056037e-01
   9.5798758e-01
   9.5533460e-01
   9.5260155e-01
   9.4978857e-01
   9.4689581e-01
   9.4392343e-01
   9.4087158e-01
   9.3774042e-01
   9.3453014e-01
   9.3124092e-01
   9.2787293e-01
   9.2442637e-01
   9.2090144e-01
   9.1729835e-01
   9.1361731e-01
   9.0985854e-01
   9.0602226e-01
   9.0210871e-01
   8.9811814e-01
   8.9405078e-01
   8.8990688e-01
   8.8568672e-01
   8.8139055e-01
   8.7701865e-01
   8.7257129e-01
   8.6804877e-01
   8.6345138e-01
   8.5877942e-01
   8.5403318e-01
   8.4921300e-01
   8.4431918e-01
   8.3935205e-01
   8.3431195e-01
   8.2919922e-01
   8.2401420e-01
   8.1875724e-01
   8.1342871e-01
   8.0802897e-01
   8.0255840e-01
   7.9701737e-01
   7.9140627e-01
   7.8572550e-01
   7.7997546e-01
   7.7415654e-01
   7.6826917e-01
   7.6231377e-01
   7.5629075e-01
   7.5020056e-01
   7.4404364e-01
   7.3782042e-01
   7.3153138e-01
   7.2517695e-01
   7.1875762e-01
   7.1227385e-01
   7.0572612e-01
   6.9911493e-01
   6.9244076e-01
   6.8570412e-01
   6.7890550e-01
   6.7204543e-01
   6.6512443e-01
   6.5814302e-01
   6.5110173e-01
   6.4400101e-01
   6.3684086e-01
   6.2962183e-01
   6.2234456e-01
   6.1500969e-01
   6.0761789e-01
   6.0016979e-01
   5.9266607e-01
   5.8510738e-01
   5.7749438e-01
   5.6982776e-01
   5.6210819e-01
   5.5433635e-01
   5.4651293e-01
   5.3863861e-01
   5.3071408e-01
   5.2274006e-01
   5.1471724e-01
   5.0664632e-01
   4.9852802e-01
   4.9036306e-01
   4.8215216e-01
   4.7389603e-01
   4.6559542e-01
   4.5725105e-01
   4.4886366e-01
   4.4043400e-01
   4.3196281e-01
   4.2345084e-01
   4.1489885e-01
   4.0630760e-01
   3.9767786e-01
   3.8901039e-01
   3.8030596e-01
   3.7156536e-01
   3.6278937e-01
   3.5397877e-01
   3.4513435e-01
   3.3625692e-01
   3.2734726e-01
   3.1840619e-01
   3.0943451e-01
   3.0043304e-01
   2.9140259e-01
   2.8234399e-01
   2.7325806e-01
   2.6414564e-01
   2.5500755e-01
   2.4584464e-01
   2.3665775e-01
   2.2744773e-01
   2.1821543e-01
   2.0896172e-01
   1.9968744e-01
   1.9039348e-01
   1.8108069e-01
   1.7174996e-01
   1.6240216e-01
   1.5303818e-01
   1.4365890e-01
   1.3426522e-01
   1.2485803e-01
   1.1543824e-01
   1.0600674e-01
   9.6564464e-02
   8.7112310e-02
   7.7651202e-02
   6.8182061e-02
   5.8705817e-02
   4.9223401e-02
   3.9735750e-02
   3.0243806e-02
   2.0748513e-02
   1.1250821e-02
   1.7516846e-03
  -7.7479371e-03
  -1.7247081e-02
  -2.6744781e-02
  -3.6240063e-02
  -4.5731953e-02
  -5.5219468e-02
  -6.4701625e-02
  -7.4177433e-02
  -8.3645898e-02
  -9.3106022e-02
  -1.0255680e-01
  -1.1199723e-01
  -1.2142630e-01
  -1.3084299e-01
  -1.4024628e-01
  -1.4963514e-01
  -1.5900856e-01
  -1.6836548e-01
  -1.7770489e-01
  -1.8702572e-01
  -1.9632699e-01
  -2.0560917e-01
  -2.1487196e-01
  -2.2411442e-01
  -2.3333560e-01
  -2.4253456e-01
  -2.5171037e-01
  -2.6086211e-01
  -2.6998887e-01
  -2.7908973e-01
  -2.8816379e-01
  -2.9721016e-01
  -3.0622796e-01
  -3.1521631e-01
  -3.2417434e-01
  -3.3310118e-01
  -3.4199599e-01
  -3.5085791e-01
  -3.5968611e-01
  -3.6847976e-01
  -3.7723803e-01
  -3.8596010e-01
  -3.9464516e-01
  -4.0329243e-01
  -4.1190109e-01
  -4.2047037e-01
  -4.2899949e-01
  -4.3748767e-01
  -4.4593416e-01
  -4.5433820e-01
  -4.6269903e-01
  -4.7101593e-01
  -4.7928816e-01
  -4.8751500e-01
  -4.9569571e-01
  -5.0382961e-01
  -5.1191598e-01
  -5.1995414e-01
  -5.2794339e-01
  -5.3588305e-01
  -5.4377246e-01
  -5.5161095e-01
  -5.5939787e-01
  -5.6713256e-01
  -5.7481439e-01
  -5.8244272e-01
  -5.9001692e-01
  -5.9753639e-01
  -6.0500051e-01
  -6.1240867e-01
  -6.1976028e-01
  -6.2705476e-01
  -6.3429152e-01
  -6.4146999e-01
  -6.4858961e-01
  -6.5564982e-01
  -6.6265008e-01
  -6.6958983e-01
  -6.7646855e-01
  -6.8328571e-01
  -6.9004079e-01
  -6.9673328e-01
  -7.0336268e-01
  -7.0992848e-01
  -7.1643022e-01
  -7.2286739e-01
  -7.2923953e-01
  -7.3554618e-01
  -7.4178687e-01
  -7.4796116e-01
  -7.5406861e-01
  -7.6010877e-01
  -7.6608123e-01
  -7.7198556e-01
  -7.7782135e-01
  -7.8358820e-01
  -7.8928571e-01
  -7.9491349e-01
  -8.0047116e-01
  -8.0595834e-01
  -8.1137468e-01
  -8.1671981e-01
  -8.2199338e-01
  -8.2719506e-01
  -8.3232449e-01
  -8.3738136e-01
  -8.4236534e-01
  -8.4727613e-01
  -8.5211375e-01
  -8.5687806e-01
  -8.6156872e-01
  -8.6618541e-01
  -8.7072783e-01
  -8.7519567e-01
  -8.7958861e-01
  -8.8390637e-01
  -8.8814865e-01
  -8.9231517e-01
  -8.9640564e-01
  -9.0041980e-01
  -9.0435737e-01
  -9.0821809e-01
  -9.1200171e-01
  -9.1570797e-01
  -9.1933663e-01
  -9.2288744e-01
  -9.2636018e-01
  -9.2975462e-01
  -9.3307053e-01
  -9.3630769e-01
  -9.3946591e-01
  -9.4254496e-01
  -9.4554465e-01
  -9.4846479e-01
  -9.5130519e-01
  -9.5406567e-01
  -9.5674605e-01
  -9.5934615e-01
  -9.6186582e-01
  -9.6430490e-01
  -9.6666323e-01
  -9.6894066e-01
  -9.7113706e-01
  -9.7325228e-01
  -9.7528620e-01
  -9.7723868e-01
  -9.7910962e-01
  -9.8089890e-01
  -9.8260641e-01
  -9.8423204e-01
  -9.8577571e-01
  -9.8723732e-01
  -9.8861679e-01
  -9.8991404e-01
  -9.9112899e-01
  -9.9226159e-01
  -9.9331176e-01
  -9.9427945e-01
  -9.9516461e-01
  -9.9596720e-01
  -9.9668717e-01
  -9.9732451e-01
  -9.9787917e-01
  -9.9835113e-01
  -9.9874039e-01
  -9.9904693e-01
  -9.9927074e-01
  -9.9941184e-01
  -9.9947022e-01
  -9.9944590e-01
  -9.9933890e-01
  -9.9914924e-01
  -9.9887695e-01
  -9.9852207e-01
  -9.9808464e-01
  -9.9756472e-01
  -9.9696234e-01
  -9.9627757e-01
  -9.9551048e-01
  -9.9466114e-01
  -9.9372962e-01
  -9.9271600e-01
  -9.9162038e-01
  -9.9044284e-01
  -9.8918348e-01
  -9.8784242e-01
  -9.8641976e-01
  -9.8491561e-01
  -9.8333011e-01
  -9.8166337e-01
  -9.7991553e-01
  -9.7808674e-01
  -9.7617713e-01
  -9.7418686e-01
  -9.7211609e-01
  -9.6996497e-01
  -9.6773367e-01
  -9.6542228e-01
  -9.6303087e-01
  -9.6055951e-01
  -9.5800828e-01
  -9.5537728e-01
  -9.5266660e-01
  -9.4987635e-01
  -9.4700664e-01
  -9.4405759e-01
  -9.4102933e-01
  -9.3792199e-01
  -9.3473573e-01
  -9.3147068e-01
  -9.2812700e-01
  -9.2470488e-01
  -9.2120446e-01
  -9.1762594e-01
  -9.1396951e-01
  -9.1023536e-01
  -9.0642369e-01
  -9.0253471e-01
  -8.9856865e-01
  -8.9452573e-01
  -8.9040618e-01
  -8.8621024e-01
  -8.8193817e-01
  -8.7759021e-01
  -8.7316663e-01
  -8.6866771e-01
  -8.6409372e-01
  -8.5944494e-01
  -8.5472168e-01
  -8.4992422e-01
  -8.4505289e-01
  -8.4010800e-01
  -8.3508986e-01
  -8.2999882e-01
  -8.2483521e-01
  -8.1959938e-01
  -8.1429168e-01
  -8.0891247e-01
  -8.0346212e-01
  -7.9794101e-01
  -7.9234953e-01
  -7.8668806e-01
  -7.8095700e-01
  -7.7515676e-01
  -7.6928775e-01
  -7.6335040e-01
  -7.5734514e-01
  -7.5127239e-01
  -7.4513262e-01
  -7.3892625e-01
  -7.3265377e-01
  -7.2631563e-01
  -7.1991231e-01
  -7.1344429e-01
  -7.0691206e-01
  -7.0031611e-01
  -6.9365696e-01
  -6.8693511e-01
  -6.8015108e-01
  -6.7330540e-01
  -6.6639861e-01
  -6.5943124e-01
  -6.5240385e-01
  -6.4531699e-01
  -6.3817123e-01
  -6.3096714e-01
  -6.2370530e-01
  -6.1638630e-01
  -6.0901074e-01
  -6.0157920e-01
  -5.9409231e-01
  -5.8655069e-01
  -5.7895495e-01
  -5.7130573e-01
  -5.6360367e-01
  -5.5584942e-01
  -5.4804363e-01
  -5.4018697e-01
  -5.3228010e-01
  -5.2432371e-01
  -5.1631847e-01
  -5.0826509e-01
  -5.0016425e-01
  -4.9201668e-01
  -4.8382308e-01
  -4.7558418e-01
  -4.6730071e-01
  -4.5897340e-01
  -4.5060293e-01
  -4.4218903e-01
  -4.3373222e-01
  -4.2523335e-01
  -4.1669331e-01
  -4.0811296e-01
  -3.9949317e-01
  -3.9083482e-01
  -3.8213877e-01
  -3.7340589e-01
  -3.6463706e-01
  -3.5583316e-01
  -3.4699505e-01
  -3.3812361e-01
  -3.2921971e-01
  -3.2028424e-01
  -3.1131806e-01
  -3.0232206e-01
  -2.9329712e-01
  -2.8424410e-01
  -2.7516389e-01
  -2.6605737e-01
  -2.5692542e-01
  -2.4776892e-01
  -2.3858876e-01
  -2.2938580e-01
  -2.2016094e-01
  -2.1091506e-01
  -2.0164904e-01
  -1.9236377e-01
  -1.8306013e-01
  -1.7373901e-01
  -1.6440129e-01
  -1.5504786e-01
  -1.4567961e-01
  -1.3629743e-01
  -1.2690220e-01
  -1.1749482e-01
  -1.0807617e-01
  -9.8647141e-02
  -8.9208631e-02
  -7.9761528e-02
  -7.0306725e-02
  -6.0845115e-02
  -5.1377591e-02
  -4.1905048e-02
  -3.2428380e-02
  -2.2948483e-02
  -1.3466253e-02
  -3.9825859e-03
   5.5016200e-03
   1.4985467e-02
   2.4468057e-02
   3.3948491e-02
   4.3425869e-02
   5.2899290e-02
   6.2367854e-02
   7.1830659e-02
   8.1286803e-02
   9.0735384e-02
   1.0017550e-01
   1.0960624e-01
   1.1902670e-01
   1.2843599e-01
   1.3783319e-01
   1.4721739e-01
   1.5658769e-01
   1.6594319e-01
   1.7528297e-01
   1.8460612e-01
   1.9391174e-01
   2.0319891e-01
   2.1246673e-01
   2.2171428e-01
   2.3094065e-01
   2.4014492e-01
   2.4932620e-01
   2.5848355e-01
   2.6761607e-01
   2.7672284e-01
   2.8580295e-01
   2.9485547e-01
   3.0387950e-01
   3.1287412e-01
   3.2183840e-01
   3.3077142e-01
   3.3967228e-01
   3.4854005e-01
   3.5737380e-01
   3.6617262e-01
   3.7493559e-01
   3.8366178e-01
   3.9235027e-01
   4.0100013e-01
   4.0961045e-01
   4.1818029e-01
   4.2670879e-01
   4.3519649e-01
   4.4364319e-01
   4.5204813e-01
   4.6041053e-01
   4.6872964e-01
   4.7700470e-01
   4.8523498e-01
   4.9341973e-01
   5.0155823e-01
   5.0964975e-01
   5.1769360e-01
   5.2568905e-01
   5.3363541e-01
   5.4153201e-01
   5.4937815e-01
   5.5717316e-01
   5.6491638e-01
   5.7260716e-01
   5.8024483e-01
   5.8782877e-01
   5.9535834e-01
   6.0283292e-01
   6.1025188e-01
   6.1761462e-01
   6.2492054e-01
   6.3216904e-01
   6.3935954e-01
   6.4649145e-01
   6.5356422e-01
   6.6057728e-01
   6.6753007e-01
   6.7442206e-01
   6.8125269e-01
   6.8802145e-01
   6.9472780e-01
   7.0137124e-01
   7.0795125e-01
   7.1446735e-01
   7.2091903e-01
   7.2730582e-01
   7.3362725e-01
   7.3988283e-01
   7.4607213e-01
   7.5219468e-01
   7.5825004e-01
   7.6423778e-01
   7.7015746e-01
   7.7600868e-01
   7.8179102e-01
   7.8750407e-01
   7.9314744e-01
   7.9872074e-01
   8.0422359e-01
   8.0965563e-01
   8.1501648e-01
   8.2030579e-01
   8.2552321e-01
   8.3066841e-01
   8.3574104e-01
   8.4074079e-01
   8.4566734e-01
   8.5052038e-01
   8.5529961e-01
   8.6000473e-01
   8.6463547e-01
   8.6919154e-01
   8.7367267e-01
   8.7807862e-01
   8.8240911e-01
   8.8666391e-01
   8.9084277e-01
   8.9494548e-01
   8.9897181e-01
   9.0292153e-01
   9.0679446e-01
   9.1059039e-01
   9.1430913e-01
   9.1795049e-01
   9.2151431e-01
   9.2500063e-01
   9.2840944e-01
   9.3174048e-01
   9.3499352e-01
   9.3816834e-01
   9.4126469e-01
   9.4428236e-01
   9.4722113e-01
   9.5008080e-01
   9.5286115e-01
   9.5556198e-01
   9.5818311e-01
   9.6072435e-01
   9.6318551e-01
   9.6556642e-01
   9.6786691e-01
   9.7008680e-01
   9.7222596e-01
   9.7428421e-01
   9.7626141e-01
   9.7815743e-01
   9.7997212e-01
   9.8170535e-01
   9.8335701e-01
   9.8492696e-01
   9.8641510e-01
   9.8782132e-01
   9.8914552e-01
   9.9038760e-01
   9.9154748e-01
   9.9262506e-01
   9.9362027e-01
   9.9453303e-01
   9.9536328e-01
   9.9611096e-01
   9.9677600e-01
   9.9735837e-01
   9.9785801e-01
   9.9827488e-01
   9.9860896e-01
   9.9886022e-01
   9.9902863e-01
   9.9911418e-01
   9.9911686e-01
   9.9903666e-01
   9.9887358e-01
   9.9862764e-01
   9.9829884e-01
   9.9788721e-01
   9.9739276e-01
   9.9681553e-01
   9.9615556e-01
   9.9541288e-01
   9.9458754e-01
   9.9367959e-01
   9.9268910e-01
   9.9161612e-01
   9.9046073e-01
   9.8922301e-01
   9.8790303e-01
   9.8650088e-01
   9.8501665e-01
   9.8345045e-01
   9.8180238e-01
   9.8007254e-01
   9.7826106e-01
   9.7636805e-01
   9.7439364e-01
   9.7233797e-01
   9.7020117e-01
   9.6798339e-01
   9.6568478e-01
   9.6330550e-01
   9.6084570e-01
   9.5830555e-01
   9.5568523e-01
   9.5298492e-01
   9.5020480e-01
   9.4734505e-01
   9.4440588e-01
   9.4138749e-01
   9.3829009e-01
   9.3511388e-01
   9.3185909e-01
   9.2852595e-01
   9.2511467e-01
   9.2162551e-01
   9.1805869e-01
   9.1441447e-01
   9.1069310e-01
   9.0689485e-01
   9.0301996e-01
   8.9906873e-01
   8.9504141e-01
   8.9093830e-01
   8.8675965e-01
   8.8250536e-01
   8.7817556e-01
   8.7377050e-01
   8.6929043e-01
   8.6473562e-01
   8.6010632e-01
   8.5540283e-01
   8.5062542e-01
   8.4577439e-01
   8.4085003e-01
   8.3585266e-01
   8.3078259e-01
   8.2564014e-01
   8.2042565e-01
   8.1513944e-01
   8.0978188e-01
   8.0435330e-01
   7.9885408e-01
   7.9328457e-01
   7.8764516e-01
   7.8193624e-01
   7.7615818e-01
   7.7031140e-01
   7.6439629e-01
   7.5841328e-01
   7.5236279e-01
   7.4624524e-01
   7.4006107e-01
   7.3381073e-01
   7.2749467e-01
   7.2111336e-01
   7.1466725e-01
   7.0815683e-01
   7.0158258e-01
   6.9494498e-01
   6.8824455e-01
   6.8148178e-01
   6.7465718e-01
   6.6777129e-01
   6.6082463e-01
   6.5381773e-01
   6.4675115e-01
   6.3962543e-01
   6.3244113e-01
   6.2519882e-01
   6.1789907e-01
   6.1054247e-01
   6.0312962e-01
   5.9566109e-01
   5.8813751e-01
   5.8055949e-01
   5.7292764e-01
   5.6524260e-01
   5.5750499e-01
   5.4971547e-01
   5.4187469e-01
   5.3398331e-01
   5.2604198e-01
   5.1805139e-01
   5.1001223e-01
   5.0192517e-01
   4.9379091e-01
   4.8561017e-01
   4.7738365e-01
   4.6911207e-01
   4.6079616e-01
   4.5243667e-01
   4.4403432e-01
   4.3558987e-01
   4.2710409e-01
   4.1857773e-01
   4.1001157e-01
   4.0140639e-01
   3.9276298e-01
   3.8408213e-01
   3.7536466e-01
   3.6661137e-01
   3.5782309e-01
   3.4900063e-01
   3.4014484e-01
   3.3125655e-01
   3.2233663e-01
   3.1338592e-01
   3.0440529e-01
   2.9539561e-01
   2.8635777e-01
   2.7729190e-01
   2.6819811e-01
   2.5907738e-01
   2.4993071e-01
   2.4075907e-01
   2.3156345e-01
   2.2234482e-01
   2.1310417e-01
   2.0384246e-01
   1.9456067e-01
   1.8525976e-01
   1.7594071e-01
   1.6660447e-01
   1.5725201e-01
   1.4788429e-01
   1.3850225e-01
   1.2910687e-01
   1.1969909e-01
   1.1027986e-01
   1.0085012e-01
   9.1410826e-02
   8.1962915e-02
   7.2507327e-02
   6.3045000e-02
   5.3576869e-02
   4.4103866e-02
   3.4626922e-02
   2.5146965e-02
   1.5664920e-02
   6.1817101e-03
  -3.3017446e-03
  -1.2784526e-02
  -2.2265718e-02
  -3.1744407e-02
  -4.1219682e-02
  -5.0690636e-02
  -6.0156362e-02
  -6.9615956e-02
  -7.9068518e-02
  -8.8513147e-02
  -9.7948949e-02
  -1.0737503e-01
  -1.1679049e-01
  -1.2619446e-01
  -1.3558603e-01
  -1.4496433e-01
  -1.5432848e-01
  -1.6367759e-01
  -1.7301079e-01
  -1.8232720e-01
  -1.9162595e-01
  -2.0090617e-01
  -2.1016700e-01
  -2.1940757e-01
  -2.2862701e-01
  -2.3782447e-01
  -2.4699909e-01
  -2.5615001e-01
  -2.6527638e-01
  -2.7437735e-01
  -2.8345207e-01
  -2.9249970e-01
  -3.0151939e-01
  -3.1051031e-01
  -3.1947161e-01
  -3.2840245e-01
  -3.3730201e-01
  -3.4616946e-01
  -3.5500395e-01
  -3.6380468e-01
  -3.7257081e-01
  -3.8130152e-01
  -3.8999600e-01
  -3.9865342e-01
  -4.0727298e-01
  -4.1585385e-01
  -4.2439524e-01
  -4.3289634e-01
  -4.4135633e-01
  -4.4977442e-01
  -4.5814981e-01
  -4.6648170e-01
  -4.7476930e-01
  -4.8301181e-01
  -4.9120844e-01
  -4.9935841e-01
  -5.0746093e-01
  -5.1551522e-01
  -5.2352049e-01
  -5.3147598e-01
  -5.3938090e-01
  -5.4723448e-01
  -5.5503594e-01
  -5.6278453e-01
  -5.7047949e-01
  -5.7812113e-01
  -5.8570948e-01
  -5.9324391e-01
  -6.0072379e-01
  -6.0814851e-01
  -6.1551745e-01
  -6.2283001e-01
  -6.3008559e-01
  -6.3728361e-01
  -6.4442349e-01
  -6.5150465e-01
  -6.5852653e-01
  -6.6548856e-01
  -6.7239021e-01
  -6.7923091e-01
  -6.8601013e-01
  -6.9272736e-01
  -6.9938206e-01
  -7.0597371e-01
  -7.1250182e-01
  -7.1896588e-01
  -7.2536541e-01
  -7.3169990e-01
  -7.3796890e-01
  -7.4417192e-01
  -7.5030851e-01
  -7.5637821e-01
  -7.6238056e-01
  -7.6831514e-01
  -7.7418151e-01
  -7.7997924e-01
  -7.8570791e-01
  -7.9136711e-01
  -7.9695644e-01
  -8.0247550e-01
  -8.0792391e-01
  -8.1330127e-01
  -8.1860723e-01
  -8.2384140e-01
  -8.2900343e-01
  -8.3409298e-01
  -8.3910968e-01
  -8.4405322e-01
  -8.4892325e-01
  -8.5371945e-01
  -8.5844152e-01
  -8.6308913e-01
  -8.6766200e-01
  -8.7215983e-01
  -8.7658233e-01
  -8.8092922e-01
  -8.8520024e-01
  -8.8939511e-01
  -8.9351360e-01
  -8.9755543e-01
  -9.0152039e-01
  -9.0540822e-01
  -9.0921870e-01
  -9.1295163e-01
  -9.1660677e-01
  -9.2018393e-01
  -9.2368292e-01
  -9.2710354e-01
  -9.3044561e-01
  -9.3370895e-01
  -9.3689340e-01
  -9.3999880e-01
  -9.4302499e-01
  -9.4597184e-01
  -9.4883920e-01
  -9.5162694e-01
  -9.5433493e-01
  -9.5696307e-01
  -9.5951125e-01
  -9.6197936e-01
  -9.6436730e-01
  -9.6667501e-01
  -9.6890238e-01
  -9.7104937e-01
  -9.7311589e-01
  -9.7510205e-01
  -9.7700818e-01
  -9.7883412e-01
  -9.8057970e-01
  -9.8224476e-01
  -9.8382913e-01
  -9.8533265e-01
  -9.8675519e-01
  -9.8809659e-01
  -9.8935671e-01
  -9.9053544e-01
  -9.9163264e-01
  -9.9264820e-01
  -9.9358200e-01
  -9.9443394e-01
  -9.9520392e-01
  -9.9589185e-01
  -9.9649764e-01
  -9.9702121e-01
  -9.9746249e-01
  -9.9782140e-01
  -9.9809789e-01
  -9.9829190e-01
  -9.9840339e-01
  -9.9843230e-01
  -9.9837860e-01
  -9.9824227e-01
  -9.9802326e-01
  -9.9772158e-01
  -9.9733721e-01
  -9.9687013e-01
  -9.9632035e-01
  -9.9568789e-01
  -9.9497274e-01
  -9.9417493e-01
  -9.9329448e-01
  -9.9233143e-01
  -9.9128582e-01
  -9.9015768e-01
  -9.8894707e-01
  -9.8765404e-01
  -9.8627867e-01
  -9.8482100e-01
  -9.8328113e-01
  -9.8165913e-01
  -9.7995509e-01
  -9.7816910e-01
  -9.7630127e-01
  -9.7435170e-01
  -9.7232050e-01
  -9.7020779e-01
  -9.6801369e-01
  -9.6573834e-01
  -9.6338188e-01
  -9.6094444e-01
  -9.5842618e-01
  -9.5582726e-01
  -9.5314782e-01
  -9.5038806e-01
  -9.4754813e-01
  -9.4462822e-01
  -9.4162852e-01
  -9.3854922e-01
  -9.3539051e-01
  -9.3215261e-01
  -9.2883573e-01
  -9.2544009e-01
  -9.2196590e-01
  -9.1841341e-01
  -9.1478284e-01
  -9.1107444e-01
  -9.0728846e-01
  -9.0342516e-01
  -8.9948479e-01
  -8.9546763e-01
  -8.9137395e-01
  -8.8720402e-01
  -8.8295815e-01
  -8.7863661e-01
  -8.7423971e-01
  -8.6976775e-01
  -8.6522105e-01
  -8.6059992e-01
  -8.5590469e-01
  -8.5113568e-01
  -8.4629324e-01
  -8.4137771e-01
  -8.3638943e-01
  -8.3132876e-01
  -8.2619606e-01
  -8.2099170e-01
  -8.1571605e-01
  -8.1036949e-01
  -8.0495242e-01
  -7.9946521e-01
  -7.9390827e-01
  -7.8828201e-01
  -7.8258684e-01
  -7.7682317e-01
  -7.7099142e-01
  -7.6509203e-01
  -7.5912543e-01
  -7.5309167e-01
  -7.4699062e-01
  -7.4082275e-01
  -7.3458853e-01
  -7.2828845e-01
  -7.2192297e-01
  -7.1549261e-01
  -7.0899784e-01
  -7.0243918e-01
  -6.9581713e-01
  -6.8913221e-01
  -6.8238495e-01
  -6.7557587e-01
  -6.6870551e-01
  -6.6177440e-01
  -6.5478311e-01
  -6.4773217e-01
  -6.4062216e-01
  -6.3345364e-01
  -6.2622718e-01
  -6.1894336e-01
  -6.1160277e-01
  -6.0420601e-01
  -5.9675367e-01
  -5.8924635e-01
  -5.8168468e-01
  -5.7406926e-01
  -5.6640072e-01
  -5.5867970e-01
  -5.5090682e-01
  -5.4308274e-01
  -5.3520811e-01
  -5.2728357e-01
  -5.1930980e-01
  -5.1128746e-01
  -5.0321723e-01
  -4.9509980e-01
  -4.8693584e-01
  -4.7872605e-01
  -4.7047114e-01
  -4.6217182e-01
  -4.5382879e-01
  -4.4544278e-01
  -4.3701451e-01
  -4.2854472e-01
  -4.2003415e-01
  -4.1148354e-01
  -4.0289364e-01
  -3.9426522e-01
  -3.8559904e-01
  -3.7689586e-01
  -3.6815648e-01
  -3.5938167e-01
  -3.5057222e-01
  -3.4172893e-01
  -3.3285260e-01
  -3.2394405e-01
  -3.1500408e-01
  -3.0603353e-01
  -2.9703322e-01
  -2.8800398e-01
  -2.7894666e-01
  -2.6986211e-01
  -2.6075117e-01
  -2.5161472e-01
  -2.4245361e-01
  -2.3326872e-01
  -2.2406094e-01
  -2.1483114e-01
  -2.0558022e-01
  -1.9630909e-01
  -1.8701863e-01
  -1.7770978e-01
  -1.6838343e-01
  -1.5904053e-01
  -1.4968200e-01
  -1.4030878e-01
  -1.3092180e-01
  -1.2152203e-01
  -1.1211042e-01
  -1.0268792e-01
  -9.3255522e-02
  -8.3814186e-02
  -7.4364897e-02
  -6.4908646e-02
  -5.5446425e-02
  -4.5979237e-02
  -3.6508089e-02
  -2.7033994e-02
  -1.7557974e-02
  -8.0810555e-03
   1.3958286e-03
   1.0873067e-02
   2.0350094e-02
   2.9825879e-02
   3.9299402e-02
   4.8769646e-02
   5.8235602e-02
   6.7696266e-02
   7.7150642e-02
   8.6597739e-02
   9.6036572e-02
   1.0546616e-01
   1.1488554e-01
   1.2429373e-01
   1.3368979e-01
   1.4307275e-01
   1.5244168e-01
   1.6179562e-01
   1.7113364e-01
   1.8045482e-01
   1.8975824e-01
   1.9904297e-01
   2.0830811e-01
   2.1755275e-01
   2.2677600e-01
   2.3597696e-01
   2.4515476e-01
   2.5430850e-01
   2.6343733e-01
   2.7254037e-01
   2.8161676e-01
   2.9066566e-01
   2.9968621e-01
   3.0867756e-01
   3.1763890e-01
   3.2656938e-01
   3.3546819e-01
   3.4433451e-01
   3.5316752e-01
   3.6196643e-01
   3.7073044e-01
   3.7945876e-01
   3.8815059e-01
   3.9680517e-01
   4.0542172e-01
   4.1399947e-01
   4.2253767e-01
   4.3103556e-01
   4.3949238e-01
   4.4790741e-01
   4.5627990e-01
   4.6460913e-01
   4.7289438e-01
   4.8113492e-01
   4.8933004e-01
   4.9747905e-01
   5.0558125e-01
   5.1363594e-01
   5.2164243e-01
   5.2960006e-01
   5.3750814e-01
   5.4536601e-01
   5.5317301e-01
   5.6092848e-01
   5.6863179e-01
   5.7628227e-01
   5.8387931e-01
   5.9142227e-01
   5.9891053e-01
   6.0634347e-01
   6.1372047e-01
   6.2104095e-01
   6.2830429e-01
   6.3550991e-01
   6.4265722e-01
   6.4974564e-01
   6.5677460e-01
   6.6374354e-01
   6.7065188e-01
   6.7749908e-01
   6.8428459e-01
   6.9100787e-01
   6.9766837e-01
   7.0426558e-01
   7.1079897e-01
   7.1726801e-01
   7.2367221e-01
   7.3001106e-01
   7.3628405e-01
   7.4249070e-01
   7.4863052e-01
   7.5470323e-01
   7.6070906e-01
   7.6664763e-01
   7.7251852e-01
   7.7832129e-01
   7.8405553e-01
   7.8972083e-01
   7.9531679e-01
   8.0084301e-01
   8.0629909e-01
   8.1168465e-01
   8.1699932e-01
   8.2224271e-01
   8.2741447e-01
   8.3251423e-01
   8.3754164e-01
   8.4249635e-01
   8.4737801e-01
   8.5218630e-01
   8.5692089e-01
   8.6158144e-01
   8.6616766e-01
   8.7067921e-01
   8.7511581e-01
   8.7947715e-01
   8.8376294e-01
   8.8797290e-01
   8.9210674e-01
   8.9616420e-01
   9.0014501e-01
   9.0404891e-01
   9.0787564e-01
   9.1162495e-01
   9.1529661e-01
   9.1889038e-01
   9.2240603e-01
   9.2584334e-01
   9.2920209e-01
   9.3248208e-01
   9.3568309e-01
   9.3880493e-01
   9.4184740e-01
   9.4481034e-01
   9.4769354e-01
   9.5049685e-01
   9.5322010e-01
   9.5586312e-01
   9.5842576e-01
   9.6090788e-01
   9.6330933e-01
   9.6562998e-01
   9.6786969e-01
   9.7002836e-01
   9.7210585e-01
   9.7410207e-01
   9.7601690e-01
   9.7785025e-01
   9.7960204e-01
   9.8127216e-01
   9.8286055e-01
   9.8436713e-01
   9.8579183e-01
   9.8713460e-01
   9.8839539e-01
   9.8957414e-01
   9.9067081e-01
   9.9168537e-01
   9.9261779e-01
   9.9346805e-01
   9.9423613e-01
   9.9492203e-01
   9.9552573e-01
   9.9604724e-01
   9.9648657e-01
   9.9684374e-01
   9.9711876e-01
   9.9731167e-01
   9.9742250e-01
   9.9745128e-01
   9.9739807e-01
   9.9726292e-01
   9.9704588e-01
   9.9674703e-01
   9.9636643e-01
   9.9590416e-01
   9.9536061e-01
   9.9473593e-01
   9.9403007e-01
   9.9324298e-01
   9.9237462e-01
   9.9142496e-01
   9.9039397e-01
   9.8928163e-01
   9.8808793e-01
   9.8681286e-01
   9.8545642e-01
   9.8401863e-01
   9.8249950e-01
   9.8089905e-01
   9.7921733e-01
   9.7745435e-01
   9.7561018e-01
   9.7368486e-01
   9.7167845e-01
   9.6959103e-01
   9.6742266e-01
   9.6517343e-01
   9.6284342e-01
   9.6043274e-01
   9.5794149e-01
   9.5536977e-01
   9.5271771e-01
   9.4998543e-01
   9.4717307e-01
   9.4428076e-01
   9.4130865e-01
   9.3825690e-01
   9.3512566e-01
   9.3191511e-01
   9.2862543e-01
   9.2525678e-01
   9.2180938e-01
   9.1828341e-01
   9.1467908e-01
   9.1099660e-01
   9.0723619e-01
   9.0339808e-01
   8.9948250e-01
   8.9548970e-01
   8.9141991e-01
   8.8727341e-01
   8.8305045e-01
   8.7875130e-01
   8.7437623e-01
   8.6992555e-01
   8.6539952e-01
   8.6079847e-01
   8.5612268e-01
   8.5137249e-01
   8.4654819e-01
   8.4165014e-01
   8.3667865e-01
   8.3163408e-01
   8.2651677e-01
   8.2132709e-01
   8.1606538e-01
   8.1073204e-01
   8.0532743e-01
   7.9985194e-01
   7.9430598e-01
   7.8868992e-01
   7.8300419e-01
   7.7724921e-01
   7.7142538e-01
   7.6553315e-01
   7.5957295e-01
   7.5354522e-01
   7.4745041e-01
   7.4128900e-01
   7.3506143e-01
   7.2876818e-01
   7.2240974e-01
   7.1598659e-01
   7.0949922e-01
   7.0294814e-01
   6.9633387e-01
   6.8965690e-01
   6.8291778e-01
   6.7611703e-01
   6.6925518e-01
   6.6233279e-01
   6.5535040e-01
   6.4830859e-01
   6.4120791e-01
   6.3404893e-01
   6.2683225e-01
   6.1955845e-01
   6.1222813e-01
   6.0484189e-01
   5.9740034e-01
   5.8990410e-01
   5.8235379e-01
   5.7475005e-01
   5.6709352e-01
   5.5938485e-01
   5.5162468e-01
   5.4381369e-01
   5.3595250e-01
   5.2804079e-01
   5.2007883e-01
   5.1206741e-01
   5.0400730e-01
   4.9589929e-01
   4.8774416e-01
   4.7954269e-01
   4.7129569e-01
   4.6300393e-01
   4.5466821e-01
   4.4628933e-01
   4.3786809e-01
   4.2940529e-01
   4.2090172e-01
   4.1235821e-01
   4.0377554e-01
   3.9515454e-01
   3.8649602e-01
   3.7780079e-01
   3.6906966e-01
   3.6030346e-01
   3.5150300e-01
   3.4266912e-01
   3.3380263e-01
   3.2490437e-01
   3.1597516e-01
   3.0701584e-01
   2.9802725e-01
   2.8901021e-01
   2.7996558e-01
   2.7089418e-01
   2.6179688e-01
   2.5267450e-01
   2.4352791e-01
   2.3435795e-01
   2.2516548e-01
   2.1595134e-01
   2.0671641e-01
   1.9746154e-01
   1.8818759e-01
   1.7889543e-01
   1.6958592e-01
   1.6025994e-01
   1.5091835e-01
   1.4156203e-01
   1.3219186e-01
   1.2280871e-01
   1.1341346e-01
   1.0400701e-01
   9.4590226e-02
   8.5164005e-02
   7.5729237e-02
   6.6286812e-02
   5.6837625e-02
   4.7382574e-02
   3.7922557e-02
   2.8458477e-02
   1.8991235e-02
   9.5217399e-03
   5.0898377e-05
  -9.4203785e-03
  -1.8891178e-02
  -2.8360584e-02
  -3.7827681e-02
  -4.7291547e-02
  -5.6751261e-02
  -6.6205899e-02
  -7.5654534e-02
  -8.5096236e-02
  -9.4530076e-02
  -1.0395512e-01
  -1.1337043e-01
  -1.2277507e-01
  -1.3216810e-01
  -1.4154857e-01
  -1.5091555e-01
  -1.6026808e-01
  -1.6960521e-01
  -1.7892600e-01
  -1.8822949e-01
  -1.9751471e-01
  -2.0678073e-01
  -2.1602656e-01
  -2.2525125e-01
  -2.3445384e-01
  -2.4363335e-01
  -2.5278882e-01
  -2.6191927e-01
  -2.7102373e-01
  -2.8010122e-01
  -2.8915077e-01
  -2.9817138e-01
  -3.0716208e-01
  -3.1612188e-01
  -3.2504980e-01
  -3.3394500e-01
  -3.4280818e-01
  -3.5163887e-01
  -3.6043623e-01
  -3.6919941e-01
  -3.7792756e-01
  -3.8661985e-01
  -3.9527546e-01
  -4.0389358e-01
  -4.1247339e-01
  -4.2101410e-01
  -4.2951491e-01
  -4.3797505e-01
  -4.4639372e-01
  -4.5477018e-01
  -4.6310365e-01
  -4.7139338e-01
  -4.7963863e-01
  -4.8783866e-01
  -4.9599275e-01
  -5.0410017e-01
  -5.1216022e-01
  -5.2017218e-01
  -5.2813536e-01
  -5.3604907e-01
  -5.4391263e-01
  -5.5172536e-01
  -5.5948661e-01
  -5.6719572e-01
  -5.7485203e-01
  -5.8245491e-01
  -5.9000372e-01
  -5.9749783e-01
  -6.0493664e-01
  -6.1231953e-01
  -6.1964589e-01
  -6.2691515e-01
  -6.3412670e-01
  -6.4127997e-01
  -6.4837440e-01
  -6.5540942e-01
  -6.6238447e-01
  -6.6929902e-01
  -6.7615253e-01
  -6.8294445e-01
  -6.8967428e-01
  -6.9634150e-01
  -7.0294560e-01
  -7.0948608e-01
  -7.1596246e-01
  -7.2237425e-01
  -7.2872097e-01
  -7.3500217e-01
  -7.4121738e-01
  -7.4736616e-01
  -7.5344805e-01
  -7.5946263e-01
  -7.6540946e-01
  -7.7128814e-01
  -7.7709824e-01
  -7.8283937e-01
  -7.8851114e-01
  -7.9411315e-01
  -7.9964502e-01
  -8.0510639e-01
  -8.1049689e-01
  -8.1581616e-01
  -8.2106387e-01
  -8.2623966e-01
  -8.3134322e-01
  -8.3637420e-01
  -8.4133231e-01
  -8.4621723e-01
  -8.5102867e-01
  -8.5576632e-01
  -8.6042992e-01
  -8.6501917e-01
  -8.6953382e-01
  -8.7397360e-01
  -8.7833827e-01
  -8.8262757e-01
  -8.8684128e-01
  -8.9097916e-01
  -8.9504099e-01
  -8.9902657e-01
  -9.0293591e-01
  -9.0676891e-01
  -9.1052532e-01
  -9.1420487e-01
  -9.1780730e-01
  -9.2133238e-01
  -9.2477986e-01
  -9.2814949e-01
  -9.3144105e-01
  -9.3465430e-01
  -9.3778904e-01
  -9.4084504e-01
  -9.4382209e-01
  -9.4671999e-01
  -9.4953855e-01
  -9.5227756e-01
  -9.5493685e-01
  -9.5751622e-01
  -9.6001552e-01
  -9.6243455e-01
  -9.6477317e-01
  -9.6703121e-01
  -9.6920852e-01
  -9.7130495e-01
  -9.7332036e-01
  -9.7525462e-01
  -9.7710759e-01
  -9.7887915e-01
  -9.8056918e-01
  -9.8217757e-01
  -9.8370420e-01
  -9.8514899e-01
  -9.8651182e-01
  -9.8779261e-01
  -9.8899128e-01
  -9.9010775e-01
  -9.9114193e-01
  -9.9209377e-01
  -9.9296320e-01
  -9.9375016e-01
  -9.9445461e-01
  -9.9507649e-01
  -9.9561577e-01
  -9.9607242e-01
  -9.9644640e-01
  -9.9673769e-01
  -9.9694627e-01
  -9.9707214e-01
  -9.9711529e-01
  -9.9707571e-01
  -9.9695341e-01
  -9.9674841e-01
  -9.9646072e-01
  -9.9609036e-01
  -9.9563736e-01
  -9.9510176e-01
  -9.9448358e-01
  -9.9378289e-01
  -9.9299973e-01
  -9.9213415e-01
  -9.9118621e-01
  -9.9015600e-01
  -9.8904357e-01
  -9.8784900e-01
  -9.8657239e-01
  -9.8521382e-01
  -9.8377339e-01
  -9.8225120e-01
  -9.8064735e-01
  -9.7896197e-01
  -9.7719516e-01
  -9.7534705e-01
  -9.7341778e-01
  -9.7140747e-01
  -9.6931627e-01
  -9.6714432e-01
  -9.6489179e-01
  -9.6255882e-01
  -9.6014558e-01
  -9.5765223e-01
  -9.5507896e-01
  -9.5242595e-01
  -9.4969338e-01
  -9.4688144e-01
  -9.4399033e-01
  -9.4102026e-01
  -9.3797143e-01
  -9.3484405e-01
  -9.3163836e-01
  -9.2835457e-01
  -9.2499291e-01
  -9.2155363e-01
  -9.1803693e-01
  -9.1444274e-01
  -9.1077120e-01
  -9.0702249e-01
  -9.0319680e-01
  -8.9929434e-01
  -8.9531530e-01
  -8.9125991e-01
  -8.8712839e-01
  -8.8292096e-01
  -8.7863788e-01
  -8.7427938e-01
  -8.6984573e-01
  -8.6533717e-01
  -8.6075398e-01
  -8.5609644e-01
  -8.5136483e-01
  -8.4655944e-01
  -8.4168058e-01
  -8.3672855e-01
  -8.3170366e-01
  -8.2660625e-01
  -8.2143663e-01
  -8.1619515e-01
  -8.1088215e-01
  -8.0549798e-01
  -8.0004302e-01
  -7.9451762e-01
  -7.8892216e-01
  -7.8325703e-01
  -7.7752261e-01
  -7.7171931e-01
  -7.6584754e-01
  -7.5990770e-01
  -7.5390022e-01
  -7.4782554e-01
  -7.4168407e-01
  -7.3547629e-01
  -7.2920262e-01
  -7.2286355e-01
  -7.1645952e-01
  -7.0999103e-01
  -7.0345854e-01
  -6.9686256e-01
  -6.9020358e-01
  -6.8348211e-01
  -6.7669867e-01
  -6.6985376e-01
  -6.6294793e-01
  -6.5598171e-01
  -6.4895564e-01
  -6.4187027e-01
  -6.3472618e-01
  -6.2752391e-01
  -6.2026406e-01
  -6.1294719e-01
  -6.0557391e-01
  -5.9814480e-01
  -5.9066048e-01
  -5.8312156e-01
  -5.7552866e-01
  -5.6788240e-01
  -5.6018343e-01
  -5.5243239e-01
  -5.4462992e-01
  -5.3677670e-01
  -5.2887338e-01
  -5.2092063e-01
  -5.1291915e-01
  -5.0486962e-01
  -4.9677274e-01
  -4.8862922e-01
  -4.8043975e-01
  -4.7220508e-01
  -4.6392592e-01
  -4.5560301e-01
  -4.4723709e-01
  -4.3882892e-01
  -4.3037925e-01
  -4.2188885e-01
  -4.1335849e-01
  -4.0478896e-01
  -3.9618104e-01
  -3.8753553e-01
  -3.7885323e-01
  -3.7013496e-01
  -3.6138143e-01
  -3.5259239e-01
  -3.4376848e-01
  -3.3491064e-01
  -3.2601980e-01
  -3.1709691e-01
  -3.0814289e-01
  -2.9915868e-01
  -2.9014521e-01
  -2.8110342e-01
  -2.7203424e-01
  -2.6293858e-01
  -2.5381740e-01
  -2.4467160e-01
  -2.3550212e-01
  -2.2630989e-01
  -2.1709583e-01
  -2.0786085e-01
  -1.9860590e-01
  -1.8933188e-01
  -1.8003971e-01
  -1.7073033e-01
  -1.6140463e-01
  -1.5206355e-01
  -1.4270800e-01
  -1.3333890e-01
  -1.2395715e-01
  -1.1456367e-01
  -1.0515938e-01
  -9.5745182e-02
  -8.6321991e-02
  -7.6890715e-02
  -6.7452263e-02
  -5.8007540e-02
  -4.8557455e-02
  -3.9102911e-02
  -2.9644813e-02
  -2.0184063e-02
  -1.0721565e-02
  -1.2582182e-03
   8.2050765e-03
   1.7667420e-02
   2.7127915e-02
   3.6585665e-02
   4.6039773e-02
   5.5489344e-02
   6.4933485e-02
   7.4371304e-02
   8.3801907e-02
   9.3224405e-02
   1.0263791e-01
   1.1204153e-01
   1.2143437e-01
   1.3081556e-01
   1.4018421e-01
   1.4953942e-01
   1.5888033e-01
   1.6820604e-01
   1.7751567e-01
   1.8680835e-01
   1.9608319e-01
   2.0533932e-01
   2.1457586e-01
   2.2379192e-01
   2.3298665e-01
   2.4215916e-01
   2.5130857e-01
   2.6043402e-01
   2.6953464e-01
   2.7860956e-01
   2.8765790e-01
   2.9667879e-01
   3.0567138e-01
   3.1463480e-01
   3.2356817e-01
   3.3247064e-01
   3.4134134e-01
   3.5017941e-01
   3.5898400e-01
   3.6775423e-01
   3.7648925e-01
   3.8518821e-01
   3.9385024e-01
   4.0247450e-01
   4.1106012e-01
   4.1960625e-01
   4.2811204e-01
   4.3657663e-01
   4.4499919e-01
   4.5337885e-01
   4.6171477e-01
   4.7000610e-01
   4.7825200e-01
   4.8645161e-01
   4.9460410e-01
   5.0270862e-01
   5.1076505e-01
   5.1877383e-01
   5.2673429e-01
   5.3464574e-01
   5.4250749e-01
   5.5031887e-01
   5.5807920e-01
   5.6578782e-01
   5.7344408e-01
   5.8104733e-01
   5.8859693e-01
   5.9609225e-01
   6.0353267e-01
   6.1091756e-01
   6.1824633e-01
   6.2551837e-01
   6.3273309e-01
   6.3988990e-01
   6.4698822e-01
   6.5402749e-01
   6.6100714e-01
   6.6792661e-01
   6.7478537e-01
   6.8158286e-01
   6.8831857e-01
   6.9499196e-01
   7.0160252e-01
   7.0814974e-01
   7.1463311e-01
   7.2105215e-01
   7.2740638e-01
   7.3369530e-01
   7.3991845e-01
   7.4607537e-01
   7.5216561e-01
   7.5818871e-01
   7.6414423e-01
   7.7003175e-01
   7.7585084e-01
   7.8160108e-01
   7.8728207e-01
   7.9289340e-01
   7.9843468e-01
   8.0390552e-01
   8.0930555e-01
   8.1463438e-01
   8.1989168e-01
   8.2507706e-01
   8.3019020e-01
   8.3523074e-01
   8.4019836e-01
   8.4509273e-01
   8.4991353e-01
   8.5466046e-01
   8.5933321e-01
   8.6393149e-01
   8.6845502e-01
   8.7290350e-01
   8.7727669e-01
   8.8157430e-01
   8.8579609e-01
   8.8994180e-01
   8.9401120e-01
   8.9800405e-01
   9.0192014e-01
   9.0575923e-01
   9.0952113e-01
   9.1320563e-01
   9.1681253e-01
   9.2034166e-01
   9.2379282e-01
   9.2716585e-01
   9.3046059e-01
   9.3367689e-01
   9.3681458e-01
   9.3987353e-01
   9.4285361e-01
   9.4575470e-01
   9.4857667e-01
   9.5131948e-01
   9.5398337e-01
   9.5656823e-01
   9.5907384e-01
   9.6150001e-01
   9.6384653e-01
   9.6611323e-01
   9.6829992e-01
   9.7040642e-01
   9.7243257e-01
   9.7437819e-01
   9.7624313e-01
   9.7802724e-01
   9.7973037e-01
   9.8135237e-01
   9.8289313e-01
   9.8435249e-01
   9.8573035e-01
   9.8702659e-01
   9.8824109e-01
   9.8937375e-01
   9.9042447e-01
   9.9139315e-01
   9.9227971e-01
   9.9308408e-01
   9.9380616e-01
   9.9444590e-01
   9.9500322e-01
   9.9547808e-01
   9.9587041e-01
   9.9618018e-01
   9.9640734e-01
   9.9655186e-01
   9.9661371e-01
   9.9659287e-01
   9.9648932e-01
   9.9630306e-01
   9.9603407e-01
   9.9568237e-01
   9.9524795e-01
   9.9473083e-01
   9.9413103e-01
   9.9344857e-01
   9.9268350e-01
   9.9183583e-01
   9.9090563e-01
   9.8989293e-01
   9.8879779e-01
   9.8762027e-01
   9.8636044e-01
   9.8501837e-01
   9.8359414e-01
   9.8208784e-01
   9.8049955e-01
   9.7882937e-01
   9.7707741e-01
   9.7524377e-01
   9.7332857e-01
   9.7133192e-01
   9.6925396e-01
   9.6709481e-01
   9.6485462e-01
   9.6253352e-01
   9.6013167e-01
   9.5764923e-01
   9.5508634e-01
   9.5244320e-01
   9.4971995e-01
   9.4691679e-01
   9.4403391e-01
   9.4107148e-01
   9.3802972e-01
   9.3490882e-01
   9.3170899e-01
   9.2843045e-01
   9.2507342e-01
   9.2163812e-01
   9.1812480e-01
   9.1453368e-01
   9.1086501e-01
   9.0711904e-01
   9.0329604e-01
   8.9939626e-01
   8.9541996e-01
   8.9136744e-01
   8.8723896e-01
   8.8303481e-01
   8.7875529e-01
   8.7440068e-01
   8.6997131e-01
   8.6546747e-01
   8.6088949e-01
   8.5623768e-01
   8.5151237e-01
   8.4671390e-01
   8.4184261e-01
   8.3689884e-01
   8.3188294e-01
   8.2679527e-01
   8.2163609e-01
   8.1640520e-01
   8.1110288e-01
   8.0572949e-01
   8.0028539e-01
   7.9477095e-01
   7.8918655e-01
   7.8353257e-01
   7.7780942e-01
   7.7201748e-01
   7.6615717e-01
   7.6022889e-01
   7.5423308e-01
   7.4817016e-01
   7.4204056e-01
   7.3584473e-01
   7.2958312e-01
   7.2325619e-01
   7.1686440e-01
   7.1040822e-01
   7.0388813e-01
   6.9730463e-01
   6.9065819e-01
   6.8394933e-01
   6.7717856e-01
   6.7034638e-01
   6.6345332e-01
   6.5649990e-01
   6.4948668e-01
   6.4241419e-01
   6.3528298e-01
   6.2809361e-01
   6.2084664e-01
   6.1354266e-01
   6.0618224e-01
   5.9876596e-01
   5.9129443e-01
   5.8376824e-01
   5.7618801e-01
   5.6855434e-01
   5.6086787e-01
   5.5312922e-01
   5.4533904e-01
   5.3749796e-01
   5.2960664e-01
   5.2166574e-01
   5.1367593e-01
   5.0563788e-01
   4.9755227e-01
   4.8941979e-01
   4.8124114e-01
   4.7301702e-01
   4.6474813e-01
   4.5643521e-01
   4.4807896e-01
   4.3968013e-01
   4.3123945e-01
   4.2275767e-01
   4.1423554e-01
   4.0567382e-01
   3.9707328e-01
   3.8843470e-01
   3.7975886e-01
   3.7104655e-01
   3.6229856e-01
   3.5351570e-01
   3.4469878e-01
   3.3584861e-01
   3.2696604e-01
   3.1805187e-01
   3.0910697e-01
   3.0013217e-01
   2.9112832e-01
   2.8209630e-01
   2.7303697e-01
   2.6395120e-01
   2.5483988e-01
   2.4570390e-01
   2.3654416e-01
   2.2736156e-01
   2.1815702e-01
   2.0893145e-01
   1.9968578e-01
   1.9042094e-01
   1.8113788e-01
   1.7183755e-01
   1.6252089e-01
   1.5318888e-01
   1.4384248e-01
   1.3448257e-01
   1.2510884e-01
   1.1572191e-01
   1.0632280e-01
   9.6912539e-02
   8.7492151e-02
   7.8062653e-02
   6.8625057e-02
   5.9180370e-02
   4.9729596e-02
   4.0273733e-02
   3.0813775e-02
   2.1350711e-02
   1.1885526e-02
   2.4191993e-03
  -7.0472935e-03
  -1.6512982e-02
  -2.5976900e-02
  -3.5438086e-02
  -4.4895585e-02
  -5.4348442e-02
  -6.3795712e-02
  -7.3236451e-02
  -8.2669722e-02
  -9.2094590e-02
  -1.0151013e-01
  -1.1091541e-01
  -1.2030952e-01
  -1.2969153e-01
  -1.3906055e-01
  -1.4841566e-01
  -1.5775597e-01
  -1.6708057e-01
  -1.7638858e-01
  -1.8567911e-01
  -1.9495127e-01
  -2.0420419e-01
  -2.1343699e-01
  -2.2264882e-01
  -2.3183879e-01
  -2.4100606e-01
  -2.5014977e-01
  -2.5926906e-01
  -2.6836310e-01
  -2.7743104e-01
  -2.8647205e-01
  -2.9548530e-01
  -3.0446995e-01
  -3.1342519e-01
  -3.2235020e-01
  -3.3124417e-01
  -3.4010628e-01
  -3.4893574e-01
  -3.5773175e-01
  -3.6649350e-01
  -3.7522022e-01
  -3.8391112e-01
  -3.9256541e-01
  -4.0118233e-01
  -4.0976109e-01
  -4.1830094e-01
  -4.2680111e-01
  -4.3526085e-01
  -4.4367940e-01
  -4.5205601e-01
  -4.6038995e-01
  -4.6868046e-01
  -4.7692683e-01
  -4.8512832e-01
  -4.9328420e-01
  -5.0139376e-01
  -5.0945627e-01
  -5.1747104e-01
  -5.2543735e-01
  -5.3335450e-01
  -5.4122179e-01
  -5.4903854e-01
  -5.5680406e-01
  -5.6451765e-01
  -5.7217866e-01
  -5.7978639e-01
  -5.8734018e-01
  -5.9483937e-01
  -6.0228330e-01
  -6.0967131e-01
  -6.1700276e-01
  -6.2427699e-01
  -6.3149337e-01
  -6.3865126e-01
  -6.4575002e-01
  -6.5278904e-01
  -6.5976768e-01
  -6.6668533e-01
  -6.7354152e-01
  -6.8033665e-01
  -6.8707040e-01
  -6.9374225e-01
  -7.0035168e-01
  -7.0689820e-01
  -7.1338130e-01
  -7.1980049e-01
  -7.2615529e-01
  -7.3244521e-01
  -7.3866980e-01
  -7.4482857e-01
  -7.5092108e-01
  -7.5694687e-01
  -7.6290549e-01
  -7.6879652e-01
  -7.7461952e-01
  -7.8037406e-01
  -7.8605973e-01
  -7.9167612e-01
  -7.9722282e-01
  -8.0269943e-01
  -8.0810558e-01
  -8.1344086e-01
  -8.1870492e-01
  -8.2389737e-01
  -8.2901785e-01
  -8.3406600e-01
  -8.3904149e-01
  -8.4394396e-01
  -8.4877308e-01
  -8.5352851e-01
  -8.5820995e-01
  -8.6281706e-01
  -8.6734954e-01
  -8.7180710e-01
  -8.7618943e-01
  -8.8049624e-01
  -8.8472726e-01
  -8.8888220e-01
  -8.9296081e-01
  -8.9696281e-01
  -9.0088796e-01
  -9.0473600e-01
  -9.0850670e-01
  -9.1219982e-01
  -9.1581513e-01
  -9.1935241e-01
  -9.2281145e-01
  -9.2619204e-01
  -9.2949398e-01
  -9.3271707e-01
  -9.3586114e-01
  -9.3892599e-01
  -9.4191145e-01
  -9.4481736e-01
  -9.4764357e-01
  -9.5038990e-01
  -9.5305623e-01
  -9.5564240e-01
  -9.5814829e-01
  -9.6057377e-01
  -9.6291872e-01
  -9.6518303e-01
  -9.6736659e-01
  -9.6946930e-01
  -9.7149108e-01
  -9.7343183e-01
  -9.7529148e-01
  -9.7706995e-01
  -9.7876718e-01
  -9.8038311e-01
  -9.8191770e-01
  -9.8337089e-01
  -9.8474264e-01
  -9.8603294e-01
  -9.8724174e-01
  -9.8836904e-01
  -9.8941482e-01
  -9.9037908e-01
  -9.9126182e-01
  -9.9206305e-01
  -9.9278279e-01
  -9.9342151e-01
  -9.9397940e-01
  -9.9445633e-01
  -9.9485220e-01
  -9.9516689e-01
  -9.9540030e-01
  -9.9555233e-01
  -9.9562289e-01
  -9.9561190e-01
  -9.9551928e-01
  -9.9534496e-01
  -9.9508888e-01
  -9.9475099e-01
  -9.9433122e-01
  -9.9382955e-01
  -9.9324594e-01
  -9.9258036e-01
  -9.9183279e-01
  -9.9100321e-01
  -9.9009161e-01
  -9.8909801e-01
  -9.8802239e-01
  -9.8686478e-01
  -9.8562520e-01
  -9.8430366e-01
  -9.8290022e-01
  -9.8141490e-01
  -9.7984775e-01
  -9.7819883e-01
  -9.7646821e-01
  -9.7465594e-01
  -9.7276210e-01
  -9.7078678e-01
  -9.6873006e-01
  -9.6659205e-01
  -9.6437283e-01
  -9.6207253e-01
  -9.5969125e-01
  -9.5722913e-01
  -9.5468629e-01
  -9.5206286e-01
  -9.4935900e-01
  -9.4657485e-01
  -9.4371057e-01
  -9.4076633e-01
  -9.3774229e-01
  -9.3463864e-01
  -9.3145556e-01
  -9.2819324e-01
  -9.2485189e-01
  -9.2143170e-01
  -9.1793289e-01
  -9.1435567e-01
  -9.1070029e-01
  -9.0696696e-01
  -9.0315593e-01
  -8.9926745e-01
  -8.9530177e-01
  -8.9125915e-01
  -8.8713986e-01
  -8.8294417e-01
  -8.7867237e-01
  -8.7432474e-01
  -8.6990158e-01
  -8.6540319e-01
  -8.6082987e-01
  -8.5618196e-01
  -8.5145976e-01
  -8.4666362e-01
  -8.4179385e-01
  -8.3685082e-01
  -8.3183486e-01
  -8.2674634e-01
  -8.2158562e-01
  -8.1635307e-01
  -8.1104906e-01
  -8.0567399e-01
  -8.0022825e-01
  -7.9471223e-01
  -7.8912634e-01
  -7.8347098e-01
  -7.7774659e-01
  -7.7195359e-01
  -7.6609240e-01
  -7.6016347e-01
  -7.5416725e-01
  -7.4810418e-01
  -7.4197474e-01
  -7.3577938e-01
  -7.2951858e-01
  -7.2319283e-01
  -7.1680260e-01
  -7.1034840e-01
  -7.0383072e-01
  -6.9725008e-01
  -6.9060699e-01
  -6.8390197e-01
  -6.7713556e-01
  -6.7030828e-01
  -6.6342068e-01
  -6.5647331e-01
  -6.4946673e-01
  -6.4240151e-01
  -6.3527820e-01
  -6.2809739e-01
  -6.2085961e-01
  -6.1356444e-01
  -6.0621219e-01
  -5.9880351e-01
  -5.9133908e-01
  -5.8381958e-01
  -5.7624568e-01
  -5.6861807e-01
  -5.6093743e-01
  -5.5320447e-01
  -5.4541987e-01
  -5.3758433e-01
  -5.2969856e-01
  -5.2176327e-01
  -5.1377916e-01
  -5.0574696e-01
  -4.9766739e-01
  -4.8954116e-01
  -4.8136900e-01
  -4.7315166e-01
  -4.6488985e-01
  -4.5658434e-01
  -4.4823584e-01
  -4.3984513e-01
  -4.3141294e-01
  -4.2294003e-01
  -4.1442716e-01
  -4.0587510e-01
  -3.9728462e-01
  -3.8865648e-01
  -3.7999147e-01
  -3.7129035e-01
  -3.6255393e-01
  -3.5378297e-01
  -3.4497828e-01
  -3.3614065e-01
  -3.2727089e-01
  -3.1836979e-01
  -3.0943816e-01
  -3.0047682e-01
  -2.9148657e-01
  -2.8246825e-01
  -2.7342267e-01
  -2.6435067e-01
  -2.5525307e-01
  -2.4613071e-01
  -2.3698442e-01
  -2.2781507e-01
  -2.1862348e-01
  -2.0941051e-01
  -2.0017703e-01
  -1.9092388e-01
  -1.8165194e-01
  -1.7236207e-01
  -1.6305514e-01
  -1.5373202e-01
  -1.4439361e-01
  -1.3504078e-01
  -1.2567441e-01
  -1.1629541e-01
  -1.0690467e-01
  -9.7503081e-02
  -8.8091554e-02
  -7.8670995e-02
  -6.9242318e-02
  -5.9806436e-02
  -5.0364270e-02
  -4.0916744e-02
  -3.1464786e-02
  -2.2009327e-02
  -1.2551303e-02
  -3.0916545e-03
   6.3686756e-03
   1.5828739e-02
   2.5287585e-02
   3.4744256e-02
   4.4197793e-02
   5.3647233e-02
   6.3091608e-02
   7.2529945e-02
   8.1961269e-02
   9.1384601e-02
   1.0079896e-01
   1.1020335e-01
   1.1959678e-01
   1.2897827e-01
   1.3834680e-01
   1.4770137e-01
   1.5704099e-01
   1.6636463e-01
   1.7567127e-01
   1.8495991e-01
   1.9422952e-01
   2.0347906e-01
   2.1270751e-01
   2.2191434e-01
   2.3110013e-01
   2.4026404e-01
   2.4940515e-01
   2.5852253e-01
   2.6761525e-01
   2.7668241e-01
   2.8572311e-01
   2.9473645e-01
   3.0372154e-01
   3.1267751e-01
   3.2160348e-01
   3.3049858e-01
   3.3936196e-01
   3.4819278e-01
   3.5699018e-01
   3.6575334e-01
   3.7448142e-01
   3.8317362e-01
   3.9182912e-01
   4.0044712e-01
   4.0902682e-01
   4.1756743e-01
   4.2606818e-01
   4.3452830e-01
   4.4294701e-01
   4.5132356e-01
   4.5965720e-01
   4.6794719e-01
   4.7619280e-01
   4.8439331e-01
   4.9254798e-01
   5.0065611e-01
   5.0871701e-01
   5.1672996e-01
   5.2469429e-01
   5.3260932e-01
   5.4047437e-01
   5.4828877e-01
   5.5605188e-01
   5.6376304e-01
   5.7142161e-01
   5.7902696e-01
   5.8657846e-01
   5.9407549e-01
   6.0151744e-01
   6.0890370e-01
   6.1623369e-01
   6.2350682e-01
   6.3072249e-01
   6.3788015e-01
   6.4497923e-01
   6.5201917e-01
   6.5899941e-01
   6.6591943e-01
   6.7277868e-01
   6.7957664e-01
   6.8631279e-01
   6.9298662e-01
   6.9959762e-01
   7.0614530e-01
   7.1262918e-01
   7.1904876e-01
   7.2540359e-01
   7.3169319e-01
   7.3791711e-01
   7.4407489e-01
   7.5016611e-01
   7.5619031e-01
   7.6214708e-01
   7.6803599e-01
   7.7385664e-01
   7.7960863e-01
   7.8529155e-01
   7.9090501e-01
   7.9644865e-01
   8.0192208e-01
   8.0732494e-01
   8.1265688e-01
   8.1791754e-01
   8.2310658e-01
   8.2822366e-01
   8.3326847e-01
   8.3824068e-01
   8.4313998e-01
   8.4796607e-01
   8.5271865e-01
   8.5739772e-01
   8.6200315e-01
   8.6653463e-01
   8.7099186e-01
   8.7537453e-01
   8.7968233e-01
   8.8391499e-01
   8.8807220e-01
   8.9215368e-01
   8.9615917e-01
   9.0008838e-01
   9.0394106e-01
   9.0771695e-01
   9.1141579e-01
   9.1503734e-01
   9.1858135e-01
   9.2204758e-01
   9.2543582e-01
   9.2874582e-01
   9.3197739e-01
   9.3513029e-01
   9.3820432e-01
   9.4119929e-01
   9.4411499e-01
   9.4695124e-01
   9.4970785e-01
   9.5238464e-01
   9.5498144e-01
   9.5749809e-01
   9.5993441e-01
   9.6229026e-01
   9.6456548e-01
   9.6675993e-01
   9.6887348e-01
   9.7090598e-01
   9.7285731e-01
   9.7472736e-01
   9.7651599e-01
   9.7822312e-01
   9.7984862e-01
   9.8139240e-01
   9.8285437e-01
   9.8423444e-01
   9.8553253e-01
   9.8674856e-01
   9.8788247e-01
   9.8893419e-01
   9.8990366e-01
   9.9079083e-01
   9.9159565e-01
   9.9231807e-01
   9.9295808e-01
   9.9351563e-01
   9.9399070e-01
   9.9438327e-01
   9.9469333e-01
   9.9492087e-01
   9.9506589e-01
   9.9512841e-01
   9.9510841e-01
   9.9500593e-01
   9.9482098e-01
   9.9455359e-01
   9.9420380e-01
   9.9377164e-01
   9.9325716e-01
   9.9266040e-01
   9.9198143e-01
   9.9122031e-01
   9.9037710e-01
   9.8945187e-01
   9.8844472e-01
   9.8735571e-01
   9.8618494e-01
   9.8493251e-01
   9.8359851e-01
   9.8218307e-01
   9.8068628e-01
   9.7910827e-01
   9.7744916e-01
   9.7570909e-01
   9.7388819e-01
   9.7198660e-01
   9.7000447e-01
   9.6794195e-01
   9.6579921e-01
   9.6357640e-01
   9.6127370e-01
   9.5889128e-01
   9.5642929e-01
   9.5388776e-01
   9.5126677e-01
   9.4856644e-01
   9.4578685e-01
   9.4292812e-01
   9.3999037e-01
   9.3697372e-01
   9.3387831e-01
   9.3070428e-01
   9.2745177e-01
   9.2412095e-01
   9.2071197e-01
   9.1722501e-01
   9.1366025e-01
   9.1001787e-01
   9.0629807e-01
   9.0250104e-01
   8.9862700e-01
   8.9467616e-01
   8.9064875e-01
   8.8654499e-01
   8.8236513e-01
   8.7810942e-01
   8.7377810e-01
   8.6937145e-01
   8.6488972e-01
   8.6033319e-01
   8.5570215e-01
   8.5099690e-01
   8.4621772e-01
   8.4136493e-01
   8.3643884e-01
   8.3143978e-01
   8.2636807e-01
   8.2122404e-01
   8.1600805e-01
   8.1072045e-01
   8.0536159e-01
   7.9993184e-01
   7.9443159e-01
   7.8886120e-01
   7.8322107e-01
   7.7751159e-01
   7.7173318e-01
   7.6588624e-01
   7.5997119e-01
   7.5398847e-01
   7.4793850e-01
   7.4182173e-01
   7.3563860e-01
   7.2938958e-01
   7.2307514e-01
   7.1669573e-01
   7.1025186e-01
   7.0374399e-01
   6.9717263e-01
   6.9053827e-01
   6.8384144e-01
   6.7708265e-01
   6.7026242e-01
   6.6338128e-01
   6.5643978e-01
   6.4943847e-01
   6.4237790e-01
   6.3525863e-01
   6.2808123e-01
   6.2084628e-01
   6.1355438e-01
   6.0620610e-01
   5.9880205e-01
   5.9134285e-01
   5.8382910e-01
   5.7626143e-01
   5.6864047e-01
   5.6096686e-01
   5.5324125e-01
   5.4546428e-01
   5.3763662e-01
   5.2975894e-01
   5.2183192e-01
   5.1385623e-01
   5.0583257e-01
   4.9776164e-01
   4.8964414e-01
   4.8148079e-01
   4.7327232e-01
   4.6501943e-01
   4.5672289e-01
   4.4838342e-01
   4.4000178e-01
   4.3157820e-01
   4.2311259e-01
   4.1460582e-01
   4.0605878e-01
   3.9747233e-01
   3.8884735e-01
   3.8018473e-01
   3.7148533e-01
   3.6275005e-01
   3.5397975e-01
   3.4517532e-01
   3.3633764e-01
   3.2746758e-01
   3.1856603e-01
   3.0963387e-01
   3.0067198e-01
   2.9168124e-01
   2.8266254e-01
   2.7361675e-01
   2.6454475e-01
   2.5544744e-01
   2.4632570e-01
   2.3718040e-01
   2.2801243e-01
   2.1882269e-01
   2.0961204e-01
   2.0038138e-01
   1.9113160e-01
   1.8186358e-01
   1.7257820e-01
   1.6327635e-01
   1.5395893e-01
   1.4462681e-01
   1.3528089e-01
   1.2592205e-01
   1.1655119e-01
   1.0716918e-01
   9.7776931e-02
   8.8375319e-02
   7.8965239e-02
   6.9547580e-02
   6.0123234e-02
   5.0693091e-02
   4.1258045e-02
   3.1818985e-02
   2.2376806e-02
   1.2932399e-02
   3.4866581e-03
  -5.9595233e-03
  -1.5405251e-02
  -2.4849632e-02
  -3.4291770e-02
  -4.3730771e-02
  -5.3165740e-02
  -6.2595780e-02
  -7.2019995e-02
  -8.1437489e-02
  -9.0847366e-02
  -1.0024873e-01
  -1.0964068e-01
  -1.1902231e-01
  -1.2839274e-01
  -1.3775106e-01
  -1.4709638e-01
  -1.5642778e-01
  -1.6574438e-01
  -1.7504528e-01
  -1.8432956e-01
  -1.9359634e-01
  -2.0284471e-01
  -2.1207377e-01
  -2.2128261e-01
  -2.3047034e-01
  -2.3963605e-01
  -2.4877884e-01
  -2.5789780e-01
  -2.6699204e-01
  -2.7606064e-01
  -2.8510270e-01
  -2.9411732e-01
  -3.0310359e-01
  -3.1206060e-01
  -3.2098745e-01
  -3.2988324e-01
  -3.3874705e-01
  -3.4757798e-01
  -3.5637512e-01
  -3.6513756e-01
  -3.7386440e-01
  -3.8255472e-01
  -3.9120762e-01
  -3.9982219e-01
  -4.0839751e-01
  -4.1693268e-01
  -4.2542678e-01
  -4.3387891e-01
  -4.4228913e-01
  -4.5065773e-01
  -4.5898393e-01
  -4.6726699e-01
  -4.7550615e-01
  -4.8370067e-01
  -4.9184981e-01
  -4.9995286e-01
  -5.0800910e-01
  -5.1601780e-01
  -5.2397828e-01
  -5.3188984e-01
  -5.3975179e-01
  -5.4756345e-01
  -5.5532416e-01
  -5.6303324e-01
  -5.7069005e-01
  -5.7829394e-01
  -5.8584427e-01
  -5.9334040e-01
  -6.0078172e-01
  -6.0816761e-01
  -6.1549745e-01
  -6.2277066e-01
  -6.2998664e-01
  -6.3714480e-01
  -6.4424457e-01
  -6.5128538e-01
  -6.5826668e-01
  -6.6518789e-01
  -6.7204850e-01
  -6.7884794e-01
  -6.8558571e-01
  -6.9226127e-01
  -6.9887411e-01
  -7.0542373e-01
  -7.1190962e-01
  -7.1833131e-01
  -7.2468831e-01
  -7.3098013e-01
  -7.3720633e-01
  -7.4336644e-01
  -7.4946000e-01
  -7.5548658e-01
  -7.6144574e-01
  -7.6733706e-01
  -7.7316012e-01
  -7.7891450e-01
  -7.8459980e-01
  -7.9021563e-01
  -7.9576159e-01
  -8.0123732e-01
  -8.0664244e-01
  -8.1197658e-01
  -8.1723938e-01
  -8.2243051e-01
  -8.2754962e-01
  -8.3259637e-01
  -8.3757045e-01
  -8.4247153e-01
  -8.4729931e-01
  -8.5205349e-01
  -8.5673377e-01
  -8.6133987e-01
  -8.6587151e-01
  -8.7032842e-01
  -8.7471034e-01
  -8.7901702e-01
  -8.8324821e-01
  -8.8740367e-01
  -8.9148317e-01
  -8.9548649e-01
  -8.9941342e-01
  -9.0326375e-01
  -9.0703727e-01
  -9.1073381e-01
  -9.1435317e-01
  -9.1789519e-01
  -9.2135973e-01
  -9.2474695e-01
  -9.2805666e-01
  -9.3128863e-01
  -9.3444262e-01
  -9.3751840e-01
  -9.4051574e-01
  -9.4343444e-01
  -9.4627428e-01
  -9.4903505e-01
  -9.5171656e-01
  -9.5431860e-01
  -9.5684099e-01
  -9.5928355e-01
  -9.6164610e-01
  -9.6392847e-01
  -9.6613050e-01
  -9.6825201e-01
  -9.7029287e-01
  -9.7225291e-01
  -9.7413201e-01
  -9.7593001e-01
  -9.7764680e-01
  -9.7928224e-01
  -9.8083621e-01
  -9.8230861e-01
  -9.8369932e-01
  -9.8500824e-01
  -9.8623527e-01
  -9.8738033e-01
  -9.8844333e-01
  -9.8942419e-01
  -9.9032283e-01
  -9.9113919e-01
  -9.9187320e-01
  -9.9252482e-01
  -9.9309399e-01
  -9.9358065e-01
  -9.9398479e-01
  -9.9430635e-01
  -9.9454533e-01
  -9.9470168e-01
  -9.9477540e-01
  -9.9476648e-01
  -9.9467490e-01
  -9.9450069e-01
  -9.9424383e-01
  -9.9390434e-01
  -9.9348225e-01
  -9.9297757e-01
  -9.9239034e-01
  -9.9172059e-01
  -9.9096836e-01
  -9.9013370e-01
  -9.8921667e-01
  -9.8821732e-01
  -9.8713572e-01
  -9.8597193e-01
  -9.8472603e-01
  -9.8339812e-01
  -9.8198826e-01
  -9.8049656e-01
  -9.7892312e-01
  -9.7726803e-01
  -9.7553142e-01
  -9.7371339e-01
  -9.7181407e-01
  -9.6983359e-01
  -9.6777208e-01
  -9.6562968e-01
  -9.6340653e-01
  -9.6110279e-01
  -9.5871861e-01
  -9.5625416e-01
  -9.5370960e-01
  -9.5108510e-01
  -9.4838086e-01
  -9.4559704e-01
  -9.4273385e-01
  -9.3979148e-01
  -9.3677013e-01
  -9.3367002e-01
  -9.3049134e-01
  -9.2723434e-01
  -9.2389922e-01
  -9.2048623e-01
  -9.1699559e-01
  -9.1342756e-01
  -9.0978238e-01
  -9.0606031e-01
  -9.0226160e-01
  -8.9838653e-01
  -8.9443536e-01
  -8.9040836e-01
  -8.8630584e-01
  -8.8212806e-01
  -8.7787526e-01
  -8.7354730e-01
  -8.6914436e-01
  -8.6466672e-01
  -8.6011463e-01
  -8.5548836e-01
  -8.5078819e-01
  -8.4601441e-01
  -8.4116732e-01
  -8.3624721e-01
  -8.3125440e-01
  -8.2618919e-01
  -8.2105193e-01
  -8.1584293e-01
  -8.1056253e-01
  -8.0521110e-01
  -7.9978897e-01
  -7.9429651e-01
  -7.8873409e-01
  -7.8310210e-01
  -7.7740091e-01
  -7.7163092e-01
  -7.6579252e-01
  -7.5988613e-01
  -7.5391216e-01
  -7.4787104e-01
  -7.4176319e-01
  -7.3558906e-01
  -7.2934908e-01
  -7.2304372e-01
  -7.1667344e-01
  -7.1023870e-01
  -7.0373997e-01
  -6.9717775e-01
  -6.9055253e-01
  -6.8386480e-01
  -6.7711507e-01
  -6.7030385e-01
  -6.6343167e-01
  -6.5649906e-01
  -6.4950655e-01
  -6.4245469e-01
  -6.3534403e-01
  -6.2817513e-01
  -6.2094856e-01
  -6.1366489e-01
  -6.0632470e-01
  -5.9892860e-01
  -5.9147716e-01
  -5.8397100e-01
  -5.7641074e-01
  -5.6879698e-01
  -5.6113037e-01
  -5.5341153e-01
  -5.4564111e-01
  -5.3781977e-01
  -5.2994815e-01
  -5.2202692e-01
  -5.1405677e-01
  -5.0603836e-01
  -4.9797240e-01
  -4.8985957e-01
  -4.8170057e-01
  -4.7349613e-01
  -4.6524696e-01
  -4.5695379e-01
  -4.4861735e-01
  -4.4023838e-01
  -4.3181764e-01
  -4.2335588e-01
  -4.1485386e-01
  -4.0631236e-01
  -3.9773216e-01
  -3.8911404e-01
  -3.8045881e-01
  -3.7176726e-01
  -3.6304020e-01
  -3.5427845e-01
  -3.4548284e-01
  -3.3665420e-01
  -3.2779338e-01
  -3.1890121e-01
  -3.0997856e-01
  -3.0102628e-01
  -2.9204526e-01
  -2.8303636e-01
  -2.7400048e-01
  -2.6493762e-01
  -2.5584801e-01
  -2.4673266e-01
  -2.3759255e-01
  -2.2842867e-01
  -2.1924199e-01
  -2.1003349e-01
  -2.0080415e-01
  -1.9155495e-01
  -1.8228685e-01
  -1.7300082e-01
  -1.6369783e-01
  -1.5437885e-01
  -1.4504483e-01
  -1.3569673e-01
  -1.2633550e-01
  -1.1696211e-01
  -1.0757749e-01
  -9.8182605e-02
  -8.8778391e-02
  -7.9365794e-02
  -6.9945753e-02
  -6.0519206e-02
  -5.1087088e-02
  -4.1650332e-02
  -3.2209866e-02
  -2.2766619e-02
  -1.3321515e-02
  -3.8754767e-03
   5.5705768e-03
   1.5015728e-02
   2.4459063e-02
   3.3899670e-02
   4.3336639e-02
   5.2769064e-02
   6.2196041e-02
   7.1616668e-02
   8.1030045e-02
   9.0435277e-02
   9.9831470e-02
   1.0921773e-01
   1.1859318e-01
   1.2795691e-01
   1.3730806e-01
   1.4664574e-01
   1.5596907e-01
   1.6527718e-01
   1.7456918e-01
   1.8384422e-01
   1.9310143e-01
   2.0233993e-01
   2.1155887e-01
   2.2075738e-01
   2.2993461e-01
   2.3908970e-01
   2.4822180e-01
   2.5733005e-01
   2.6641362e-01
   2.7547166e-01
   2.8450332e-01
   2.9350776e-01
   3.0248415e-01
   3.1143165e-01
   3.2034943e-01
   3.2923667e-01
   3.3809252e-01
   3.4691618e-01
   3.5570681e-01
   3.6446360e-01
   3.7318573e-01
   3.8187239e-01
   3.9052276e-01
   3.9913604e-01
   4.0771142e-01
   4.1624810e-01
   4.2474527e-01
   4.3320214e-01
   4.4161791e-01
   4.4999179e-01
   4.5832298e-01
   4.6661070e-01
   4.7485416e-01
   4.8305258e-01
   4.9120518e-01
   4.9931118e-01
   5.0736980e-01
   5.1538028e-01
   5.2334183e-01
   5.3125370e-01
   5.3911512e-01
   5.4692532e-01
   5.5468354e-01
   5.6238904e-01
   5.7004105e-01
   5.7763897e-01
   5.8518338e-01
   5.9267393e-01
   6.0010998e-01
   6.0749093e-01
   6.1481617e-01
   6.2208509e-01
   6.2929711e-01
   6.3645164e-01
   6.4354811e-01
   6.5058593e-01
   6.5756455e-01
   6.6448342e-01
   6.7134198e-01
   6.7813969e-01
   6.8487602e-01
   6.9155045e-01
   6.9816244e-01
   7.0471150e-01
   7.1119711e-01
   7.1761879e-01
   7.2397603e-01
   7.3026836e-01
   7.3649530e-01
   7.4265638e-01
   7.4875115e-01
   7.5477914e-01
   7.6073992e-01
   7.6663305e-01
   7.7245809e-01
   7.7821462e-01
   7.8390222e-01
   7.8952049e-01
   7.9506902e-01
   8.0054742e-01
   8.0595529e-01
   8.1129227e-01
   8.1655798e-01
   8.2175205e-01
   8.2687412e-01
   8.3192385e-01
   8.3690089e-01
   8.4180490e-01
   8.4663556e-01
   8.5139254e-01
   8.5607554e-01
   8.6068424e-01
   8.6521835e-01
   8.6967757e-01
   8.7406161e-01
   8.7837021e-01
   8.8260310e-01
   8.8676000e-01
   8.9084066e-01
   8.9484484e-01
   8.9877230e-01
   9.0262279e-01
   9.0639611e-01
   9.1009202e-01
   9.1371031e-01
   9.1725079e-01
   9.2071326e-01
   9.2409752e-01
   9.2740339e-01
   9.3063071e-01
   9.3377930e-01
   9.3684900e-01
   9.3983966e-01
   9.4275113e-01
   9.4558329e-01
   9.4833598e-01
   9.5100911e-01
   9.5360253e-01
   9.5611616e-01
   9.5854988e-01
   9.6090361e-01
   9.6317725e-01
   9.6537074e-01
   9.6748398e-01
   9.6951693e-01
   9.7146952e-01
   9.7334197e-01
   9.7513451e-01
   9.7684695e-01
   9.7847914e-01
   9.8003090e-01
   9.8150208e-01
   9.8289254e-01
   9.8420212e-01
   9.8543069e-01
   9.8657813e-01
   9.8764430e-01
   9.8862908e-01
   9.8953237e-01
   9.9035406e-01
   9.9109405e-01
   9.9175225e-01
   9.9232857e-01
   9.9282292e-01
   9.9323524e-01
   9.9356545e-01
   9.9381350e-01
   9.9397932e-01
   9.9406287e-01
   9.9406411e-01
   9.9398300e-01
   9.9381950e-01
   9.9357360e-01
   9.9324527e-01
   9.9283450e-01
   9.9234129e-01
   9.9176564e-01
   9.9110756e-01
   9.9036705e-01
   9.8954414e-01
   9.8863886e-01
   9.8765123e-01
   9.8658129e-01
   9.8542909e-01
   9.8419468e-01
   9.8287812e-01
   9.8147947e-01
   9.7999879e-01
   9.7843617e-01
   9.7679169e-01
   9.7506543e-01
   9.7325750e-01
   9.7136798e-01
   9.6939699e-01
   9.6734465e-01
   9.6521106e-01
   9.6299636e-01
   9.6070069e-01
   9.5832417e-01
   9.5586695e-01
   9.5332919e-01
   9.5071103e-01
   9.4801266e-01
   9.4523422e-01
   9.4237591e-01
   9.3943790e-01
   9.3642039e-01
   9.3332356e-01
   9.3014761e-01
   9.2689277e-01
   9.2355923e-01
   9.2014722e-01
   9.1665697e-01
   9.1308870e-01
   9.0944266e-01
   9.0571909e-01
   9.0191825e-01
   8.9804038e-01
   8.9408576e-01
   8.9005466e-01
   8.8594734e-01
   8.8176410e-01
   8.7750522e-01
   8.7317100e-01
   8.6876174e-01
   8.6427774e-01
   8.5971933e-01
   8.5508681e-01
   8.5038053e-01
   8.4560080e-01
   8.4074797e-01
   8.3582239e-01
   8.3082440e-01
   8.2575437e-01
   8.2061265e-01
   8.1539962e-01
   8.1011566e-01
   8.0476115e-01
   7.9933647e-01
   7.9384203e-01
   7.8827821e-01
   7.8264545e-01
   7.7694413e-01
   7.7117470e-01
   7.6533757e-01
   7.5943317e-01
   7.5346195e-01
   7.4742435e-01
   7.4132028e-01
   7.3514975e-01
   7.2891324e-01
   7.2261124e-01
   7.1624422e-01
   7.0981269e-01
   7.0331716e-01
   6.9675812e-01
   6.9013611e-01
   6.8345162e-01
   6.7670521e-01
   6.6989739e-01
   6.6302871e-01
   6.5609972e-01
   6.4911097e-01
   6.4206301e-01
   6.3495642e-01
   6.2779175e-01
   6.2056960e-01
   6.1329055e-01
   6.0595518e-01
   5.9856409e-01
   5.9111788e-01
   5.8361716e-01
   5.7606256e-01
   5.6845468e-01
   5.6079415e-01
   5.5308161e-01
   5.4531771e-01
   5.3750307e-01
   5.2963837e-01
   5.2172425e-01
   5.1376137e-01
   5.0575042e-01
   4.9769207e-01
   4.8958700e-01
   4.8143590e-01
   4.7323947e-01
   4.6499841e-01
   4.5671342e-01
   4.4838523e-01
   4.4001455e-01
   4.3160211e-01
   4.2314864e-01
   4.1465489e-01
   4.0612159e-01
   3.9754950e-01
   3.8893938e-01
   3.8029199e-01
   3.7160811e-01
   3.6288850e-01
   3.5413396e-01
   3.4534527e-01
   3.3652323e-01
   3.2766863e-01
   3.1878230e-01
   3.0986503e-01
   3.0091766e-01
   2.9194100e-01
   2.8293590e-01
   2.7390319e-01
   2.6484371e-01
   2.5575832e-01
   2.4664787e-01
   2.3751323e-01
   2.2835528e-01
   2.1917487e-01
   2.0997291e-01
   2.0075027e-01
   1.9150786e-01
   1.8224657e-01
   1.7296730e-01
   1.6367099e-01
   1.5435854e-01
   1.4503088e-01
   1.3568894e-01
   1.2633367e-01
   1.1696601e-01
   1.0758690e-01
   9.8197309e-02
   8.8798197e-02
   7.9390536e-02
   6.9975300e-02
   6.0553471e-02
   5.1126040e-02
   4.1693999e-02
   3.2258351e-02
   2.2820102e-02
   1.3380266e-02
   3.9398623e-03
  -5.5000827e-03
  -1.4938661e-02
  -2.4376292e-02
  -3.3812369e-02
  -4.3245869e-02
  -5.2675778e-02
  -6.2101087e-02
  -7.1520794e-02
  -8.0933903e-02
  -9.0339424e-02
  -9.9736374e-02
  -1.0912378e-01
  -1.1850066e-01
  -1.2786606e-01
  -1.3721902e-01
  -1.4655858e-01
  -1.5588381e-01
  -1.6519376e-01
  -1.7448750e-01
  -1.8376410e-01
  -1.9302265e-01
  -2.0226222e-01
  -2.1148192e-01
  -2.2068084e-01
  -2.2985809e-01
  -2.3901277e-01
  -2.4814401e-01
  -2.5725093e-01
  -2.6633266e-01
  -2.7538834e-01
  -2.8441710e-01
  -2.9341811e-01
  -3.0239052e-01
  -3.1133348e-01
  -3.2024617e-01
  -3.2912776e-01
  -3.3797743e-01
  -3.4679437e-01
  -3.5557778e-01
  -3.6432685e-01
  -3.7304079e-01
  -3.8171882e-01
  -3.9036015e-01
  -3.9896400e-01
  -4.0752962e-01
  -4.1605623e-01
  -4.2454308e-01
  -4.3298943e-01
  -4.4139453e-01
  -4.4975764e-01
  -4.5807804e-01
  -4.6635499e-01
  -4.7458779e-01
  -4.8277571e-01
  -4.9091806e-01
  -4.9901414e-01
  -5.0706325e-01
  -5.1506472e-01
  -5.2301784e-01
  -5.3092197e-01
  -5.3877642e-01
  -5.4658055e-01
  -5.5433368e-01
  -5.6203518e-01
  -5.6968440e-01
  -5.7728072e-01
  -5.8482349e-01
  -5.9231210e-01
  -5.9974593e-01
  -6.0712437e-01
  -6.1444681e-01
  -6.2171267e-01
  -6.2892134e-01
  -6.3607225e-01
  -6.4316481e-01
  -6.5019845e-01
  -6.5717261e-01
  -6.6408673e-01
  -6.7094025e-01
  -6.7773263e-01
  -6.8446333e-01
  -6.9113181e-01
  -6.9773755e-01
  -7.0428002e-01
  -7.1075871e-01
  -7.1717310e-01
  -7.2352271e-01
  -7.2980703e-01
  -7.3602557e-01
  -7.4217784e-01
  -7.4826338e-01
  -7.5428170e-01
  -7.6023279e-01
  -7.6611667e-01
  -7.7193292e-01
  -7.7768110e-01
  -7.8336082e-01
  -7.8897166e-01
  -7.9451322e-01
  -7.9998510e-01
  -8.0538693e-01
  -8.1071831e-01
  -8.1597888e-01
  -8.2116825e-01
  -8.2628607e-01
  -8.3133198e-01
  -8.3630563e-01
  -8.4120667e-01
  -8.4603476e-01
  -8.5078958e-01
  -8.5547079e-01
  -8.6007807e-01
  -8.6461112e-01
  -8.6906962e-01
  -8.7345328e-01
  -8.7776179e-01
  -8.8199486e-01
  -8.8615223e-01
  -8.9023360e-01
  -8.9423871e-01
  -8.9816730e-01
  -9.0201910e-01
  -9.0579386e-01
  -9.0949135e-01
  -9.1311131e-01
  -9.1665352e-01
  -9.2011775e-01
  -9.2350378e-01
  -9.2681140e-01
  -9.3004039e-01
  -9.3319056e-01
  -9.3626171e-01
  -9.3925365e-01
  -9.4216619e-01
  -9.4499916e-01
  -9.4775240e-01
  -9.5042572e-01
  -9.5301899e-01
  -9.5553203e-01
  -9.5796472e-01
  -9.6031690e-01
  -9.6258845e-01
  -9.6477923e-01
  -9.6688913e-01
  -9.6891804e-01
  -9.7086583e-01
  -9.7273242e-01
  -9.7451770e-01
  -9.7622159e-01
  -9.7784399e-01
  -9.7938484e-01
  -9.8084406e-01
  -9.8222159e-01
  -9.8351737e-01
  -9.8473134e-01
  -9.8586347e-01
  -9.8691370e-01
  -9.8788200e-01
  -9.8876836e-01
  -9.8957274e-01
  -9.9029513e-01
  -9.9093552e-01
  -9.9149391e-01
  -9.9197030e-01
  -9.9236471e-01
  -9.9267714e-01
  -9.9290762e-01
  -9.9305618e-01
  -9.9312286e-01
  -9.9310768e-01
  -9.9301071e-01
  -9.9283199e-01
  -9.9257158e-01
  -9.9222955e-01
  -9.9180597e-01
  -9.9130092e-01
  -9.9071449e-01
  -9.9004707e-01
  -9.8929874e-01
  -9.8846946e-01
  -9.8755919e-01
  -9.8656789e-01
  -9.8549556e-01
  -9.8434216e-01
  -9.8310770e-01
  -9.8179216e-01
  -9.8039556e-01
  -9.7891790e-01
  -9.7735921e-01
  -9.7571952e-01
  -9.7399885e-01
  -9.7219725e-01
  -9.7031477e-01
  -9.6835146e-01
  -9.6630740e-01
  -9.6418264e-01
  -9.6197726e-01
  -9.5969136e-01
  -9.5732502e-01
  -9.5487835e-01
  -9.5235145e-01
  -9.4974442e-01
  -9.4705741e-01
  -9.4429053e-01
  -9.4144391e-01
  -9.3851771e-01
  -9.3551208e-01
  -9.3242716e-01
  -9.2926313e-01
  -9.2602015e-01
  -9.2269841e-01
  -9.1929810e-01
  -9.1581940e-01
  -9.1226251e-01
  -9.0862766e-01
  -9.0491504e-01
  -9.0112489e-01
  -8.9725743e-01
  -8.9331290e-01
  -8.8929155e-01
  -8.8519362e-01
  -8.8101938e-01
  -8.7676909e-01
  -8.7244303e-01
  -8.6804147e-01
  -8.6356471e-01
  -8.5901303e-01
  -8.5438675e-01
  -8.4968617e-01
  -8.4491160e-01
  -8.4006338e-01
  -8.3514183e-01
  -8.3014729e-01
  -8.2508011e-01
  -8.1994064e-01
  -8.1472924e-01
  -8.0944628e-01
  -8.0409213e-01
  -7.9866718e-01
  -7.9317181e-01
  -7.8760642e-01
  -7.8197142e-01
  -7.7626722e-01
  -7.7049423e-01
  -7.6465287e-01
  -7.5874360e-01
  -7.5276683e-01
  -7.4672302e-01
  -7.4061263e-01
  -7.3443611e-01
  -7.2819394e-01
  -7.2188659e-01
  -7.1551454e-01
  -7.0907829e-01
  -7.0257833e-01
  -6.9601517e-01
  -6.8938932e-01
  -6.8270131e-01
  -6.7595164e-01
  -6.6914088e-01
  -6.6226954e-01
  -6.5533818e-01
  -6.4834737e-01
  -6.4129765e-01
  -6.3418960e-01
  -6.2702380e-01
  -6.1980084e-01
  -6.1252130e-01
  -6.0518579e-01
  -5.9779491e-01
  -5.9034927e-01
  -5.8284950e-01
  -5.7529622e-01
  -5.6769008e-01
  -5.6003170e-01
  -5.5232176e-01
  -5.4456089e-01
  -5.3674976e-01
  -5.2888892e-01
  -5.2097794e-01
  -5.1301735e-01
  -5.0500790e-01
  -4.9695040e-01
  -4.8884562e-01
  -4.8069435e-01
  -4.7249738e-01
  -4.6425550e-01
  -4.5596949e-01
  -4.4764016e-01
  -4.3926830e-01
  -4.3085471e-01
  -4.2240020e-01
  -4.1390556e-01
  -4.0537160e-01
  -3.9679913e-01
  -3.8818896e-01
  -3.7954191e-01
  -3.7085878e-01
  -3.6214039e-01
  -3.5338757e-01
  -3.4460113e-01
  -3.3578190e-01
  -3.2693071e-01
  -3.1804838e-01
  -3.0913573e-01
  -3.0019362e-01
  -2.9122286e-01
  -2.8222430e-01
  -2.7319877e-01
  -2.6414712e-01
  -2.5507019e-01
  -2.4596882e-01
  -2.3684387e-01
  -2.2769618e-01
  -2.1852661e-01
  -2.0933601e-01
  -2.0012523e-01
  -1.9089514e-01
  -1.8164660e-01
  -1.7238047e-01
  -1.6309761e-01
  -1.5379890e-01
  -1.4448521e-01
  -1.3515740e-01
  -1.2581635e-01
  -1.1646294e-01
  -1.0709805e-01
  -9.7722550e-02
  -8.8337336e-02
  -7.8943288e-02
  -6.9541296e-02
  -6.0132248e-02
  -5.0717037e-02
  -4.1296557e-02
  -3.1871706e-02
  -2.2443381e-02
  -1.3012484e-02
  -3.5799184e-03
   5.8534103e-03
   1.5286595e-02
   2.4718724e-02
   3.4148888e-02
   4.3576170e-02
   5.2999654e-02
   6.2418422e-02
   7.1831553e-02
   8.1238123e-02
   9.0637207e-02
   1.0002788e-01
   1.0940920e-01
   1.1878026e-01
   1.2814010e-01
   1.3748779e-01
   1.4682240e-01
   1.5614298e-01
   1.6544859e-01
   1.7473829e-01
   1.8401113e-01
   1.9326615e-01
   2.0250241e-01
   2.1171895e-01
   2.2091482e-01
   2.3008905e-01
   2.3924069e-01
   2.4836877e-01
   2.5747232e-01
   2.6655039e-01
   2.7560199e-01
   2.8462617e-01
   2.9362193e-01
   3.0258832e-01
   3.1152434e-01
   3.2042902e-01
   3.2930138e-01
   3.3814103e-01
   3.4694858e-01
   3.5572326e-01
   3.6446420e-01
   3.7317058e-01
   3.8184156e-01
   3.9047631e-01
   3.9907401e-01
   4.0763387e-01
   4.1615507e-01
   4.2463683e-01
   4.3307836e-01
   4.4147889e-01
   4.4983763e-01
   4.5815384e-01
   4.6642676e-01
   4.7465565e-01
   4.8283976e-01
   4.9097837e-01
   4.9907075e-01
   5.0711620e-01
   5.1511400e-01
   5.2306347e-01
   5.3096390e-01
   5.3881461e-01
   5.4661494e-01
   5.5436422e-01
   5.6206178e-01
   5.6970698e-01
   5.7729917e-01
   5.8483772e-01
   5.9232201e-01
   5.9975141e-01
   6.0712532e-01
   6.1444313e-01
   6.2170424e-01
   6.2890807e-01
   6.3605404e-01
   6.4314158e-01
   6.5017013e-01
   6.5713912e-01
   6.6404802e-01
   6.7089627e-01
   6.7768336e-01
   6.8440875e-01
   6.9107194e-01
   6.9767241e-01
   7.0420966e-01
   7.1068320e-01
   7.1709255e-01
   7.2343722e-01
   7.2971676e-01
   7.3593070e-01
   7.4207859e-01
   7.4815998e-01
   7.5417443e-01
   7.6012153e-01
   7.6600084e-01
   7.7181196e-01
   7.7755447e-01
   7.8322799e-01
   7.8883212e-01
   7.9436647e-01
   7.9983069e-01
   8.0522440e-01
   8.1054724e-01
   8.1579886e-01
   8.2097893e-01
   8.2608711e-01
   8.3112307e-01
   8.3608649e-01
   8.4097707e-01
   8.4579450e-01
   8.5053848e-01
   8.5520874e-01
   8.5980499e-01
   8.6432696e-01
   8.6877439e-01
   8.7314702e-01
   8.7744462e-01
   8.8166693e-01
   8.8581372e-01
   8.8988478e-01
   8.9387989e-01
   8.9779893e-01
   9.0164194e-01
   9.0540868e-01
   9.0909889e-01
   9.1271230e-01
   9.1624868e-01
   9.1970778e-01
   9.2308934e-01
   9.2639315e-01
   9.2961896e-01
   9.3276656e-01
   9.3583573e-01
   9.3882626e-01
   9.4173794e-01
   9.4457057e-01
   9.4732395e-01
   9.4999790e-01
   9.5259224e-01
   9.5510678e-01
   9.5754136e-01
   9.5989580e-01
   9.6216994e-01
   9.6436364e-01
   9.6647674e-01
   9.6850910e-01
   9.7046058e-01
   9.7233104e-01
   9.7412037e-01
   9.7582843e-01
   9.7745512e-01
   9.7900032e-01
   9.8046393e-01
   9.8184586e-01
   9.8314600e-01
   9.8436427e-01
   9.8550060e-01
   9.8655490e-01
   9.8752710e-01
   9.8841715e-01
   9.8922498e-01
   9.8995053e-01
   9.9059377e-01
   9.9115465e-01
   9.9163313e-01
   9.9202918e-01
   9.9234278e-01
   9.9257392e-01
   9.9272257e-01
   9.9278872e-01
   9.9277239e-01
   9.9267356e-01
   9.9249226e-01
   9.9222849e-01
   9.9188227e-01
   9.9145364e-01
   9.9094262e-01
   9.9034926e-01
   9.8967358e-01
   9.8891566e-01
   9.8807553e-01
   9.8715326e-01
   9.8614892e-01
   9.8506257e-01
   9.8389430e-01
   9.8264419e-01
   9.8131233e-01
   9.7989880e-01
   9.7840372e-01
   9.7682718e-01
   9.7516931e-01
   9.7343020e-01
   9.7161000e-01
   9.6970883e-01
   9.6772681e-01
   9.6566410e-01
   9.6352083e-01
   9.6129716e-01
   9.5899325e-01
   9.5660925e-01
   9.5414534e-01
   9.5160169e-01
   9.4897848e-01
   9.4627589e-01
   9.4349411e-01
   9.4063335e-01
   9.3769380e-01
   9.3467567e-01
   9.3157918e-01
   9.2840454e-01
   9.2515198e-01
   9.2182174e-01
   9.1841403e-01
   9.1492912e-01
   9.1136701e-01
   9.0772774e-01
   9.0401149e-01
   9.0021845e-01
   8.9634882e-01
   8.9240281e-01
   8.8838063e-01
   8.8428251e-01
   8.8010867e-01
   8.7585935e-01
   8.7153480e-01
   8.6713527e-01
   8.6266101e-01
   8.5811230e-01
   8.5348942e-01
   8.4879264e-01
   8.4402225e-01
   8.3917856e-01
   8.3426187e-01
   8.2927249e-01
   8.2421075e-01
   8.1907697e-01
   8.1387149e-01
   8.0859465e-01
   8.0324680e-01
   7.9782831e-01
   7.9233954e-01
   7.8678087e-01
   7.8115267e-01
   7.7545534e-01
   7.6968927e-01
   7.6385487e-01
   7.5795255e-01
   7.5198273e-01
   7.4594583e-01
   7.3984231e-01
   7.3367258e-01
   7.2743712e-01
   7.2113637e-01
   7.1477080e-01
   7.0834088e-01
   7.0184710e-01
   6.9528994e-01
   6.8866990e-01
   6.8198749e-01
   6.7524320e-01
   6.6843758e-01
   6.6157113e-01
   6.5464439e-01
   6.4765791e-01
   6.4061224e-01
   6.3350793e-01
   6.2634555e-01
   6.1912566e-01
   6.1184886e-01
   6.0451572e-01
   5.9712684e-01
   5.8968283e-01
   5.8218429e-01
   5.7463184e-01
   5.6702611e-01
   5.5936774e-01
   5.5165735e-01
   5.4389561e-01
   5.3608316e-01
   5.2822067e-01
   5.2030881e-01
   5.1234827e-01
   5.0433972e-01
   4.9628386e-01
   4.8818139e-01
   4.8003302e-01
   4.7183947e-01
   4.6360147e-01
   4.5531973e-01
   4.4699502e-01
   4.3862806e-01
   4.3021962e-01
   4.2177046e-01
   4.1328136e-01
   4.0475307e-01
   3.9618640e-01
   3.8758214e-01
   3.7894108e-01
   3.7026404e-01
   3.6155181e-01
   3.5280428e-01
   3.4402184e-01
   3.3520543e-01
   3.2635597e-01
   3.1747440e-01
   3.0856166e-01
   2.9961866e-01
   2.9064635e-01
   2.8164565e-01
   2.7261749e-01
   2.6356280e-01
   2.5448249e-01
   2.4537750e-01
   2.3624874e-01
   2.2709715e-01
   2.1792364e-01
   2.0872913e-01
   1.9951454e-01
   1.9028079e-01
   1.8102880e-01
   1.7175948e-01
   1.6247375e-01
   1.5317252e-01
   1.4385671e-01
   1.3452722e-01
   1.2518498e-01
   1.1583088e-01
   1.0646584e-01
   9.7090771e-02
   8.7706573e-02
   7.8314154e-02
   6.8914420e-02
   5.9508274e-02
   5.0096619e-02
   4.0680358e-02
   3.1260391e-02
   2.1837618e-02
   1.2412938e-02
   2.9872480e-03
  -6.4385539e-03
  -1.5863573e-02
  -2.5286913e-02
  -3.4707682e-02
  -4.4124986e-02
  -5.3537934e-02
  -6.2945635e-02
  -7.2347200e-02
  -8.1741739e-02
  -9.1128366e-02
  -1.0050619e-01
  -1.0987434e-01
  -1.1923191e-01
  -1.2857803e-01
  -1.3791181e-01
  -1.4723238e-01
  -1.5653885e-01
  -1.6583035e-01
  -1.7510599e-01
  -1.8436489e-01
  -1.9360619e-01
  -2.0282900e-01
  -2.1203246e-01
  -2.2121568e-01
  -2.3037780e-01
  -2.3951795e-01
  -2.4863525e-01
  -2.5772883e-01
  -2.6679783e-01
  -2.7584138e-01
  -2.8485862e-01
  -2.9384868e-01
  -3.0281069e-01
  -3.1174379e-01
  -3.2064712e-01
  -3.2951982e-01
  -3.3836103e-01
  -3.4716989e-01
  -3.5594554e-01
  -3.6468713e-01
  -3.7339380e-01
  -3.8206469e-01
  -3.9069895e-01
  -3.9929573e-01
  -4.0785418e-01
  -4.1637344e-01
  -4.2485266e-01
  -4.3329101e-01
  -4.4168762e-01
  -4.5004166e-01
  -4.5835227e-01
  -4.6661861e-01
  -4.7483984e-01
  -4.8301512e-01
  -4.9114361e-01
  -4.9922446e-01
  -5.0725740e-01
  -5.1524299e-01
  -5.2318056e-01
  -5.3106942e-01
  -5.3890889e-01
  -5.4669828e-01
  -5.5443694e-01
  -5.6212420e-01
  -5.6975940e-01
  -5.7734189e-01
  -5.8487104e-01
  -5.9234622e-01
  -5.9976680e-01
  -6.0713216e-01
  -6.1444169e-01
  -6.2169481e-01
  -6.2889090e-01
  -6.3602939e-01
  -6.4310970e-01
  -6.5013126e-01
  -6.5709349e-01
  -6.6399586e-01
  -6.7083782e-01
  -6.7761881e-01
  -6.8433831e-01
  -6.9099580e-01
  -6.9759076e-01
  -7.0412268e-01
  -7.1059105e-01
  -7.1699539e-01
  -7.2333521e-01
  -7.2961003e-01
  -7.3581937e-01
  -7.4196278e-01
  -7.4803980e-01
  -7.5404998e-01
  -7.5999288e-01
  -7.6586807e-01
  -7.7167512e-01
  -7.7741362e-01
  -7.8308316e-01
  -7.8868333e-01
  -7.9421374e-01
  -7.9967400e-01
  -8.0506374e-01
  -8.1038258e-01
  -8.1563016e-01
  -8.2080612e-01
  -8.2591011e-01
  -8.3094180e-01
  -8.3590085e-01
  -8.4078693e-01
  -8.4559973e-01
  -8.5033893e-01
  -8.5500424e-01
  -8.5959536e-01
  -8.6411200e-01
  -8.6855388e-01
  -8.7292073e-01
  -8.7721229e-01
  -8.8142829e-01
  -8.8556850e-01
  -8.8963266e-01
  -8.9362055e-01
  -8.9753194e-01
  -9.0136661e-01
  -9.0512434e-01
  -9.0880495e-01
  -9.1240822e-01
  -9.1593398e-01
  -9.1938205e-01
  -9.2275224e-01
  -9.2604440e-01
  -9.2925837e-01
  -9.3239399e-01
  -9.3545114e-01
  -9.3842966e-01
  -9.4132945e-01
  -9.4415037e-01
  -9.4689236e-01
  -9.4955569e-01
  -9.5214022e-01
  -9.5464575e-01
  -9.5707209e-01
  -9.5941903e-01
  -9.6168638e-01
  -9.6387398e-01
  -9.6598162e-01
  -9.6800916e-01
  -9.6995641e-01
  -9.7182323e-01
  -9.7360946e-01
  -9.7531494e-01
  -9.7693955e-01
  -9.7848315e-01
  -9.7994560e-01
  -9.8132678e-01
  -9.8262658e-01
  -9.8384488e-01
  -9.8498157e-01
  -9.8603657e-01
  -9.8700977e-01
  -9.8790108e-01
  -9.8871043e-01
  -9.8943774e-01
  -9.9008294e-01
  -9.9064596e-01
  -9.9112675e-01
  -9.9152525e-01
  -9.9184143e-01
  -9.9207522e-01
  -9.9222662e-01
  -9.9229557e-01
  -9.9228207e-01
  -9.9218610e-01
  -9.9200764e-01
  -9.9174669e-01
  -9.9140325e-01
  -9.9097734e-01
  -9.9046895e-01
  -9.8987812e-01
  -9.8920486e-01
  -9.8844921e-01
  -9.8761121e-01
  -9.8669089e-01
  -9.8568831e-01
  -9.8460352e-01
  -9.8343658e-01
  -9.8218756e-01
  -9.8085653e-01
  -9.7944358e-01
  -9.7794877e-01
  -9.7637221e-01
  -9.7471399e-01
  -9.7297421e-01
  -9.7115298e-01
  -9.6925042e-01
  -9.6726664e-01
  -9.6520178e-01
  -9.6305596e-01
  -9.6082932e-01
  -9.5852200e-01
  -9.5613416e-01
  -9.5366595e-01
  -9.5111753e-01
  -9.4848908e-01
  -9.4578075e-01
  -9.4299274e-01
  -9.4012523e-01
  -9.3717841e-01
  -9.3415247e-01
  -9.3104762e-01
  -9.2786408e-01
  -9.2460205e-01
  -9.2126175e-01
  -9.1784342e-01
  -9.1434728e-01
  -9.1077358e-01
  -9.0712256e-01
  -9.0339446e-01
  -8.9958956e-01
  -8.9570810e-01
  -8.9175036e-01
  -8.8771662e-01
  -8.8360715e-01
  -8.7942223e-01
  -8.7516217e-01
  -8.7082726e-01
  -8.6641781e-01
  -8.6193412e-01
  -8.5737651e-01
  -8.5274530e-01
  -8.4804082e-01
  -8.4326341e-01
  -8.3841341e-01
  -8.3349115e-01
  -8.2849700e-01
  -8.2343130e-01
  -8.1829424e-01
  -8.1308566e-01
  -8.0780587e-01
  -8.0245524e-01
  -7.9703412e-01
  -7.9154288e-01
  -7.8598191e-01
  -7.8035159e-01
  -7.7465232e-01
  -7.6888448e-01
  -7.6304848e-01
  -7.5714475e-01
  -7.5117370e-01
  -7.4513576e-01
  -7.3903136e-01
  -7.3286095e-01
  -7.2662498e-01
  -7.2032390e-01
  -7.1395818e-01
  -7.0752828e-01
  -7.0103469e-01
  -6.9447790e-01
  -6.8785839e-01
  -6.8117666e-01
  -6.7443323e-01
  -6.6762860e-01
  -6.6076330e-01
  -6.5383785e-01
  -6.4685280e-01
  -6.3980868e-01
  -6.3270605e-01
  -6.2554546e-01
  -6.1832747e-01
  -6.1105267e-01
  -6.0372162e-01
  -5.9633492e-01
  -5.8889315e-01
  -5.8139692e-01
  -5.7384684e-01
  -5.6624352e-01
  -5.5858758e-01
  -5.5087965e-01
  -5.4312037e-01
  -5.3531038e-01
  -5.2745034e-01
  -5.1954089e-01
  -5.1158271e-01
  -5.0357647e-01
  -4.9552284e-01
  -4.8742252e-01
  -4.7927620e-01
  -4.7108457e-01
  -4.6284836e-01
  -4.5456826e-01
  -4.4624502e-01
  -4.3787934e-01
  -4.2947199e-01
  -4.2102368e-01
  -4.1253519e-01
  -4.0400726e-01
  -3.9544067e-01
  -3.8683618e-01
  -3.7819457e-01
  -3.6951664e-01
  -3.6080318e-01
  -3.5205499e-01
  -3.4327287e-01
  -3.3445765e-01
  -3.2561015e-01
  -3.1673119e-01
  -3.0782162e-01
  -2.9888228e-01
  -2.8991402e-01
  -2.8091771e-01
  -2.7189420e-01
  -2.6284438e-01
  -2.5376911e-01
  -2.4466930e-01
  -2.3554584e-01
  -2.2639962e-01
  -2.1723156e-01
  -2.0804257e-01
  -1.9883358e-01
  -1.8960552e-01
  -1.8035933e-01
  -1.7109595e-01
  -1.6181633e-01
  -1.5252144e-01
  -1.4321225e-01
  -1.3388933e-01
  -1.2455238e-01
  -1.1520231e-01
  -1.0584017e-01
  -9.6466950e-02
  -8.7083684e-02
  -7.7691379e-02
  -6.8291041e-02
  -5.8883672e-02
  -4.9470270e-02
  -4.0051827e-02
  -3.0629332e-02
  -2.1203769e-02
  -1.1776116e-02
  -2.3473482e-03
   7.0815646e-03
   1.6509657e-02
   2.5935968e-02
   3.5359541e-02
   4.4779426e-02
   5.4194674e-02
   6.3604343e-02
   7.3007495e-02
   8.2403197e-02
   9.1790519e-02
   1.0116854e-01
   1.1053634e-01
   1.1989299e-01
   1.2923760e-01
   1.3856926e-01
   1.4788706e-01
   1.5719010e-01
   1.6647751e-01
   1.7574837e-01
   1.8500183e-01
   1.9423699e-01
   2.0345298e-01
   2.1264893e-01
   2.2182398e-01
   2.3097727e-01
   2.4010794e-01
   2.4921514e-01
   2.5829802e-01
   2.6735575e-01
   2.7638748e-01
   2.8539238e-01
   2.9436963e-01
   3.0331839e-01
   3.1223786e-01
   3.2112721e-01
   3.2998564e-01
   3.3881235e-01
   3.4760652e-01
   3.5636737e-01
   3.6509409e-01
   3.7378592e-01
   3.8244206e-01
   3.9106173e-01
   3.9964416e-01
   4.0818859e-01
   4.1669425e-01
   4.2516037e-01
   4.3358621e-01
   4.4197102e-01
   4.5031404e-01
   4.5861453e-01
   4.6687177e-01
   4.7508501e-01
   4.8325354e-01
   4.9137662e-01
   4.9945353e-01
   5.0748358e-01
   5.1546604e-01
   5.2340020e-01
   5.3128538e-01
   5.3912087e-01
   5.4690599e-01
   5.5464004e-01
   5.6232235e-01
   5.6995223e-01
   5.7752902e-01
   5.8505205e-01
   5.9252065e-01
   5.9993416e-01
   6.0729194e-01
   6.1459332e-01
   6.2183767e-01
   6.2902434e-01
   6.3615270e-01
   6.4322211e-01
   6.5023195e-01
   6.5718160e-01
   6.6407044e-01
   6.7089831e-01
   6.7766550e-01
   6.8437151e-01
   6.9101583e-01
   6.9759794e-01
   7.0411734e-01
   7.1057352e-01
   7.1696600e-01
   7.2329429e-01
   7.2955792e-01
   7.3575641e-01
   7.4188929e-01
   7.4795611e-01
   7.5395643e-01
   7.5988979e-01
   7.6575575e-01
   7.7155389e-01
   7.7728379e-01
   7.8294502e-01
   7.8853717e-01
   7.9405985e-01
   7.9951266e-01
   8.0489520e-01
   8.1020709e-01
   8.1544796e-01
   8.2061743e-01
   8.2571515e-01
   8.3074075e-01
   8.3569390e-01
   8.4057424e-01
   8.4538144e-01
   8.5011517e-01
   8.5477512e-01
   8.5936095e-01
   8.6387238e-01
   8.6830909e-01
   8.7267078e-01
   8.7695718e-01
   8.8116800e-01
   8.8530296e-01
   8.8936181e-01
   8.9334426e-01
   8.9725009e-01
   9.0107902e-01
   9.0483083e-01
   9.0850528e-01
   9.1210215e-01
   9.1562120e-01
   9.1906224e-01
   9.2242505e-01
   9.2570944e-01
   9.2891520e-01
   9.3204216e-01
   9.3509013e-01
   9.3805894e-01
   9.4094843e-01
   9.4375843e-01
   9.4648880e-01
   9.4913938e-01
   9.5171005e-01
   9.5420066e-01
   9.5661109e-01
   9.5894123e-01
   9.6119096e-01
   9.6336017e-01
   9.6544878e-01
   9.6745668e-01
   9.6938379e-01
   9.7123004e-01
   9.7299535e-01
   9.7467966e-01
   9.7628291e-01
   9.7780506e-01
   9.7924605e-01
   9.8060585e-01
   9.8188443e-01
   9.8308177e-01
   9.8419785e-01
   9.8523266e-01
   9.8618619e-01
   9.8705846e-01
   9.8784947e-01
   9.8855935e-01
   9.8918862e-01
   9.8973724e-01
   9.9020508e-01
   9.9059202e-01
   9.9089796e-01
   9.9112280e-01
   9.9126643e-01
   9.9132878e-01
   9.9130977e-01
   9.9120931e-01
   9.9102735e-01
   9.9076382e-01
   9.9041866e-01
   9.8999185e-01
   9.8948332e-01
   9.8889306e-01
   9.8822103e-01
   9.8746722e-01
   9.8663161e-01
   9.8571420e-01
   9.8471500e-01
   9.8363400e-01
   9.8247123e-01
   9.8122670e-01
   9.7990046e-01
   9.7849252e-01
   9.7700294e-01
   9.7543176e-01
   9.7377905e-01
   9.7204486e-01
   9.7022926e-01
   9.6833234e-01
   9.6635418e-01
   9.6429486e-01
   9.6215448e-01
   9.5993316e-01
   9.5763099e-01
   9.5524811e-01
   9.5278462e-01
   9.5024068e-01
   9.4761641e-01
   9.4491196e-01
   9.4212748e-01
   9.3926314e-01
   9.3631909e-01
   9.3329552e-01
   9.3019259e-01
   9.2701051e-01
   9.2374946e-01
   9.2040964e-01
   9.1699126e-01
   9.1349454e-01
   9.0991969e-01
   9.0626695e-01
   9.0253654e-01
   8.9872872e-01
   8.9484372e-01
   8.9088181e-01
   8.8684324e-01
   8.8272829e-01
   8.7853723e-01
   8.7427035e-01
   8.6992793e-01
   8.6551027e-01
   8.6101767e-01
   8.5645045e-01
   8.5180892e-01
   8.4709341e-01
   8.4230424e-01
   8.3744176e-01
   8.3250630e-01
   8.2749823e-01
   8.2241789e-01
   8.1726566e-01
   8.1204190e-01
   8.0674700e-01
   8.0138133e-01
   7.9594530e-01
   7.9043930e-01
   7.8486374e-01
   7.7921903e-01
   7.7350559e-01
   7.6772385e-01
   7.6187424e-01
   7.5595720e-01
   7.4997319e-01
   7.4392264e-01
   7.3780603e-01
   7.3162383e-01
   7.2537650e-01
   7.1906454e-01
   7.1268842e-01
   7.0624864e-01
   6.9974571e-01
   6.9318014e-01
   6.8655244e-01
   6.7986313e-01
   6.7311274e-01
   6.6630182e-01
   6.5943090e-01
   6.5250053e-01
   6.4551127e-01
   6.3846369e-01
   6.3135836e-01
   6.2419584e-01
   6.1697592e-01
   6.0969864e-01
   6.0236466e-01
   5.9497463e-01
   5.8752923e-01
   5.8002914e-01
   5.7247501e-01
   5.6486754e-01
   5.5720741e-01
   5.4949530e-01
   5.4173191e-01
   5.3391793e-01
   5.2605406e-01
   5.1814101e-01
   5.1017948e-01
   5.0217018e-01
   4.9411384e-01
   4.8601117e-01
   4.7786290e-01
   4.6966974e-01
   4.6143245e-01
   4.5315175e-01
   4.4482838e-01
   4.3646308e-01
   4.2805662e-01
   4.1960973e-01
   4.1112317e-01
   4.0259771e-01
   3.9403411e-01
   3.8543314e-01
   3.7679557e-01
   3.6812218e-01
   3.5941375e-01
   3.5067107e-01
   3.4189492e-01
   3.3308609e-01
   3.2424539e-01
   3.1537362e-01
   3.0647157e-01
   2.9754007e-01
   2.8857992e-01
   2.7959194e-01
   2.7057695e-01
   2.6153578e-01
   2.5246926e-01
   2.4337822e-01
   2.3426350e-01
   2.2512594e-01
   2.1596639e-01
   2.0678570e-01
   1.9758472e-01
   1.8836431e-01
   1.7912533e-01
   1.6986865e-01
   1.6059513e-01
   1.5130566e-01
   1.4200111e-01
   1.3268237e-01
   1.2335031e-01
   1.1400584e-01
   1.0464984e-01
   9.5283215e-02
   8.5906867e-02
   7.6521704e-02
   6.7128635e-02
   5.7728576e-02
   4.8322446e-02
   3.8911168e-02
   2.9495670e-02
   2.0076881e-02
   1.0655739e-02
   1.2331809e-03
  -8.1898484e-03
  -1.7612402e-02
  -2.7033528e-02
  -3.6452271e-02
  -4.5867671e-02
  -5.5278765e-02
  -6.4684584e-02
  -7.4084158e-02
  -8.3476510e-02
  -9.2860660e-02
  -1.0223562e-01
  -1.1160041e-01
  -1.2095404e-01
  -1.3029550e-01
  -1.3962380e-01
  -1.4893793e-01
  -1.5823689e-01
  -1.6751966e-01
  -1.7678522e-01
  -1.8603256e-01
  -1.9526066e-01
  -2.0446847e-01
  -2.1365547e-01
  -2.2282208e-01
  -2.3196746e-01
  -2.4109068e-01
  -2.5019082e-01
  -2.5926697e-01
  -2.6831823e-01
  -2.7734369e-01
  -2.8634248e-01
  -2.9531370e-01
  -3.0425649e-01
  -3.1316997e-01
  -3.2205329e-01
  -3.3090560e-01
  -3.3972606e-01
  -3.4851381e-01
  -3.5726805e-01
  -3.6598795e-01
  -3.7467268e-01
  -3.8332145e-01
  -3.9193346e-01
  -4.0050792e-01
  -4.0904404e-01
  -4.1754104e-01
  -4.2599816e-01
  -4.3441464e-01
  -4.4278972e-01
  -4.5112266e-01
  -4.5941271e-01
  -4.6765915e-01
  -4.7586126e-01
  -4.8401831e-01
  -4.9212960e-01
  -5.0019442e-01
  -5.0821209e-01
  -5.1618192e-01
  -5.2410323e-01
  -5.3197535e-01
  -5.3979761e-01
  -5.4756936e-01
  -5.5528996e-01
  -5.6295875e-01
  -5.7057511e-01
  -5.7813841e-01
  -5.8564804e-01
  -5.9310337e-01
  -6.0050382e-01
  -6.0784878e-01
  -6.1513766e-01
  -6.2236989e-01
  -6.2954489e-01
  -6.3666210e-01
  -6.4372095e-01
  -6.5072090e-01
  -6.5766141e-01
  -6.6454193e-01
  -6.7136194e-01
  -6.7812093e-01
  -6.8481837e-01
  -6.9145377e-01
  -6.9802661e-01
  -7.0453643e-01
  -7.1098272e-01
  -7.1736502e-01
  -7.2368285e-01
  -7.2993577e-01
  -7.3612331e-01
  -7.4224503e-01
  -7.4830049e-01
  -7.5428926e-01
  -7.6021092e-01
  -7.6606505e-01
  -7.7185126e-01
  -7.7756912e-01
  -7.8321827e-01
  -7.8879830e-01
