   0.0000000e+00
  -8.2463429e-03
  -1.6492249e-02
  -2.4737282e-02
  -3.2981004e-02
  -4.1222976e-02
  -4.9462762e-02
  -5.7699924e-02
  -6.5934022e-02
  -7.4164616e-02
  -8.2391264e-02
  -9.0613522e-02
  -9.8830944e-02
  -1.0704308e-01
  -1.1524949e-01
  -1.2344972e-01
  -1.3164332e-01
  -1.3982982e-01
  -1.4800879e-01
  -1.5617976e-01
  -1.6434239e-01
  -1.7249634e-01
  -1.8064113e-01
  -1.8877627e-01
  -1.9690130e-01
  -2.0501570e-01
  -2.1311900e-01
  -2.2121069e-01
  -2.2929027e-01
  -2.3735724e-01
  -2.4541109e-01
  -2.5345130e-01
  -2.6147735e-01
  -2.6948872e-01
  -2.7748489e-01
  -2.8546533e-01
  -2.9342949e-01
  -3.0137685e-01
  -3.0930687e-01
  -3.1721898e-01
  -3.2511265e-01
  -3.3298731e-01
  -3.4084242e-01
  -3.4867740e-01
  -3.5649170e-01
  -3.6428473e-01
  -3.7205592e-01
  -3.7980470e-01
  -3.8753048e-01
  -3.9523268e-01
  -4.0291070e-01
  -4.1056394e-01
  -4.1819181e-01
  -4.2579371e-01
  -4.3336902e-01
  -4.4091713e-01
  -4.4843744e-01
  -4.5592931e-01
  -4.6339212e-01
  -4.7082525e-01
  -4.7822807e-01
  -4.8559993e-01
  -4.9294020e-01
  -5.0024823e-01
  -5.0752337e-01
  -5.1476498e-01
  -5.2197239e-01
  -5.2914494e-01
  -5.3628198e-01
  -5.4338282e-01
  -5.5044680e-01
  -5.5747324e-01
  -5.6446145e-01
  -5.7141076e-01
  -5.7832048e-01
  -5.8518991e-01
  -5.9201834e-01
  -5.9880509e-01
  -6.0554945e-01
  -6.1225070e-01
  -6.1890813e-01
  -6.2552103e-01
  -6.3208867e-01
  -6.3861033e-01
  -6.4508527e-01
  -6.5151276e-01
  -6.5789207e-01
  -6.6422245e-01
  -6.7050315e-01
  -6.7673343e-01
  -6.8291253e-01
  -6.8903969e-01
  -6.9511414e-01
  -7.0113513e-01
  -7.0710188e-01
  -7.1301410e-01
  -7.1887362e-01
  -7.2467977e-01
  -7.3043145e-01
  -7.3612759e-01
  -7.4176712e-01
  -7.4734900e-01
  -7.5287218e-01
  -7.5833566e-01
  -7.6373844e-01
  -7.6907952e-01
  -7.7435794e-01
  -7.7957273e-01
  -7.8472297e-01
  -7.8980773e-01
  -7.9482610e-01
  -7.9977718e-01
  -8.0466010e-01
  -8.0947399e-01
  -8.1421801e-01
  -8.1889133e-01
  -8.2349313e-01
  -8.2802261e-01
  -8.3247899e-01
  -8.3686149e-01
  -8.4116937e-01
  -8.4540187e-01
  -8.4955829e-01
  -8.5363792e-01
  -8.5764005e-01
  -8.6156402e-01
  -8.6540915e-01
  -8.6917482e-01
  -8.7286039e-01
  -8.7646523e-01
  -8.7998876e-01
  -8.8343039e-01
  -8.8678955e-01
  -8.9006568e-01
  -8.9325826e-01
  -8.9636675e-01
  -8.9939066e-01
  -9.0232949e-01
  -9.0518276e-01
  -9.0795002e-01
  -9.1063082e-01
  -9.1322473e-01
  -9.1573133e-01
  -9.1815024e-01
  -9.2048106e-01
  -9.2272344e-01
  -9.2487701e-01
  -9.2694144e-01
  -9.2891641e-01
  -9.3080162e-01
  -9.3259678e-01
  -9.3430160e-01
  -9.3591584e-01
  -9.3743924e-01
  -9.3887159e-01
  -9.4021266e-01
  -9.4146226e-01
  -9.4262022e-01
  -9.4368635e-01
  -9.4466052e-01
  -9.4554259e-01
  -9.4633243e-01
  -9.4702995e-01
  -9.4763505e-01
  -9.4814766e-01
  -9.4856772e-01
  -9.4889520e-01
  -9.4913006e-01
  -9.4927229e-01
  -9.4932190e-01
  -9.4927891e-01
  -9.4914334e-01
  -9.4891526e-01
  -9.4859472e-01
  -9.4818182e-01
  -9.4767664e-01
  -9.4707929e-01
  -9.4638992e-01
  -9.4560865e-01
  -9.4473565e-01
  -9.4377109e-01
  -9.4271516e-01
  -9.4156807e-01
  -9.4033004e-01
  -9.3900130e-01
  -9.3758211e-01
  -9.3607273e-01
  -9.3447344e-01
  -9.3278455e-01
  -9.3100636e-01
  -9.2913920e-01
  -9.2718315e-01
  -9.2513848e-01
  -9.2300562e-01
  -9.2078499e-01
  -9.1847703e-01
  -9.1608217e-01
  -9.1360086e-01
  -9.1103355e-01
  -9.0838071e-01
  -9.0564279e-01
  -9.0282029e-01
  -8.9991367e-01
  -8.9692343e-01
  -8.9385006e-01
  -8.9069406e-01
  -8.8745595e-01
  -8.8413624e-01
  -8.8073545e-01
  -8.7725412e-01
  -8.7369278e-01
  -8.7005198e-01
  -8.6633226e-01
  -8.6253419e-01
  -8.5865834e-01
  -8.5470527e-01
  -8.5067556e-01
  -8.4656981e-01
  -8.4238859e-01
  -8.3813253e-01
  -8.3380222e-01
  -8.2939827e-01
  -8.2492131e-01
  -8.2037197e-01
  -8.1575089e-01
  -8.1105870e-01
  -8.0629605e-01
  -8.0146361e-01
  -7.9656203e-01
  -7.9159199e-01
  -7.8655416e-01
  -7.8144923e-01
  -7.7627789e-01
  -7.7104083e-01
  -7.6573878e-01
  -7.6037242e-01
  -7.5494250e-01
  -7.4944972e-01
  -7.4389484e-01
  -7.3827858e-01
  -7.3260169e-01
  -7.2686494e-01
  -7.2106907e-01
  -7.1521486e-01
  -7.0930309e-01
  -7.0333454e-01
  -6.9730999e-01
  -6.9123025e-01
  -6.8509611e-01
  -6.7890839e-01
  -6.7266791e-01
  -6.6637549e-01
  -6.6003196e-01
  -6.5363816e-01
  -6.4719494e-01
  -6.4070314e-01
  -6.3416363e-01
  -6.2757728e-01
  -6.2094496e-01
  -6.1426755e-01
  -6.0754593e-01
  -6.0078100e-01
  -5.9397367e-01
  -5.8712484e-01
  -5.8023543e-01
  -5.7330635e-01
  -5.6633855e-01
  -5.5933295e-01
  -5.5229050e-01
  -5.4521216e-01
  -5.3809887e-01
  -5.3095160e-01
  -5.2377133e-01
  -5.1655903e-01
  -5.0931570e-01
  -5.0204231e-01
  -4.9473987e-01
  -4.8740934e-01
  -4.8004909e-01
  -4.7265835e-01
  -4.6523769e-01
  -4.5778767e-01
  -4.5030886e-01
  -4.4280182e-01
  -4.3526712e-01
  -4.2770531e-01
  -4.2011694e-01
  -4.1250259e-01
  -4.0486279e-01
  -3.9719811e-01
  -3.8950908e-01
  -3.8179626e-01
  -3.7406020e-01
  -3.6630144e-01
  -3.5852051e-01
  -3.5071797e-01
  -3.4289434e-01
  -3.3505017e-01
  -3.2718599e-01
  -3.1930233e-01
  -3.1139972e-01
  -3.0347869e-01
  -2.9553976e-01
  -2.8758347e-01
  -2.7961033e-01
  -2.7162086e-01
  -2.6361559e-01
  -2.5559502e-01
  -2.4755968e-01
  -2.3951008e-01
  -2.3144672e-01
  -2.2337013e-01
  -2.1528080e-01
  -2.0717923e-01
  -1.9906595e-01
  -1.9094143e-01
  -1.8280619e-01
  -1.7466072e-01
  -1.6650552e-01
  -1.5834108e-01
  -1.5016789e-01
  -1.4198645e-01
  -1.3379723e-01
  -1.2560073e-01
  -1.1739743e-01
  -1.0918781e-01
  -1.0097236e-01
  -9.2751541e-02
  -8.4525841e-02
  -7.6295732e-02
  -6.8061685e-02
  -5.9824173e-02
  -5.1583662e-02
  -4.3340619e-02
  -3.5095510e-02
  -2.6848797e-02
  -1.8600940e-02
  -1.0352398e-02
  -2.1036289e-03
   6.1449132e-03
   1.4392775e-02
   2.2639505e-02
   3.0884655e-02
   3.9127777e-02
   4.7368426e-02
   5.5606159e-02
   6.3840534e-02
   7.2071111e-02
   8.0297454e-02
   8.8519126e-02
   9.6735694e-02
   1.0494673e-01
   1.1315179e-01
   1.2135046e-01
   1.2954232e-01
   1.3772693e-01
   1.4590387e-01
   1.5407273e-01
   1.6223308e-01
   1.7038451e-01
   1.7852661e-01
   1.8665896e-01
   1.9478116e-01
   2.0289278e-01
   2.1099344e-01
   2.1908271e-01
   2.2716026e-01
   2.3522614e-01
   2.4327990e-01
   2.5132097e-01
   2.5934876e-01
   2.6736270e-01
   2.7536219e-01
   2.8334664e-01
   2.9131547e-01
   2.9926808e-01
   3.0720388e-01
   3.1512227e-01
   3.2302264e-01
   3.3090440e-01
   3.3876694e-01
   3.4660965e-01
   3.5443192e-01
   3.6223315e-01
   3.7001270e-01
   3.7776998e-01
   3.8550435e-01
   3.9321520e-01
   4.0090191e-01
   4.0856384e-01
   4.1620037e-01
   4.2381086e-01
   4.3139469e-01
   4.3895122e-01
   4.4647980e-01
   4.5397980e-01
   4.6145058e-01
   4.6889149e-01
   4.7630188e-01
   4.8368111e-01
   4.9102851e-01
   4.9834344e-01
   5.0562524e-01
   5.1287325e-01
   5.2008681e-01
   5.2726524e-01
   5.3440790e-01
   5.4151410e-01
   5.4858318e-01
   5.5561446e-01
   5.6260727e-01
   5.6956093e-01
   5.7647476e-01
   5.8334807e-01
   5.9018018e-01
   5.9697040e-01
   6.0371804e-01
   6.1042242e-01
   6.1708283e-01
   6.2369857e-01
   6.3026895e-01
   6.3679327e-01
   6.4327082e-01
   6.4970090e-01
   6.5608279e-01
   6.6241578e-01
   6.6869917e-01
   6.7493223e-01
   6.8111425e-01
   6.8724450e-01
   6.9332227e-01
   6.9934682e-01
   7.0531744e-01
   7.1123338e-01
   7.1709392e-01
   7.2289832e-01
   7.2864584e-01
   7.3433575e-01
   7.3996730e-01
   7.4553975e-01
   7.5105235e-01
   7.5650436e-01
   7.6189502e-01
   7.6722357e-01
   7.7248926e-01
   7.7769134e-01
   7.8282904e-01
   7.8790160e-01
   7.9290825e-01
   7.9784822e-01
   8.0272075e-01
   8.0752507e-01
   8.1226039e-01
   8.1692594e-01
   8.2152094e-01
   8.2604461e-01
   8.3049616e-01
   8.3487480e-01
   8.3917994e-01
   8.4341329e-01
   8.4757478e-01
   8.5166349e-01
   8.5567851e-01
   8.5961897e-01
   8.6348399e-01
   8.6727275e-01
   8.7098440e-01
   8.7461816e-01
   8.7817322e-01
   8.8164884e-01
   8.8504425e-01
   8.8835874e-01
   8.9159160e-01
   8.9474213e-01
   8.9780967e-01
   9.0079358e-01
   9.0369321e-01
   9.0650796e-01
   9.0923725e-01
   9.1188049e-01
   9.1443713e-01
   9.1690665e-01
   9.1928853e-01
   9.2158227e-01
   9.2378741e-01
   9.2590347e-01
   9.2793004e-01
   9.2986670e-01
   9.3171304e-01
   9.3346868e-01
   9.3513328e-01
   9.3670650e-01
   9.3818800e-01
   9.3957750e-01
   9.4087472e-01
   9.4207938e-01
   9.4319126e-01
   9.4421012e-01
   9.4513577e-01
   9.4596803e-01
   9.4670672e-01
   9.4735171e-01
   9.4790286e-01
   9.4836008e-01
   9.4872328e-01
   9.4899239e-01
   9.4916736e-01
   9.4924817e-01
   9.4923480e-01
   9.4912728e-01
   9.4892562e-01
   9.4862987e-01
   9.4824012e-01
   9.4775644e-01
   9.4717894e-01
   9.4650775e-01
   9.4574302e-01
   9.4488492e-01
   9.4393362e-01
   9.4288934e-01
   9.4175230e-01
   9.4052274e-01
   9.3920092e-01
   9.3778714e-01
   9.3628168e-01
   9.3468488e-01
   9.3299707e-01
   9.3121861e-01
   9.2934989e-01
   9.2739130e-01
   9.2534326e-01
   9.2320621e-01
   9.2098060e-01
   9.1866692e-01
   9.1626566e-01
   9.1377733e-01
   9.1120248e-01
   9.0854165e-01
   9.0579541e-01
   9.0296437e-01
   9.0004914e-01
   8.9705034e-01
   8.9396863e-01
   8.9080468e-01
   8.8755918e-01
   8.8423284e-01
   8.8082639e-01
   8.7734058e-01
   8.7377617e-01
   8.7013396e-01
   8.6641474e-01
   8.6261936e-01
   8.5874864e-01
   8.5480347e-01
   8.5078462e-01
   8.4669073e-01
   8.4252158e-01
   8.3827787e-01
   8.3396033e-01
   8.2956968e-01
   8.2510664e-01
   8.2057193e-01
   8.1596626e-01
   8.1129035e-01
   8.0654493e-01
   8.0173072e-01
   7.9684842e-01
   7.9189878e-01
   7.8688249e-01
   7.8180029e-01
   7.7665290e-01
   7.7144103e-01
   7.6616540e-01
   7.6082675e-01
   7.5542578e-01
   7.4996322e-01
   7.4443979e-01
   7.3885621e-01
   7.3321320e-01
   7.2751149e-01
   7.2175179e-01
   7.1593483e-01
   7.1006134e-01
   7.0413202e-01
   6.9814761e-01
   6.9210882e-01
   6.8601639e-01
   6.7987103e-01
   6.7367346e-01
   6.6742441e-01
   6.6112460e-01
   6.5477476e-01
   6.4837560e-01
   6.4192786e-01
   6.3543225e-01
   6.2888950e-01
   6.2230034e-01
   6.1566548e-01
   6.0898565e-01
   6.0226158e-01
   5.9549399e-01
   5.8868361e-01
   5.8183115e-01
   5.7493735e-01
   5.6800293e-01
   5.6102862e-01
   5.5401513e-01
   5.4696321e-01
   5.3987356e-01
   5.3274692e-01
   5.2558402e-01
   5.1838557e-01
   5.1115231e-01
   5.0388496e-01
   4.9658426e-01
   4.8925091e-01
   4.8188566e-01
   4.7448923e-01
   4.6706234e-01
   4.5960573e-01
   4.5212011e-01
   4.4460623e-01
   4.3706480e-01
   4.2949655e-01
   4.2190221e-01
   4.1428252e-01
   4.0663819e-01
   3.9896995e-01
   3.9127854e-01
   3.8356469e-01
   3.7582911e-01
   3.6807254e-01
   3.6029571e-01
   3.5249935e-01
   3.4468347e-01
   3.3684789e-01
   3.2899306e-01
   3.2111942e-01
   3.1322744e-01
   3.0531757e-01
   2.9739025e-01
   2.8944594e-01
   2.8148509e-01
   2.7350817e-01
   2.6551561e-01
   2.5750789e-01
   2.4948545e-01
   2.4144875e-01
   2.3339825e-01
   2.2533440e-01
   2.1725767e-01
   2.0916850e-01
   2.0106736e-01
   1.9295471e-01
   1.8483101e-01
   1.7669671e-01
   1.6855229e-01
   1.6039819e-01
   1.5223488e-01
   1.4406282e-01
   1.3588247e-01
   1.2769431e-01
   1.1949878e-01
   1.1129636e-01
   1.0308751e-01
   9.4872686e-02
   8.6652364e-02
   7.8427007e-02
   7.0197080e-02
   6.1963051e-02
   5.3725386e-02
   4.5484552e-02
   3.7241019e-02
   2.8995255e-02
   2.0747728e-02
   1.2498909e-02
   4.2492667e-03
  -4.0007275e-03
  -1.2250603e-02
  -2.0499888e-02
  -2.8748111e-02
  -3.6994799e-02
  -4.5239480e-02
  -5.3481680e-02
  -6.1720925e-02
  -6.9956741e-02
  -7.8188653e-02
  -8.6416186e-02
  -9.4638863e-02
  -1.0285621e-01
  -1.1106775e-01
  -1.1927300e-01
  -1.2747149e-01
  -1.3566274e-01
  -1.4384628e-01
  -1.5202161e-01
  -1.6018826e-01
  -1.6834576e-01
  -1.7649361e-01
  -1.8463135e-01
  -1.9275849e-01
  -2.0087454e-01
  -2.0897903e-01
  -2.1707147e-01
  -2.2515137e-01
  -2.3321826e-01
  -2.4127165e-01
  -2.4931106e-01
  -2.5733599e-01
  -2.6534597e-01
  -2.7334051e-01
  -2.8131911e-01
  -2.8928130e-01
  -2.9722659e-01
  -3.0515448e-01
  -3.1306450e-01
  -3.2095614e-01
  -3.2882892e-01
  -3.3668235e-01
  -3.4451595e-01
  -3.5232921e-01
  -3.6012165e-01
  -3.6789277e-01
  -3.7564209e-01
  -3.8336910e-01
  -3.9107332e-01
  -3.9875426e-01
  -4.0641141e-01
  -4.1404429e-01
  -4.2165245e-01
  -4.2923604e-01
  -4.3679451e-01
  -4.4432708e-01
  -4.5183297e-01
  -4.5931138e-01
  -4.6676153e-01
  -4.7418264e-01
  -4.8157394e-01
  -4.8893464e-01
  -4.9626397e-01
  -5.0356116e-01
  -5.1082542e-01
  -5.1805600e-01
  -5.2525213e-01
  -5.3241303e-01
  -5.3953794e-01
  -5.4662610e-01
  -5.5367674e-01
  -5.6068911e-01
  -5.6766245e-01
  -5.7459600e-01
  -5.8148902e-01
  -5.8834073e-01
  -5.9515040e-01
  -6.0191728e-01
  -6.0864061e-01
  -6.1531966e-01
  -6.2195367e-01
  -6.2854192e-01
  -6.3508365e-01
  -6.4157812e-01
  -6.4802461e-01
  -6.5442238e-01
  -6.6077069e-01
  -6.6706882e-01
  -6.7331603e-01
  -6.7951159e-01
  -6.8565479e-01
  -6.9174489e-01
  -6.9778117e-01
  -7.0376292e-01
  -7.0968942e-01
  -7.1555994e-01
  -7.2137377e-01
  -7.2713021e-01
  -7.3282853e-01
  -7.3846803e-01
  -7.4404800e-01
  -7.4956773e-01
  -7.5502653e-01
  -7.6042368e-01
  -7.6575848e-01
  -7.7103025e-01
  -7.7623827e-01
  -7.8138186e-01
  -7.8646032e-01
  -7.9147296e-01
  -7.9641909e-01
  -8.0129802e-01
  -8.0610906e-01
  -8.1085154e-01
  -8.1552475e-01
  -8.2012804e-01
  -8.2466071e-01
  -8.2912209e-01
  -8.3351150e-01
  -8.3782827e-01
  -8.4207172e-01
  -8.4624119e-01
  -8.5033601e-01
  -8.5435551e-01
  -8.5829903e-01
  -8.6216589e-01
  -8.6595545e-01
  -8.6966704e-01
  -8.7330000e-01
  -8.7685368e-01
  -8.8032741e-01
  -8.8372056e-01
  -8.8703247e-01
  -8.9026249e-01
  -8.9340997e-01
  -8.9647427e-01
  -8.9945474e-01
  -9.0235074e-01
  -9.0516164e-01
  -9.0788815e-01
  -9.1053115e-01
  -9.1309004e-01
  -9.1556421e-01
  -9.1795311e-01
  -9.2025616e-01
  -9.2247283e-01
  -9.2460260e-01
  -9.2664498e-01
  -9.2859949e-01
  -9.3046565e-01
  -9.3224303e-01
  -9.3393121e-01
  -9.3552977e-01
  -9.3703834e-01
  -9.3845655e-01
  -9.3978405e-01
  -9.4102051e-01
  -9.4216562e-01
  -9.4321909e-01
  -9.4418065e-01
  -9.4505004e-01
  -9.4582703e-01
  -9.4651141e-01
  -9.4710298e-01
  -9.4760156e-01
  -9.4800699e-01
  -9.4831914e-01
  -9.4853788e-01
  -9.4866311e-01
  -9.4869476e-01
  -9.4863275e-01
  -9.4847704e-01
  -9.4822761e-01
  -9.4788444e-01
  -9.4744756e-01
  -9.4691699e-01
  -9.4629278e-01
  -9.4557501e-01
  -9.4476375e-01
  -9.4385913e-01
  -9.4286125e-01
  -9.4177027e-01
  -9.4058636e-01
  -9.3930969e-01
  -9.3794047e-01
  -9.3647891e-01
  -9.3492526e-01
  -9.3327978e-01
  -9.3154274e-01
  -9.2971444e-01
  -9.2779519e-01
  -9.2578533e-01
  -9.2368522e-01
  -9.2149522e-01
  -9.1921573e-01
  -9.1684716e-01
  -9.1438993e-01
  -9.1184450e-01
  -9.0921133e-01
  -9.0649091e-01
  -9.0368374e-01
  -9.0079035e-01
  -8.9781127e-01
  -8.9474708e-01
  -8.9159836e-01
  -8.8836569e-01
  -8.8504970e-01
  -8.8165104e-01
  -8.7817035e-01
  -8.7460831e-01
  -8.7096562e-01
  -8.6724298e-01
  -8.6344114e-01
  -8.5956084e-01
  -8.5560286e-01
  -8.5156797e-01
  -8.4745700e-01
  -8.4327077e-01
  -8.3901012e-01
  -8.3467593e-01
  -8.3026906e-01
  -8.2579044e-01
  -8.2124097e-01
  -8.1662161e-01
  -8.1193330e-01
  -8.0717703e-01
  -8.0235380e-01
  -7.9746463e-01
  -7.9251054e-01
  -7.8749260e-01
  -7.8241187e-01
  -7.7726946e-01
  -7.7206647e-01
  -7.6680400e-01
  -7.6148018e-01
  -7.5609394e-01
  -7.5064604e-01
  -7.4513725e-01
  -7.3956834e-01
  -7.3394007e-01
  -7.2825320e-01
  -7.2250848e-01
  -7.1670668e-01
  -7.1084854e-01
  -7.0493480e-01
  -6.9896623e-01
  -6.9294356e-01
  -6.8686752e-01
  -6.8073887e-01
  -6.7455833e-01
  -6.6832664e-01
  -6.6204452e-01
  -6.5571271e-01
  -6.4933193e-01
  -6.4290290e-01
  -6.3642633e-01
  -6.2990296e-01
  -6.2333348e-01
  -6.1671861e-01
  -6.1005905e-01
  -6.0335553e-01
  -5.9660872e-01
  -5.8981934e-01
  -5.8298809e-01
  -5.7611565e-01
  -5.6920272e-01
  -5.6224999e-01
  -5.5525814e-01
  -5.4822786e-01
  -5.4115982e-01
  -5.3405472e-01
  -5.2691321e-01
  -5.1973598e-01
  -5.1252370e-01
  -5.0527703e-01
  -4.9799663e-01
  -4.9068317e-01
  -4.8333731e-01
  -4.7595970e-01
  -4.6855100e-01
  -4.6111185e-01
  -4.5364291e-01
  -4.4614483e-01
  -4.3861823e-01
  -4.3106378e-01
  -4.2348209e-01
  -4.1587381e-01
  -4.0823956e-01
  -4.0057999e-01
  -3.9289570e-01
  -3.8518734e-01
  -3.7745551e-01
  -3.6970084e-01
  -3.6192394e-01
  -3.5412542e-01
  -3.4630590e-01
  -3.3846598e-01
  -3.3060626e-01
  -3.2272736e-01
  -3.1482986e-01
  -3.0691436e-01
  -2.9898147e-01
  -2.9103176e-01
  -2.8306583e-01
  -2.7508426e-01
  -2.6708764e-01
  -2.5907654e-01
  -2.5105154e-01
  -2.4301322e-01
  -2.3496215e-01
  -2.2689890e-01
  -2.1882404e-01
  -2.1073812e-01
  -2.0264171e-01
  -1.9453519e-01
  -1.8641852e-01
  -1.7829204e-01
  -1.7015615e-01
  -1.6201122e-01
  -1.5385764e-01
  -1.4569580e-01
  -1.3752609e-01
  -1.2934891e-01
  -1.2116466e-01
  -1.1297373e-01
  -1.0477654e-01
  -9.6573480e-02
  -8.8364967e-02
  -8.0151410e-02
  -7.1933224e-02
  -6.3710827e-02
  -5.5484638e-02
  -4.7255079e-02
  -3.9022576e-02
  -3.0787557e-02
  -2.2550452e-02
  -1.4311696e-02
  -6.0717234e-03
   2.1690256e-03
   1.0410110e-02
   1.8651084e-02
   2.6891503e-02
   3.5130914e-02
   4.3368867e-02
   5.1604906e-02
   5.9838571e-02
   6.8069404e-02
   7.6296939e-02
   8.4520711e-02
   9.2740251e-02
   1.0095509e-01
   1.0916474e-01
   1.1736874e-01
   1.2556661e-01
   1.3375786e-01
   1.4194200e-01
   1.5011855e-01
   1.5828701e-01
   1.6644690e-01
   1.7459772e-01
   1.8273896e-01
   1.9087013e-01
   1.9899072e-01
   2.0710023e-01
   2.1519813e-01
   2.2328393e-01
   2.3135710e-01
   2.3941713e-01
   2.4746350e-01
   2.5549568e-01
   2.6351314e-01
   2.7151536e-01
   2.7950180e-01
   2.8747193e-01
   2.9542521e-01
   3.0336111e-01
   3.1127907e-01
   3.1917856e-01
   3.2705902e-01
   3.3491991e-01
   3.4276067e-01
   3.5058073e-01
   3.5837956e-01
   3.6615657e-01
   3.7391121e-01
   3.8164291e-01
   3.8935110e-01
   3.9703520e-01
   4.0469465e-01
   4.1232885e-01
   4.1993724e-01
   4.2751922e-01
   4.3507421e-01
   4.4260163e-01
   4.5010087e-01
   4.5757134e-01
   4.6501245e-01
   4.7242359e-01
   4.7980417e-01
   4.8715357e-01
   4.9447119e-01
   5.0175642e-01
   5.0900863e-01
   5.1622722e-01
   5.2341157e-01
   5.3056105e-01
   5.3767504e-01
   5.4475291e-01
   5.5179403e-01
   5.5879777e-01
   5.6576349e-01
   5.7269054e-01
   5.7957830e-01
   5.8642612e-01
   5.9323335e-01
   5.9999933e-01
   6.0672440e-01
   6.1340902e-01
   6.2005216e-01
   6.2665281e-01
   6.3320995e-01
   6.3972256e-01
   6.4618967e-01
   6.5261029e-01
   6.5898343e-01
   6.6530814e-01
   6.7158347e-01
   6.7780847e-01
   6.8398220e-01
   6.9010374e-01
   6.9617219e-01
   7.0218663e-01
   7.0814617e-01
   7.1404993e-01
   7.1989704e-01
   7.2568663e-01
   7.3141785e-01
   7.3708986e-01
   7.4270182e-01
   7.4825291e-01
   7.5374231e-01
   7.5916924e-01
   7.6453288e-01
   7.6983247e-01
   7.7506722e-01
   7.8023638e-01
   7.8533919e-01
   7.9037492e-01
   7.9534282e-01
   8.0024217e-01
   8.0507227e-01
   8.0983241e-01
   8.1452190e-01
   8.1914006e-01
   8.2368621e-01
   8.2815970e-01
   8.3255988e-01
   8.3688609e-01
   8.4113771e-01
   8.4531412e-01
   8.4941471e-01
   8.5343887e-01
   8.5738602e-01
   8.6125557e-01
   8.6504695e-01
   8.6875961e-01
   8.7239298e-01
   8.7594653e-01
   8.7941973e-01
   8.8281206e-01
   8.8612301e-01
   8.8935207e-01
   8.9249876e-01
   8.9556259e-01
   8.9854310e-01
   9.0143983e-01
   9.0425231e-01
   9.0698013e-01
   9.0962283e-01
   9.1218001e-01
   9.1465126e-01
   9.1703617e-01
   9.1933435e-01
   9.2154543e-01
   9.2366904e-01
   9.2570481e-01
   9.2765240e-01
   9.2951146e-01
   9.3128167e-01
   9.3296271e-01
   9.3455427e-01
   9.3605604e-01
   9.3746775e-01
   9.3878911e-01
   9.4001985e-01
   9.4115972e-01
   9.4220846e-01
   9.4316584e-01
   9.4403162e-01
   9.4480560e-01
   9.4548755e-01
   9.4607729e-01
   9.4657462e-01
   9.4697937e-01
   9.4729136e-01
   9.4751044e-01
   9.4763646e-01
   9.4766935e-01
   9.4760992e-01
   9.4745846e-01
   9.4721501e-01
   9.4687961e-01
   9.4645232e-01
   9.4593321e-01
   9.4532237e-01
   9.4461988e-01
   9.4382585e-01
   9.4294042e-01
   9.4196371e-01
   9.4089587e-01
   9.3973706e-01
   9.3848746e-01
   9.3714725e-01
   9.3571663e-01
   9.3419582e-01
   9.3258504e-01
   9.3088453e-01
   9.2909455e-01
   9.2721534e-01
   9.2524721e-01
   9.2319043e-01
   9.2104530e-01
   9.1881216e-01
   9.1649132e-01
   9.1408313e-01
   9.1158794e-01
   9.0900612e-01
   9.0633806e-01
   9.0358415e-01
   9.0074480e-01
   8.9782042e-01
   8.9481146e-01
   8.9171835e-01
   8.8854157e-01
   8.8528157e-01
   8.8193885e-01
   8.7851391e-01
   8.7500725e-01
   8.7141940e-01
   8.6775090e-01
   8.6400231e-01
   8.6017417e-01
   8.5626708e-01
   8.5228162e-01
   8.4821839e-01
   8.4407800e-01
   8.3986110e-01
   8.3556831e-01
   8.3120030e-01
   8.2675773e-01
   8.2224127e-01
   8.1765164e-01
   8.1298952e-01
   8.0825565e-01
   8.0345075e-01
   7.9857557e-01
   7.9363086e-01
   7.8861741e-01
   7.8353599e-01
   7.7838741e-01
   7.7317246e-01
   7.6789198e-01
   7.6254680e-01
   7.5713778e-01
   7.5166577e-01
   7.4613165e-01
   7.4053631e-01
   7.3488064e-01
   7.2916558e-01
   7.2339203e-01
   7.1756095e-01
   7.1167328e-01
   7.0573000e-01
   6.9973207e-01
   6.9368050e-01
   6.8757630e-01
   6.8142047e-01
   6.7521405e-01
   6.6895808e-01
   6.6265363e-01
   6.5630175e-01
   6.4990355e-01
   6.4346010e-01
   6.3697253e-01
   6.3044195e-01
   6.2386950e-01
   6.1725633e-01
   6.1060360e-01
   6.0391132e-01
   5.9717657e-01
   5.9039972e-01
   5.8358147e-01
   5.7672248e-01
   5.6982342e-01
   5.6288497e-01
   5.5590778e-01
   5.4889253e-01
   5.4183987e-01
   5.3475046e-01
   5.2762494e-01
   5.2046397e-01
   5.1326819e-01
   5.0603825e-01
   4.9877479e-01
   4.9147843e-01
   4.8414981e-01
   4.7678956e-01
   4.6939831e-01
   4.6197667e-01
   4.5452527e-01
   4.4704472e-01
   4.3953563e-01
   4.3199861e-01
   4.2443427e-01
   4.1684321e-01
   4.0922602e-01
   4.0158331e-01
   3.9391565e-01
   3.8622366e-01
   3.7850789e-01
   3.7076895e-01
   3.6300740e-01
   3.5522383e-01
   3.4741880e-01
   3.3959288e-01
   3.3174664e-01
   3.2388064e-01
   3.1599543e-01
   3.0809157e-01
   3.0016962e-01
   2.9223012e-01
   2.8427362e-01
   2.7630065e-01
   2.6831176e-01
   2.6030748e-01
   2.5228834e-01
   2.4425487e-01
   2.3620759e-01
   2.2814703e-01
   2.2007370e-01
   2.1198813e-01
   2.0389081e-01
   1.9578226e-01
   1.8766298e-01
   1.7953347e-01
   1.7139423e-01
   1.6324577e-01
   1.5508855e-01
   1.4692308e-01
   1.3874984e-01
   1.3056931e-01
   1.2238197e-01
   1.1418829e-01
   1.0598874e-01
   9.7783794e-02
   8.9573911e-02
   8.1359554e-02
   7.3141180e-02
   6.4919244e-02
   5.6694196e-02
   4.8466485e-02
   4.0236553e-02
   3.2004842e-02
   2.3771789e-02
   1.5537829e-02
   7.3033924e-03
  -9.3109407e-04
  -9.1652060e-03
  -1.7398523e-02
  -2.5630627e-02
  -3.3861104e-02
  -4.2089545e-02
  -5.0315546e-02
  -5.8539125e-02
  -6.6760117e-02
  -7.4978071e-02
  -8.3192534e-02
  -9.1403050e-02
  -9.9609156e-02
  -1.0781039e-01
  -1.1600628e-01
  -1.2419637e-01
  -1.3238016e-01
  -1.4055719e-01
  -1.4872698e-01
  -1.5688903e-01
  -1.6504287e-01
  -1.7318799e-01
  -1.8132390e-01
  -1.8945011e-01
  -1.9756611e-01
  -2.0567139e-01
  -2.1376544e-01
  -2.2184776e-01
  -2.2991782e-01
  -2.3797510e-01
  -2.4601908e-01
  -2.5404924e-01
  -2.6206503e-01
  -2.7006593e-01
  -2.7805140e-01
  -2.8602090e-01
  -2.9397388e-01
  -3.0190979e-01
  -3.0982809e-01
  -3.1772821e-01
  -3.2560959e-01
  -3.3347168e-01
  -3.4131391e-01
  -3.4913571e-01
  -3.5693651e-01
  -3.6471572e-01
  -3.7247277e-01
  -3.8020708e-01
  -3.8791805e-01
  -3.9560511e-01
  -4.0326764e-01
  -4.1090506e-01
  -4.1851676e-01
  -4.2610214e-01
  -4.3366060e-01
  -4.4119151e-01
  -4.4869426e-01
  -4.5616824e-01
  -4.6361282e-01
  -4.7102738e-01
  -4.7841129e-01
  -4.8576391e-01
  -4.9308460e-01
  -5.0037273e-01
  -5.0762766e-01
  -5.1484874e-01
  -5.2203531e-01
  -5.2918672e-01
  -5.3630232e-01
  -5.4338144e-01
  -5.5042342e-01
  -5.5742760e-01
  -5.6439329e-01
  -5.7131982e-01
  -5.7820653e-01
  -5.8505271e-01
  -5.9185769e-01
  -5.9862079e-01
  -6.0534129e-01
  -6.1201852e-01
  -6.1865177e-01
  -6.2524033e-01
  -6.3178350e-01
  -6.3828057e-01
  -6.4473083e-01
  -6.5113356e-01
  -6.5748803e-01
  -6.6379353e-01
  -6.7004932e-01
  -6.7625467e-01
  -6.8240886e-01
  -6.8851113e-01
  -6.9456075e-01
  -7.0055697e-01
  -7.0649905e-01
  -7.1238623e-01
  -7.1821775e-01
  -7.2399286e-01
  -7.2971079e-01
  -7.3537078e-01
  -7.4097205e-01
  -7.4651384e-01
  -7.5199536e-01
  -7.5741583e-01
  -7.6277448e-01
  -7.6807050e-01
  -7.7330312e-01
  -7.7847154e-01
  -7.8357495e-01
  -7.8861264e-01
  -7.9358618e-01
  -7.9849572e-01
  -8.0334021e-01
  -8.0811866e-01
  -8.1283007e-01
  -8.1747345e-01
  -8.2204787e-01
  -8.2655237e-01
  -8.3098605e-01
  -8.3534799e-01
  -8.3963732e-01
  -8.4385317e-01
  -8.4799469e-01
  -8.5206106e-01
  -8.5605147e-01
  -8.5996512e-01
  -8.6380125e-01
  -8.6755909e-01
  -8.7123792e-01
  -8.7483700e-01
  -8.7835566e-01
  -8.8179319e-01
  -8.8514894e-01
  -8.8842226e-01
  -8.9161252e-01
  -8.9471913e-01
  -8.9774148e-01
  -9.0067901e-01
  -9.0353115e-01
  -9.0629739e-01
  -9.0897719e-01
  -9.1157006e-01
  -9.1407552e-01
  -9.1649311e-01
  -9.1882238e-01
  -9.2106291e-01
  -9.2321430e-01
  -9.2527614e-01
  -9.2724807e-01
  -9.2912974e-01
  -9.3092081e-01
  -9.3262097e-01
  -9.3422993e-01
  -9.3574739e-01
  -9.3717310e-01
  -9.3850682e-01
  -9.3974833e-01
  -9.4089741e-01
  -9.4195388e-01
  -9.4291756e-01
  -9.4378832e-01
  -9.4456601e-01
  -9.4525052e-01
  -9.4584176e-01
  -9.4633964e-01
  -9.4674410e-01
  -9.4705511e-01
  -9.4727265e-01
  -9.4739669e-01
  -9.4742727e-01
  -9.4736441e-01
  -9.4720816e-01
  -9.4695859e-01
  -9.4661578e-01
  -9.4617984e-01
  -9.4565090e-01
  -9.4502909e-01
  -9.4431458e-01
  -9.4350754e-01
  -9.4260817e-01
  -9.4161668e-01
  -9.4053330e-01
  -9.3935830e-01
  -9.3809193e-01
  -9.3673448e-01
  -9.3528627e-01
  -9.3374760e-01
  -9.3211884e-01
  -9.3040033e-01
  -9.2859246e-01
  -9.2669563e-01
  -9.2471024e-01
  -9.2263674e-01
  -9.2047557e-01
  -9.1822722e-01
  -9.1589215e-01
  -9.1347089e-01
  -9.1096396e-01
  -9.0837190e-01
  -9.0569527e-01
  -9.0293466e-01
  -9.0009066e-01
  -8.9716390e-01
  -8.9415499e-01
  -8.9106461e-01
  -8.8789326e-01
  -8.8464017e-01
  -8.8130556e-01
  -8.7789007e-01
  -8.7439432e-01
  -8.7081892e-01
  -8.6716451e-01
  -8.6343170e-01
  -8.5962114e-01
  -8.5573346e-01
  -8.5176929e-01
  -8.4772927e-01
  -8.4361405e-01
  -8.3942427e-01
  -8.3516058e-01
  -8.3082364e-01
  -8.2641408e-01
  -8.2193258e-01
  -8.1737979e-01
  -8.1275637e-01
  -8.0806299e-01
  -8.0330032e-01
  -7.9846902e-01
  -7.9356977e-01
  -7.8860325e-01
  -7.8357013e-01
  -7.7847109e-01
  -7.7330683e-01
  -7.6807803e-01
  -7.6278537e-01
  -7.5742955e-01
  -7.5201127e-01
  -7.4653123e-01
  -7.4099012e-01
  -7.3538866e-01
  -7.2972754e-01
  -7.2400748e-01
  -7.1822919e-01
  -7.1239338e-01
  -7.0650077e-01
  -7.0055209e-01
  -6.9454806e-01
  -6.8848940e-01
  -6.8237685e-01
  -6.7621113e-01
  -6.6999298e-01
  -6.6372314e-01
  -6.5740235e-01
  -6.5103134e-01
  -6.4461088e-01
  -6.3814170e-01
  -6.3162456e-01
  -6.2506022e-01
  -6.1844942e-01
  -6.1179293e-01
  -6.0509151e-01
  -5.9834594e-01
  -5.9155697e-01
  -5.8472537e-01
  -5.7785193e-01
  -5.7093742e-01
  -5.6398261e-01
  -5.5698830e-01
  -5.4995526e-01
  -5.4288428e-01
  -5.3577616e-01
  -5.2863169e-01
  -5.2145166e-01
  -5.1423687e-01
  -5.0698813e-01
  -4.9970624e-01
  -4.9239200e-01
  -4.8504624e-01
  -4.7766975e-01
  -4.7026337e-01
  -4.6282789e-01
  -4.5536416e-01
  -4.4787299e-01
  -4.4035520e-01
  -4.3281164e-01
  -4.2524312e-01
  -4.1765049e-01
  -4.1003459e-01
  -4.0239625e-01
  -3.9473632e-01
  -3.8705407e-01
  -3.7934890e-01
  -3.7162130e-01
  -3.6387175e-01
  -3.5610074e-01
  -3.4830876e-01
  -3.4049629e-01
  -3.3266382e-01
  -3.2481183e-01
  -3.1694082e-01
  -3.0905125e-01
  -3.0114363e-01
  -2.9321843e-01
  -2.8527613e-01
  -2.7731722e-01
  -2.6934219e-01
  -2.6135151e-01
  -2.5334567e-01
  -2.4532514e-01
  -2.3729042e-01
  -2.2924198e-01
  -2.2118030e-01
  -2.1310586e-01
  -2.0501914e-01
  -1.9692063e-01
  -1.8881079e-01
  -1.8069012e-01
  -1.7255908e-01
  -1.6441817e-01
  -1.5626784e-01
  -1.4810859e-01
  -1.3994088e-01
  -1.3176520e-01
  -1.2358203e-01
  -1.1539183e-01
  -1.0719508e-01
  -9.8992261e-02
  -9.0783846e-02
  -8.2570309e-02
  -7.4352124e-02
  -6.6129764e-02
  -5.7903703e-02
  -4.9674414e-02
  -4.1442370e-02
  -3.3208042e-02
  -2.4971903e-02
  -1.6734425e-02
  -8.4960784e-03
  -2.5733402e-04
   7.9813375e-03
   1.6219466e-02
   2.4456582e-02
   3.2692216e-02
   4.0925899e-02
   4.9157163e-02
   5.7385538e-02
   6.5610558e-02
   7.3831755e-02
   8.2048661e-02
   9.0260810e-02
   9.8467735e-02
   1.0666897e-01
   1.1486405e-01
   1.2305251e-01
   1.3123388e-01
   1.3940771e-01
   1.4757352e-01
   1.5573085e-01
   1.6387924e-01
   1.7201822e-01
   1.8014733e-01
   1.8826612e-01
   1.9637411e-01
   2.0447085e-01
   2.1255588e-01
   2.2062872e-01
   2.2868893e-01
   2.3673605e-01
   2.4476960e-01
   2.5278915e-01
   2.6079421e-01
   2.6878434e-01
   2.7675908e-01
   2.8471797e-01
   2.9266055e-01
   3.0058636e-01
   3.0849495e-01
   3.1638587e-01
   3.2425864e-01
   3.3211283e-01
   3.3994797e-01
   3.4776361e-01
   3.5555937e-01
   3.6333524e-01
   3.7109066e-01
   3.7882492e-01
   3.8653732e-01
   3.9422714e-01
   4.0189370e-01
   4.0953628e-01
   4.1715417e-01
   4.2474669e-01
   4.3231311e-01
   4.3985274e-01
   4.4736487e-01
   4.5484879e-01
   4.6230381e-01
   4.6972920e-01
   4.7712428e-01
   4.8448832e-01
   4.9182063e-01
   4.9912050e-01
   5.0638721e-01
   5.1362008e-01
   5.2081837e-01
   5.2798140e-01
   5.3510845e-01
   5.4219881e-01
   5.4925178e-01
   5.5626664e-01
   5.6324269e-01
   5.7017922e-01
   5.7707552e-01
   5.8393088e-01
   5.9074459e-01
   5.9751594e-01
   6.0424423e-01
   6.1092873e-01
   6.1756875e-01
   6.2416357e-01
   6.3071247e-01
   6.3721476e-01
   6.4366971e-01
   6.5007662e-01
   6.5643477e-01
   6.6274346e-01
   6.6900197e-01
   6.7520958e-01
   6.8136559e-01
   6.8746929e-01
   6.9351995e-01
   6.9951687e-01
   7.0545934e-01
   7.1134663e-01
   7.1717804e-01
   7.2295286e-01
   7.2867036e-01
   7.3432983e-01
   7.3993056e-01
   7.4547184e-01
   7.5095295e-01
   7.5637317e-01
   7.6173179e-01
   7.6702809e-01
   7.7226135e-01
   7.7743087e-01
   7.8253592e-01
   7.8757579e-01
   7.9254976e-01
   7.9745711e-01
   8.0229713e-01
   8.0706910e-01
   8.1177230e-01
   8.1640601e-01
   8.2096951e-01
   8.2546210e-01
   8.2988304e-01
   8.3423162e-01
   8.3850713e-01
   8.4270883e-01
   8.4683602e-01
   8.5088796e-01
   8.5486396e-01
   8.5876327e-01
   8.6258519e-01
   8.6632898e-01
   8.6999394e-01
   8.7357934e-01
   8.7708469e-01
   8.8051161e-01
   8.8385993e-01
   8.8712890e-01
   8.9031778e-01
   8.9342583e-01
   8.9645236e-01
   8.9939667e-01
   9.0225810e-01
   9.0503601e-01
   9.0772977e-01
   9.1033876e-01
   9.1286240e-01
   9.1530013e-01
   9.1765138e-01
   9.1991564e-01
   9.2209238e-01
   9.2418113e-01
   9.2618140e-01
   9.2809275e-01
   9.2991475e-01
   9.3164697e-01
   9.3328903e-01
   9.3484054e-01
   9.3630117e-01
   9.3767057e-01
   9.3894842e-01
   9.4013442e-01
   9.4122831e-01
   9.4222983e-01
   9.4313873e-01
   9.4395479e-01
   9.4467782e-01
   9.4530765e-01
   9.4584409e-01
   9.4628703e-01
   9.4663633e-01
   9.4689189e-01
   9.4705364e-01
   9.4712150e-01
   9.4709544e-01
   9.4697543e-01
   9.4676146e-01
   9.4645355e-01
   9.4605174e-01
   9.4555608e-01
   9.4496664e-01
   9.4428352e-01
   9.4350682e-01
   9.4263669e-01
   9.4167326e-01
   9.4061671e-01
   9.3946724e-01
   9.3822504e-01
   9.3689036e-01
   9.3546343e-01
   9.3394453e-01
   9.3233394e-01
   9.3063197e-01
   9.2883895e-01
   9.2695522e-01
   9.2498114e-01
   9.2291711e-01
   9.2076353e-01
   9.1852081e-01
   9.1618941e-01
   9.1376978e-01
   9.1126241e-01
   9.0866781e-01
   9.0598648e-01
   9.0321897e-01
   9.0036584e-01
   8.9742767e-01
   8.9440506e-01
   8.9129863e-01
   8.8810901e-01
   8.8483687e-01
   8.8148287e-01
   8.7804772e-01
   8.7453212e-01
   8.7093683e-01
   8.6726258e-01
   8.6351016e-01
   8.5968035e-01
   8.5577398e-01
   8.5179187e-01
   8.4773487e-01
   8.4360386e-01
   8.3939972e-01
   8.3512338e-01
   8.3077574e-01
   8.2635778e-01
   8.2187045e-01
   8.1731474e-01
   8.1269167e-01
   8.0800225e-01
   8.0324597e-01
   7.9842106e-01
   7.9352823e-01
   7.8856823e-01
   7.8354184e-01
   7.7844979e-01
   7.7329285e-01
   7.6807176e-01
   7.6278727e-01
   7.5744013e-01
   7.5203109e-01
   7.4656090e-01
   7.4103028e-01
   7.3544000e-01
   7.2979078e-01
   7.2408337e-01
   7.1831850e-01
   7.1249690e-01
   7.0661931e-01
   7.0068647e-01
   6.9469909e-01
   6.8865792e-01
   6.8256367e-01
   6.7641707e-01
   6.7021885e-01
   6.6396972e-01
   6.5767041e-01
   6.5132163e-01
   6.4492411e-01
   6.3847856e-01
   6.3198568e-01
   6.2544620e-01
   6.1886082e-01
   6.1223026e-01
   6.0555521e-01
   5.9883639e-01
   5.9207450e-01
   5.8527024e-01
   5.7842431e-01
   5.7153741e-01
   5.6461024e-01
   5.5764349e-01
   5.5063786e-01
   5.4359404e-01
   5.3651273e-01
   5.2939460e-01
   5.2224035e-01
   5.1505066e-01
   5.0782622e-01
   5.0056772e-01
   4.9327582e-01
   4.8595121e-01
   4.7859458e-01
   4.7120659e-01
   4.6378791e-01
   4.5633923e-01
   4.4886122e-01
   4.4135453e-01
   4.3381985e-01
   4.2625783e-01
   4.1866915e-01
   4.1105446e-01
   4.0341443e-01
   3.9574971e-01
   3.8806097e-01
   3.8034886e-01
   3.7261403e-01
   3.6485715e-01
   3.5707885e-01
   3.4927979e-01
   3.4146063e-01
   3.3362199e-01
   3.2576454e-01
   3.1788892e-01
   3.0999576e-01
   3.0208570e-01
   2.9415939e-01
   2.8621747e-01
   2.7826055e-01
   2.7028919e-01
   2.6230322e-01
   2.5430293e-01
   2.4628872e-01
   2.3826101e-01
   2.3022019e-01
   2.2216669e-01
   2.1410091e-01
   2.0602328e-01
   1.9793421e-01
   1.8983411e-01
   1.8172341e-01
   1.7360253e-01
   1.6547190e-01
   1.5733193e-01
   1.4918306e-01
   1.4102572e-01
   1.3286034e-01
   1.2468735e-01
   1.1650718e-01
   1.0832027e-01
   1.0012706e-01
   9.1927986e-02
   8.3723492e-02
   7.5514019e-02
   6.7300014e-02
   5.9081922e-02
   5.0860191e-02
   4.2635271e-02
   3.4407614e-02
   2.6177674e-02
   1.7945905e-02
   9.7127641e-03
   1.4787105e-03
  -6.7557957e-03
  -1.4990293e-02
  -2.3224316e-02
  -3.1457401e-02
  -3.9689080e-02
  -4.7918884e-02
  -5.6146342e-02
  -6.4370981e-02
  -7.2592328e-02
  -8.0809907e-02
  -8.9023240e-02
  -9.7231847e-02
  -1.0543525e-01
  -1.1363296e-01
  -1.2182449e-01
  -1.3000937e-01
  -1.3818710e-01
  -1.4635719e-01
  -1.5451915e-01
  -1.6267248e-01
  -1.7081670e-01
  -1.7895130e-01
  -1.8707579e-01
  -1.9518967e-01
  -2.0329242e-01
  -2.1138356e-01
  -2.1946258e-01
  -2.2752896e-01
  -2.3558220e-01
  -2.4362179e-01
  -2.5164722e-01
  -2.5965797e-01
  -2.6765352e-01
  -2.7563337e-01
  -2.8359698e-01
  -2.9154384e-01
  -2.9947343e-01
  -3.0738521e-01
  -3.1527867e-01
  -3.2315328e-01
  -3.3100851e-01
  -3.3884382e-01
  -3.4665868e-01
  -3.5445257e-01
  -3.6222493e-01
  -3.6997523e-01
  -3.7770294e-01
  -3.8540751e-01
  -3.9308839e-01
  -4.0074505e-01
  -4.0837693e-01
  -4.1598349e-01
  -4.2356417e-01
  -4.3111843e-01
  -4.3864570e-01
  -4.4614544e-01
  -4.5361709e-01
  -4.6106008e-01
  -4.6847386e-01
  -4.7585786e-01
  -4.8321152e-01
  -4.9053427e-01
  -4.9782555e-01
  -5.0508478e-01
  -5.1231140e-01
  -5.1950508e-01
  -5.2666637e-01
  -5.3379454e-01
  -5.4088864e-01
  -5.4794777e-01
  -5.5497100e-01
  -5.6195744e-01
  -5.6890619e-01
  -5.7581634e-01
  -5.8268700e-01
  -5.8951731e-01
  -5.9630637e-01
  -6.0305332e-01
  -6.0975729e-01
  -6.1641743e-01
  -6.2303288e-01
  -6.2960278e-01
  -6.3612631e-01
  -6.4260263e-01
  -6.4903090e-01
  -6.5541031e-01
  -6.6174003e-01
  -6.6801925e-01
  -6.7424718e-01
  -6.8042300e-01
  -6.8654593e-01
  -6.9261517e-01
  -6.9862995e-01
  -7.0458949e-01
  -7.1049302e-01
  -7.1633978e-01
  -7.2212901e-01
  -7.2785995e-01
  -7.3353186e-01
  -7.3914401e-01
  -7.4469565e-01
  -7.5018606e-01
  -7.5561451e-01
  -7.6098030e-01
  -7.6628270e-01
  -7.7152102e-01
  -7.7669456e-01
  -7.8180262e-01
  -7.8684452e-01
  -7.9181958e-01
  -7.9672712e-01
  -8.0156648e-01
  -8.0633699e-01
  -8.1103800e-01
  -8.1566885e-01
  -8.2022890e-01
  -8.2471751e-01
  -8.2913405e-01
  -8.3347789e-01
  -8.3774842e-01
  -8.4194501e-01
  -8.4606706e-01
  -8.5011396e-01
  -8.5408512e-01
  -8.5797995e-01
  -8.6179785e-01
  -8.6553826e-01
  -8.6920060e-01
  -8.7278430e-01
  -8.7628880e-01
  -8.7971354e-01
  -8.8305798e-01
  -8.8632157e-01
  -8.8950378e-01
  -8.9260407e-01
  -8.9562192e-01
  -8.9855680e-01
  -9.0140821e-01
  -9.0417564e-01
  -9.0685858e-01
  -9.0945654e-01
  -9.1196903e-01
  -9.1439556e-01
  -9.1673567e-01
  -9.1898887e-01
  -9.2115470e-01
  -9.2323269e-01
  -9.2522241e-01
  -9.2712339e-01
  -9.2893520e-01
  -9.3065740e-01
  -9.3228955e-01
  -9.3383124e-01
  -9.3528205e-01
  -9.3664168e-01
  -9.3791126e-01
  -9.3909097e-01
  -9.4018056e-01
  -9.4117974e-01
  -9.4208829e-01
  -9.4290598e-01
  -9.4363260e-01
  -9.4426795e-01
  -9.4481187e-01
  -9.4526418e-01
  -9.4562476e-01
  -9.4589346e-01
  -9.4607018e-01
  -9.4615483e-01
  -9.4614733e-01
  -9.4604761e-01
  -9.4585564e-01
  -9.4557137e-01
  -9.4519481e-01
  -9.4472596e-01
  -9.4416483e-01
  -9.4351146e-01
  -9.4276592e-01
  -9.4192825e-01
  -9.4099857e-01
  -9.3997695e-01
  -9.3886354e-01
  -9.3765845e-01
  -9.3636184e-01
  -9.3497389e-01
  -9.3349477e-01
  -9.3192469e-01
  -9.3026387e-01
  -9.2851253e-01
  -9.2667093e-01
  -9.2473934e-01
  -9.2271803e-01
  -9.2060732e-01
  -9.1840751e-01
  -9.1611894e-01
  -9.1374195e-01
  -9.1127691e-01
  -9.0872421e-01
  -9.0608424e-01
  -9.0335741e-01
  -9.0054416e-01
  -8.9764494e-01
  -8.9466020e-01
  -8.9159043e-01
  -8.8843612e-01
  -8.8519779e-01
  -8.8187597e-01
  -8.7847120e-01
  -8.7498404e-01
  -8.7141508e-01
  -8.6776490e-01
  -8.6403413e-01
  -8.6022338e-01
  -8.5633330e-01
  -8.5236455e-01
  -8.4831781e-01
  -8.4419378e-01
  -8.3999315e-01
  -8.3571667e-01
  -8.3136506e-01
  -8.2693910e-01
  -8.2243955e-01
  -8.1786720e-01
  -8.1322288e-01
  -8.0850739e-01
  -8.0372158e-01
  -7.9886631e-01
  -7.9394246e-01
  -7.8895091e-01
  -7.8389256e-01
  -7.7876835e-01
  -7.7357921e-01
  -7.6832610e-01
  -7.6300999e-01
  -7.5763187e-01
  -7.5219275e-01
  -7.4669363e-01
  -7.4113558e-01
  -7.3551963e-01
  -7.2984686e-01
  -7.2411835e-01
  -7.1833522e-01
  -7.1249857e-01
  -7.0660955e-01
  -7.0066931e-01
  -6.9467902e-01
  -6.8863986e-01
  -6.8255248e-01
  -6.7641384e-01
  -6.7022385e-01
  -6.6398327e-01
  -6.5769283e-01
  -6.5135326e-01
  -6.4496528e-01
  -6.3852962e-01
  -6.3204701e-01
  -6.2551815e-01
  -6.1894376e-01
  -6.1232455e-01
  -6.0566123e-01
  -5.9895449e-01
  -5.9220505e-01
  -5.8541359e-01
  -5.7858081e-01
  -5.7170739e-01
  -5.6479402e-01
  -5.5784139e-01
  -5.5085016e-01
  -5.4382102e-01
  -5.3675463e-01
  -5.2965167e-01
  -5.2251279e-01
  -5.1533867e-01
  -5.0812994e-01
  -5.0088728e-01
  -4.9361132e-01
  -4.8630271e-01
  -4.7896211e-01
  -4.7159014e-01
  -4.6418744e-01
  -4.5675464e-01
  -4.4929238e-01
  -4.4180128e-01
  -4.3428195e-01
  -4.2673503e-01
  -4.1916111e-01
  -4.1156083e-01
  -4.0393477e-01
  -3.9628355e-01
  -3.8860776e-01
  -3.8090801e-01
  -3.7318488e-01
  -3.6543897e-01
  -3.5767087e-01
  -3.4988115e-01
  -3.4207039e-01
  -3.3423918e-01
  -3.2638808e-01
  -3.1851766e-01
  -3.1062849e-01
  -3.0272113e-01
  -2.9479614e-01
  -2.8685407e-01
  -2.7889547e-01
  -2.7092090e-01
  -2.6293089e-01
  -2.5492598e-01
  -2.4690672e-01
  -2.3887364e-01
  -2.3082727e-01
  -2.2276812e-01
  -2.1469674e-01
  -2.0661363e-01
  -1.9851931e-01
  -1.9041429e-01
  -1.8229909e-01
  -1.7417421e-01
  -1.6604015e-01
  -1.5789741e-01
  -1.4974648e-01
  -1.4158786e-01
  -1.3342203e-01
  -1.2524947e-01
  -1.1707068e-01
  -1.0888612e-01
  -1.0069626e-01
  -9.2501591e-02
  -8.4302563e-02
  -7.6099643e-02
  -6.7893289e-02
  -5.9683590e-02
  -5.1470709e-02
  -4.3255037e-02
  -3.5036968e-02
  -2.6816901e-02
  -1.8595238e-02
  -1.0372383e-02
  -2.1487463e-03
   6.0752600e-03
   1.4299220e-02
   2.2522713e-02
   3.0745316e-02
   3.8966601e-02
   4.7186139e-02
   5.5403494e-02
   6.3618228e-02
   7.1829901e-02
   8.0038066e-02
   8.8242274e-02
   9.6442074e-02
   1.0463701e-01
   1.1282662e-01
   1.2101044e-01
   1.2918801e-01
   1.3735885e-01
   1.4552249e-01
   1.5367845e-01
   1.6182625e-01
   1.6996541e-01
   1.7809544e-01
   1.8621583e-01
   1.9432611e-01
   2.0242577e-01
   2.1051430e-01
   2.1859119e-01
   2.2665595e-01
   2.3470805e-01
   2.4274697e-01
   2.5077220e-01
   2.5878320e-01
   2.6677946e-01
   2.7476044e-01
   2.8272559e-01
   2.9067439e-01
   2.9860629e-01
   3.0652074e-01
   3.1441720e-01
   3.2229510e-01
   3.3015389e-01
   3.3799301e-01
   3.4581189e-01
   3.5360997e-01
   3.6138668e-01
   3.6914143e-01
   3.7687365e-01
   3.8458275e-01
   3.9226815e-01
   3.9992926e-01
   4.0756549e-01
   4.1517623e-01
   4.2276088e-01
   4.3031884e-01
   4.3784951e-01
   4.4535227e-01
   4.5282650e-01
   4.6027158e-01
   4.6768690e-01
   4.7507182e-01
   4.8242572e-01
   4.8974795e-01
   4.9703790e-01
   5.0429490e-01
   5.1151832e-01
   5.1870751e-01
   5.2586182e-01
   5.3298059e-01
   5.4006316e-01
   5.4710887e-01
   5.5411705e-01
   5.6108704e-01
   5.6801816e-01
   5.7490973e-01
   5.8176107e-01
   5.8857149e-01
   5.9534032e-01
   6.0206685e-01
   6.0875039e-01
   6.1539024e-01
   6.2198570e-01
   6.2853606e-01
   6.3504062e-01
   6.4149865e-01
   6.4790945e-01
   6.5427229e-01
   6.6058644e-01
   6.6685118e-01
   6.7306578e-01
   6.7922949e-01
   6.8534159e-01
   6.9140133e-01
   6.9740796e-01
   7.0336074e-01
   7.0925890e-01
   7.1510170e-01
   7.2088837e-01
   7.2661828e-01
   7.3229295e-01
   7.3791217e-01
   7.4347486e-01
   7.4897996e-01
   7.5442642e-01
   7.5981320e-01
   7.6513930e-01
   7.7040370e-01
   7.7560544e-01
   7.8074353e-01
   7.8581703e-01
   7.9082500e-01
   7.9576652e-01
   8.0064069e-01
   8.0544661e-01
   8.1018343e-01
   8.1485027e-01
   8.1944631e-01
   8.2397071e-01
   8.2842267e-01
   8.3280140e-01
   8.3710612e-01
   8.4133608e-01
   8.4549052e-01
   8.4956871e-01
   8.5356996e-01
   8.5749356e-01
   8.6133883e-01
   8.6510511e-01
   8.6879175e-01
   8.7239812e-01
   8.7592360e-01
   8.7936759e-01
   8.8272951e-01
   8.8600880e-01
   8.8920489e-01
   8.9231725e-01
   8.9534537e-01
   8.9828874e-01
   9.0114687e-01
   9.0391929e-01
   9.0660555e-01
   9.0920520e-01
   9.1171782e-01
   9.1414301e-01
   9.1648036e-01
   9.1872951e-01
   9.2089010e-01
   9.2296178e-01
   9.2494423e-01
   9.2683712e-01
   9.2864018e-01
   9.3035311e-01
   9.3197565e-01
   9.3350757e-01
   9.3494861e-01
   9.3629858e-01
   9.3755726e-01
   9.3872448e-01
   9.3980007e-01
   9.4078387e-01
   9.4167576e-01
   9.4247560e-01
   9.4318330e-01
   9.4379878e-01
   9.4432195e-01
   9.4475276e-01
   9.4509118e-01
   9.4533717e-01
   9.4549074e-01
   9.4555189e-01
   9.4552064e-01
   9.4539704e-01
   9.4518114e-01
   9.4487301e-01
   9.4447275e-01
   9.4398045e-01
   9.4339624e-01
   9.4272026e-01
   9.4195265e-01
   9.4109359e-01
   9.4014326e-01
   9.3910185e-01
   9.3796960e-01
   9.3674672e-01
   9.3543347e-01
   9.3403012e-01
   9.3253693e-01
   9.3095422e-01
   9.2928229e-01
   9.2752147e-01
   9.2567210e-01
   9.2373455e-01
   9.2170920e-01
   9.1959627e-01
   9.1739574e-01
   9.1510801e-01
   9.1273354e-01
   9.1027279e-01
   9.0772623e-01
   9.0509433e-01
   9.0237758e-01
   8.9957645e-01
   8.9669144e-01
   8.9372306e-01
   8.9067180e-01
   8.8753818e-01
   8.8432271e-01
   8.8102593e-01
   8.7764835e-01
   8.7419052e-01
   8.7065298e-01
   8.6703628e-01
   8.6334098e-01
   8.5956763e-01
   8.5571681e-01
   8.5178909e-01
   8.4778504e-01
   8.4370527e-01
   8.3955036e-01
   8.3532090e-01
   8.3101752e-01
   8.2664081e-01
   8.2219140e-01
   8.1766991e-01
   8.1307698e-01
   8.0841323e-01
   8.0367933e-01
   7.9887590e-01
   7.9400362e-01
   7.8906314e-01
   7.8405513e-01
   7.7898027e-01
   7.7383924e-01
   7.6863272e-01
   7.6336142e-01
   7.5802602e-01
   7.5262725e-01
   7.4716580e-01
   7.4164241e-01
   7.3605778e-01
   7.3041267e-01
   7.2470780e-01
   7.1894392e-01
   7.1312178e-01
   7.0724213e-01
   7.0130575e-01
   6.9531339e-01
   6.8926584e-01
   6.8316388e-01
   6.7700829e-01
   6.7079987e-01
   6.6453943e-01
   6.5822776e-01
   6.5186568e-01
   6.4545402e-01
   6.3899359e-01
   6.3248523e-01
   6.2592979e-01
   6.1932809e-01
   6.1268100e-01
   6.0598938e-01
   5.9925408e-01
   5.9247597e-01
   5.8565594e-01
   5.7879487e-01
   5.7189364e-01
   5.6495315e-01
   5.5797430e-01
   5.5095800e-01
   5.4390517e-01
   5.3681671e-01
   5.2969357e-01
   5.2253668e-01
   5.1534696e-01
   5.0812538e-01
   5.0087287e-01
   4.9359040e-01
   4.8627894e-01
   4.7893945e-01
   4.7157290e-01
   4.6417802e-01
   4.5675387e-01
   4.4930100e-01
   4.4181997e-01
   4.3431132e-01
   4.2677561e-01
   4.1921339e-01
   4.1162521e-01
   4.0401160e-01
   3.9637312e-01
   3.8871031e-01
   3.8102370e-01
   3.7331384e-01
   3.6558126e-01
   3.5782649e-01
   3.5005008e-01
   3.4225256e-01
   3.3443444e-01
   3.2659627e-01
   3.1873857e-01
   3.1086187e-01
   3.0296669e-01
   2.9505354e-01
   2.8712296e-01
   2.7917546e-01
   2.7121156e-01
   2.6323176e-01
   2.5523660e-01
   2.4722657e-01
   2.3920219e-01
   2.3116397e-01
   2.2311241e-01
   2.1504803e-01
   2.0697131e-01
   1.9888277e-01
   1.9078291e-01
   1.8267221e-01
   1.7455119e-01
   1.6642034e-01
   1.5828014e-01
   1.5013109e-01
   1.4197369e-01
   1.3380841e-01
   1.2563575e-01
   1.1745620e-01
   1.0927022e-01
   1.0107832e-01
   9.2880960e-02
   8.4678626e-02
   7.6471794e-02
   6.8260939e-02
   6.0046534e-02
   5.1829052e-02
   4.3608962e-02
   3.5386732e-02
   2.7162829e-02
   1.8937718e-02
   1.0711863e-02
   2.4857241e-03
  -5.7402372e-03
  -1.3965563e-02
  -2.2189798e-02
  -3.0412485e-02
  -3.8633173e-02
  -4.6851408e-02
  -5.5066743e-02
  -6.3278727e-02
  -7.1486916e-02
  -7.9690863e-02
  -8.7890126e-02
  -9.6084264e-02
  -1.0427284e-01
  -1.1245540e-01
  -1.2063153e-01
  -1.2880078e-01
  -1.3696273e-01
  -1.4511693e-01
  -1.5326297e-01
  -1.6140041e-01
  -1.6952882e-01
  -1.7764779e-01
  -1.8575688e-01
  -1.9385568e-01
  -2.0194377e-01
  -2.1002073e-01
  -2.1808614e-01
  -2.2613959e-01
  -2.3418067e-01
  -2.4220896e-01
  -2.5022428e-01
  -2.5822656e-01
  -2.6621520e-01
  -2.7418963e-01
  -2.8214922e-01
  -2.9009338e-01
  -2.9802150e-01
  -3.0593297e-01
  -3.1382719e-01
  -3.2170354e-01
  -3.2956141e-01
  -3.3740019e-01
  -3.4521925e-01
  -3.5301797e-01
  -3.6079574e-01
  -3.6855193e-01
  -3.7628592e-01
  -3.8399707e-01
  -3.9168476e-01
  -3.9934835e-01
  -4.0698722e-01
  -4.1460072e-01
  -4.2218822e-01
  -4.2974907e-01
  -4.3728265e-01
  -4.4478829e-01
  -4.5226535e-01
  -4.5971320e-01
  -4.6713117e-01
  -4.7451861e-01
  -4.8187488e-01
  -4.8919931e-01
  -4.9649124e-01
  -5.0375002e-01
  -5.1097499e-01
  -5.1816547e-01
  -5.2532081e-01
  -5.3244033e-01
  -5.3952336e-01
  -5.4656924e-01
  -5.5357728e-01
  -5.6054681e-01
  -5.6747715e-01
  -5.7436763e-01
  -5.8121755e-01
  -5.8802624e-01
  -5.9479301e-01
  -6.0151716e-01
  -6.0819801e-01
  -6.1483487e-01
  -6.2142704e-01
  -6.2797382e-01
  -6.3447452e-01
  -6.4092843e-01
  -6.4733485e-01
  -6.5369308e-01
  -6.6000240e-01
  -6.6626212e-01
  -6.7247152e-01
  -6.7862988e-01
  -6.8473650e-01
  -6.9079065e-01
  -6.9679162e-01
  -7.0273868e-01
  -7.0863111e-01
  -7.1446818e-01
  -7.2024918e-01
  -7.2597336e-01
  -7.3164000e-01
  -7.3724837e-01
  -7.4279773e-01
  -7.4828734e-01
  -7.5371646e-01
  -7.5908435e-01
  -7.6439028e-01
  -7.6963348e-01
  -7.7481322e-01
  -7.7992875e-01
  -7.8497931e-01
  -7.8996415e-01
  -7.9488251e-01
  -7.9973364e-01
  -8.0451678e-01
  -8.0923117e-01
  -8.1387604e-01
  -8.1845062e-01
  -8.2295416e-01
  -8.2738587e-01
  -8.3174499e-01
  -8.3603074e-01
  -8.4024236e-01
  -8.4438034e-01
  -8.4844601e-01
  -8.5243847e-01
  -8.5635685e-01
  -8.6020029e-01
  -8.6396794e-01
  -8.6765897e-01
  -8.7127258e-01
  -8.7480799e-01
  -8.7826442e-01
  -8.8164112e-01
  -8.8493737e-01
  -8.8815246e-01
  -8.9128570e-01
  -8.9433641e-01
  -8.9730395e-01
  -9.0018768e-01
  -9.0298700e-01
  -9.0570130e-01
  -9.0833002e-01
  -9.1087259e-01
  -9.1332849e-01
  -9.1569719e-01
  -9.1797821e-01
  -9.2017106e-01
  -9.2227528e-01
  -9.2429044e-01
  -9.2621612e-01
  -9.2805192e-01
  -9.2979745e-01
  -9.3145236e-01
  -9.3301631e-01
  -9.3448896e-01
  -9.3587002e-01
  -9.3715921e-01
  -9.3835625e-01
  -9.3946091e-01
  -9.4047296e-01
  -9.4139219e-01
  -9.4221842e-01
  -9.4295147e-01
  -9.4359120e-01
  -9.4413748e-01
  -9.4459020e-01
  -9.4494927e-01
  -9.4521462e-01
  -9.4538619e-01
  -9.4546396e-01
  -9.4544790e-01
  -9.4533804e-01
  -9.4513439e-01
  -9.4483699e-01
  -9.4444592e-01
  -9.4396125e-01
  -9.4338309e-01
  -9.4271156e-01
  -9.4194680e-01
  -9.4108897e-01
  -9.4013826e-01
  -9.3909487e-01
  -9.3795900e-01
  -9.3673091e-01
  -9.3541084e-01
  -9.3399908e-01
  -9.3249592e-01
  -9.3090168e-01
  -9.2921670e-01
  -9.2744132e-01
  -9.2557592e-01
  -9.2362089e-01
  -9.2157665e-01
  -9.1944363e-01
  -9.1722228e-01
  -9.1491307e-01
  -9.1251649e-01
  -9.1003305e-01
  -9.0746327e-01
  -9.0480771e-01
  -9.0206693e-01
  -8.9924153e-01
  -8.9633209e-01
  -8.9333926e-01
  -8.9026368e-01
  -8.8710600e-01
  -8.8386691e-01
  -8.8054712e-01
  -8.7714734e-01
  -8.7366833e-01
  -8.7011083e-01
  -8.6647563e-01
  -8.6276352e-01
  -8.5897534e-01
  -8.5511191e-01
  -8.5117409e-01
  -8.4716275e-01
  -8.4307881e-01
  -8.3892153e-01
  -8.3468990e-01
  -8.3038464e-01
  -8.2600646e-01
  -8.2155608e-01
  -8.1703425e-01
  -8.1244166e-01
  -8.0777905e-01
  -8.0304714e-01
  -7.9824665e-01
  -7.9337830e-01
  -7.8844282e-01
  -7.8344092e-01
  -7.7837333e-01
  -7.7324077e-01
  -7.6804396e-01
  -7.6278362e-01
  -7.5746047e-01
  -7.5207524e-01
  -7.4662864e-01
  -7.4112140e-01
  -7.3555423e-01
  -7.2992786e-01
  -7.2424301e-01
  -7.1850039e-01
  -7.1270074e-01
  -7.0684476e-01
  -7.0093318e-01
  -6.9496672e-01
  -6.8894610e-01
  -6.8287204e-01
  -6.7674525e-01
  -6.7056647e-01
  -6.6433640e-01
  -6.5805576e-01
  -6.5172529e-01
  -6.4534569e-01
  -6.3891768e-01
  -6.3244198e-01
  -6.2591932e-01
  -6.1935041e-01
  -6.1273597e-01
  -6.0607671e-01
  -5.9937337e-01
  -5.9262665e-01
  -5.8583727e-01
  -5.7900595e-01
  -5.7213341e-01
  -5.6522037e-01
  -5.5826755e-01
  -5.5127565e-01
  -5.4424541e-01
  -5.3717754e-01
  -5.3007275e-01
  -5.2293177e-01
  -5.1575530e-01
  -5.0854407e-01
  -5.0129880e-01
  -4.9402020e-01
  -4.8670898e-01
  -4.7936587e-01
  -4.7199158e-01
  -4.6458683e-01
  -4.5715233e-01
  -4.4968881e-01
  -4.4219697e-01
  -4.3467753e-01
  -4.2713121e-01
  -4.1955873e-01
  -4.1196079e-01
  -4.0433812e-01
  -3.9669144e-01
  -3.8902145e-01
  -3.8132887e-01
  -3.7361442e-01
  -3.6587881e-01
  -3.5812276e-01
  -3.5034698e-01
  -3.4255206e-01
  -3.3473768e-01
  -3.2690413e-01
  -3.1905184e-01
  -3.1118128e-01
  -3.0329289e-01
  -2.9538712e-01
  -2.8746442e-01
  -2.7952525e-01
  -2.7157005e-01
  -2.6359928e-01
  -2.5561340e-01
  -2.4761286e-01
  -2.3959810e-01
  -2.3156960e-01
  -2.2352780e-01
  -2.1547315e-01
  -2.0740613e-01
  -1.9932718e-01
  -1.9123676e-01
  -1.8313533e-01
  -1.7502335e-01
  -1.6690128e-01
  -1.5876958e-01
  -1.5062871e-01
  -1.4247913e-01
  -1.3432131e-01
  -1.2615570e-01
  -1.1798277e-01
  -1.0980299e-01
  -1.0161681e-01
  -9.3424705e-02
  -8.5227138e-02
  -7.7024575e-02
  -6.8817482e-02
  -6.0606326e-02
  -5.2391575e-02
  -4.4173697e-02
  -3.5953160e-02
  -2.7730435e-02
  -1.9505991e-02
  -1.1280298e-02
  -3.0538284e-03
   5.1729476e-03
   1.3399557e-02
   2.1625528e-02
   2.9850387e-02
   3.8073659e-02
   4.6294871e-02
   5.4513548e-02
   6.2729213e-02
   7.0941391e-02
   7.9149606e-02
   8.7353379e-02
   9.5552234e-02
   1.0374569e-01
   1.1193327e-01
   1.2011450e-01
   1.2828889e-01
   1.3645596e-01
   1.4461524e-01
   1.5276623e-01
   1.6090847e-01
   1.6904146e-01
   1.7716472e-01
   1.8527777e-01
   1.9338013e-01
   2.0147130e-01
   2.0955080e-01
   2.1761816e-01
   2.2567287e-01
   2.3371445e-01
   2.4174242e-01
   2.4975628e-01
   2.5775555e-01
   2.6573973e-01
   2.7370834e-01
   2.8166089e-01
   2.8959688e-01
   2.9751583e-01
   3.0541723e-01
   3.1330060e-01
   3.2116545e-01
   3.2901127e-01
   3.3683758e-01
   3.4464387e-01
   3.5242966e-01
   3.6019445e-01
   3.6793774e-01
   3.7565902e-01
   3.8335782e-01
   3.9103361e-01
   3.9868591e-01
   4.0631422e-01
   4.1391804e-01
   4.2149686e-01
   4.2905033e-01
   4.3657862e-01
   4.4408103e-01
   4.5155679e-01
   4.5900508e-01
   4.6642513e-01
   4.7381613e-01
   4.8117731e-01
   4.8850787e-01
   4.9580703e-01
   5.0307401e-01
   5.1030803e-01
   5.1750832e-01
   5.2467409e-01
   5.3180458e-01
   5.3889901e-01
   5.4595662e-01
   5.5297664e-01
   5.5995829e-01
   5.6690083e-01
   5.7380349e-01
   5.8066551e-01
   5.8748613e-01
   5.9426461e-01
   6.0100018e-01
   6.0769210e-01
   6.1433962e-01
   6.2094200e-01
   6.2749849e-01
   6.3400835e-01
   6.4047084e-01
   6.4688522e-01
   6.5325076e-01
   6.5956672e-01
   6.6583238e-01
   6.7204700e-01
   6.7820986e-01
   6.8432023e-01
   6.9037739e-01
   6.9638062e-01
   7.0232920e-01
   7.0822242e-01
   7.1405956e-01
   7.1983990e-01
   7.2556275e-01
   7.3122739e-01
   7.3683311e-01
   7.4237921e-01
   7.4786499e-01
   7.5328976e-01
   7.5865280e-01
   7.6395344e-01
   7.6919097e-01
   7.7436470e-01
   7.7947395e-01
   7.8451803e-01
   7.8949625e-01
   7.9440793e-01
   7.9925239e-01
   8.0402896e-01
   8.0873695e-01
   8.1337569e-01
   8.1794451e-01
   8.2244274e-01
   8.2686972e-01
   8.3122477e-01
   8.3550723e-01
   8.3971645e-01
   8.4385175e-01
   8.4791249e-01
   8.5189801e-01
   8.5580766e-01
   8.5964078e-01
   8.6339673e-01
   8.6707486e-01
   8.7067452e-01
   8.7419508e-01
   8.7763589e-01
   8.8099631e-01
   8.8427571e-01
   8.8747345e-01
   8.9058891e-01
   8.9362145e-01
   8.9657044e-01
   8.9943526e-01
   9.0221528e-01
   9.0490990e-01
   9.0752003e-01
   9.1004631e-01
   9.1248816e-01
   9.1484501e-01
   9.1711632e-01
   9.1930155e-01
   9.2140019e-01
   9.2341177e-01
   9.2533579e-01
   9.2717182e-01
   9.2891941e-01
   9.3057814e-01
   9.3214763e-01
   9.3362748e-01
   9.3501735e-01
   9.3631689e-01
   9.3752577e-01
   9.3864370e-01
   9.3967038e-01
   9.4060555e-01
   9.4144897e-01
   9.4220040e-01
   9.4285963e-01
   9.4342647e-01
   9.4390074e-01
   9.4428230e-01
   9.4457101e-01
   9.4476675e-01
   9.4486941e-01
   9.4487893e-01
   9.4479524e-01
   9.4461830e-01
   9.4434808e-01
   9.4398458e-01
   9.4352782e-01
   9.4297782e-01
   9.4233463e-01
   9.4159834e-01
   9.4076901e-01
   9.3984677e-01
   9.3883174e-01
   9.3772407e-01
   9.3652390e-01
   9.3523144e-01
   9.3384688e-01
   9.3237043e-01
   9.3080235e-01
   9.2914287e-01
   9.2739229e-01
   9.2555089e-01
   9.2361898e-01
   9.2159690e-01
   9.1948500e-01
   9.1728365e-01
   9.1499324e-01
   9.1261416e-01
   9.1014686e-01
   9.0759176e-01
   9.0494934e-01
   9.0222007e-01
   8.9940445e-01
   8.9650301e-01
   8.9351628e-01
   8.9044481e-01
   8.8728919e-01
   8.8405000e-01
   8.8072786e-01
   8.7732339e-01
   8.7383725e-01
   8.7027011e-01
   8.6662265e-01
   8.6289558e-01
   8.5908961e-01
   8.5520551e-01
   8.5124402e-01
   8.4720593e-01
   8.4309203e-01
   8.3890315e-01
   8.3464012e-01
   8.3030380e-01
   8.2589505e-01
   8.2141478e-01
   8.1686389e-01
   8.1224332e-01
   8.0755401e-01
   8.0279693e-01
   7.9797306e-01
   7.9308342e-01
   7.8812902e-01
   7.8311090e-01
   7.7803014e-01
   7.7288780e-01
   7.6768499e-01
   7.6242282e-01
   7.5710197e-01
   7.5171981e-01
   7.4627632e-01
   7.4077227e-01
   7.3520842e-01
   7.2958553e-01
   7.2390435e-01
   7.1816564e-01
   7.1237015e-01
   7.0651864e-01
   7.0061184e-01
   6.9465050e-01
   6.8863535e-01
   6.8256715e-01
   6.7644661e-01
   6.7027448e-01
   6.6405148e-01
   6.5777835e-01
   6.5145579e-01
   6.4508454e-01
   6.3866531e-01
   6.3219883e-01
   6.2568579e-01
   6.1912691e-01
   6.1252290e-01
   6.0587447e-01
   5.9918231e-01
   5.9244713e-01
   5.8566961e-01
   5.7885046e-01
   5.7199037e-01
   5.6509002e-01
   5.5815009e-01
   5.5117128e-01
   5.4415426e-01
   5.3709971e-01
   5.3000829e-01
   5.2288070e-01
   5.1571758e-01
   5.0851962e-01
   5.0128746e-01
   4.9402178e-01
   4.8672323e-01
   4.7939246e-01
   4.7203014e-01
   4.6463690e-01
   4.5721339e-01
   4.4976026e-01
   4.4227815e-01
   4.3476770e-01
   4.2722955e-01
   4.1966432e-01
   4.1207265e-01
   4.0445516e-01
   3.9681249e-01
   3.8914524e-01
   3.8145405e-01
   3.7373952e-01
   3.6600228e-01
   3.5824293e-01
   3.5046208e-01
   3.4266034e-01
   3.3483830e-01
   3.2699658e-01
   3.1913576e-01
   3.1125645e-01
   3.0335922e-01
   2.9544468e-01
   2.8751341e-01
   2.7956599e-01
   2.7160300e-01
   2.6362503e-01
   2.5563264e-01
   2.4762640e-01
   2.3960690e-01
   2.3157469e-01
   2.2353035e-01
   2.1547442e-01
   2.0740748e-01
   1.9933007e-01
   1.9124275e-01
   1.8314576e-01
   1.7503912e-01
   1.6692324e-01
   1.5879847e-01
   1.5066522e-01
   1.4252387e-01
   1.3437482e-01
   1.2621845e-01
   1.1805517e-01
   1.0988537e-01
   1.0170947e-01
   9.3527859e-02
   8.5340954e-02
   7.7149164e-02
   6.8952905e-02
   6.0752594e-02
   5.2548649e-02
   4.4341494e-02
   3.6131555e-02
   2.7919258e-02
   1.9705037e-02
   1.1489323e-02
   3.2725548e-03
  -4.9448295e-03
  -1.3162388e-02
  -2.1379674e-02
  -2.9596242e-02
  -3.7811640e-02
  -4.6025415e-02
  -5.4237112e-02
  -6.2446270e-02
  -7.0652430e-02
  -7.8855125e-02
  -8.7053889e-02
  -9.5248253e-02
  -1.0343774e-01
  -1.1162188e-01
  -1.1980019e-01
  -1.2797220e-01
  -1.3613741e-01
  -1.4429534e-01
  -1.5244550e-01
  -1.6058740e-01
  -1.6872055e-01
  -1.7684444e-01
  -1.8495857e-01
  -1.9306245e-01
  -2.0115556e-01
  -2.0923740e-01
  -2.1730746e-01
  -2.2536521e-01
  -2.3341015e-01
  -2.4144175e-01
  -2.4945949e-01
  -2.5746284e-01
  -2.6545129e-01
  -2.7342428e-01
  -2.8138129e-01
  -2.8932179e-01
  -2.9724524e-01
  -3.0515108e-01
  -3.1303878e-01
  -3.2090779e-01
  -3.2875756e-01
  -3.3658753e-01
  -3.4439715e-01
  -3.5218585e-01
  -3.5995309e-01
  -3.6769828e-01
  -3.7542088e-01
  -3.8312029e-01
  -3.9079596e-01
  -3.9844730e-01
  -4.0607374e-01
  -4.1367469e-01
  -4.2124958e-01
  -4.2879781e-01
  -4.3631880e-01
  -4.4381195e-01
  -4.5127666e-01
  -4.5871234e-01
  -4.6611840e-01
  -4.7349421e-01
  -4.8083918e-01
  -4.8815271e-01
  -4.9543417e-01
  -5.0268295e-01
  -5.0989843e-01
  -5.1708000e-01
  -5.2422703e-01
  -5.3133889e-01
  -5.3841496e-01
  -5.4545461e-01
  -5.5245719e-01
  -5.5942208e-01
  -5.6634863e-01
  -5.7323620e-01
  -5.8008415e-01
  -5.8689182e-01
  -5.9365857e-01
  -6.0038374e-01
  -6.0706668e-01
  -6.1370801e-01
  -6.2030790e-01
  -6.2686530e-01
  -6.3337919e-01
  -6.3984857e-01
  -6.4627242e-01
  -6.5264975e-01
  -6.5897959e-01
  -6.6526095e-01
  -6.7149287e-01
  -6.7767441e-01
  -6.8380462e-01
  -6.8988258e-01
  -6.9590735e-01
  -7.0187804e-01
  -7.0779374e-01
  -7.1365357e-01
  -7.1945664e-01
  -7.2520209e-01
  -7.3088906e-01
  -7.3651670e-01
  -7.4208418e-01
  -7.4759067e-01
  -7.5303536e-01
  -7.5841743e-01
  -7.6373610e-01
  -7.6899058e-01
  -7.7418010e-01
  -7.7930389e-01
  -7.8436119e-01
  -7.8935128e-01
  -7.9427341e-01
  -7.9912686e-01
  -8.0391093e-01
  -8.0862491e-01
  -8.1326811e-01
  -8.1783984e-01
  -8.2233945e-01
  -8.2676627e-01
  -8.3111966e-01
  -8.3539897e-01
  -8.3960358e-01
  -8.4373287e-01
  -8.4778623e-01
  -8.5176307e-01
  -8.5566279e-01
  -8.5948484e-01
  -8.6322863e-01
  -8.6689363e-01
  -8.7047927e-01
  -8.7398503e-01
  -8.7741038e-01
  -8.8075482e-01
  -8.8401783e-01
  -8.8719893e-01
  -8.9029764e-01
  -8.9331348e-01
  -8.9624600e-01
  -8.9909474e-01
  -9.0185926e-01
  -9.0453914e-01
  -9.0713395e-01
  -9.0964329e-01
  -9.1206676e-01
  -9.1440398e-01
  -9.1665455e-01
  -9.1881812e-01
  -9.2089434e-01
  -9.2288285e-01
  -9.2478332e-01
  -9.2659543e-01
  -9.2831886e-01
  -9.2995330e-01
  -9.3149847e-01
  -9.3295408e-01
  -9.3431986e-01
  -9.3559554e-01
  -9.3678087e-01
  -9.3787562e-01
  -9.3887955e-01
  -9.3979244e-01
  -9.4061408e-01
  -9.4134428e-01
  -9.4198283e-01
  -9.4252957e-01
  -9.4298432e-01
  -9.4334693e-01
  -9.4361726e-01
  -9.4379515e-01
  -9.4388049e-01
  -9.4387316e-01
  -9.4377313e-01
  -9.4358117e-01
  -9.4329755e-01
  -9.4292234e-01
  -9.4245560e-01
  -9.4189743e-01
  -9.4124792e-01
  -9.4050717e-01
  -9.3967532e-01
  -9.3875249e-01
  -9.3773884e-01
  -9.3663452e-01
  -9.3543970e-01
  -9.3415458e-01
  -9.3277934e-01
  -9.3131420e-01
  -9.2975937e-01
  -9.2811511e-01
  -9.2638164e-01
  -9.2455924e-01
  -9.2264818e-01
  -9.2064873e-01
  -9.1856120e-01
  -9.1638591e-01
  -9.1412316e-01
  -9.1177330e-01
  -9.0933667e-01
  -9.0681364e-01
  -9.0420458e-01
  -9.0150987e-01
  -8.9872992e-01
  -8.9586512e-01
  -8.9291592e-01
  -8.8988273e-01
  -8.8676601e-01
  -8.8356623e-01
  -8.8028385e-01
  -8.7691935e-01
  -8.7347325e-01
  -8.6994604e-01
  -8.6633826e-01
  -8.6265044e-01
  -8.5888312e-01
  -8.5503688e-01
  -8.5111227e-01
  -8.4710989e-01
  -8.4303034e-01
  -8.3887423e-01
  -8.3464219e-01
  -8.3033484e-01
  -8.2595283e-01
  -8.2149684e-01
  -8.1696753e-01
  -8.1236559e-01
  -8.0769172e-01
  -8.0294663e-01
  -7.9813105e-01
  -7.9324571e-01
  -7.8829135e-01
  -7.8326875e-01
  -7.7817868e-01
  -7.7302192e-01
  -7.6779928e-01
  -7.6251156e-01
  -7.5715959e-01
  -7.5174421e-01
  -7.4626626e-01
  -7.4072661e-01
  -7.3512614e-01
  -7.2946573e-01
  -7.2374627e-01
  -7.1796870e-01
  -7.1213391e-01
  -7.0624287e-01
  -7.0029651e-01
  -6.9429579e-01
  -6.8824170e-01
  -6.8213522e-01
  -6.7597735e-01
  -6.6976911e-01
  -6.6351151e-01
  -6.5720560e-01
  -6.5085242e-01
  -6.4445304e-01
  -6.3800854e-01
  -6.3152000e-01
  -6.2498853e-01
  -6.1841523e-01
  -6.1180123e-01
  -6.0514767e-01
  -5.9845570e-01
  -5.9172392e-01
  -5.8495045e-01
  -5.7813597e-01
  -5.7128113e-01
  -5.6438661e-01
  -5.5745307e-01
  -5.5048117e-01
  -5.4347157e-01
  -5.3642491e-01
  -5.2934185e-01
  -5.2222304e-01
  -5.1506911e-01
  -5.0788071e-01
  -5.0065848e-01
  -4.9340305e-01
  -4.8611504e-01
  -4.7879509e-01
  -4.7144382e-01
  -4.6406185e-01
  -4.5664980e-01
  -4.4920828e-01
  -4.4173790e-01
  -4.3423927e-01
  -4.2671300e-01
  -4.1915968e-01
  -4.1157992e-01
  -4.0397431e-01
  -3.9634343e-01
  -3.8868788e-01
  -3.8100825e-01
  -3.7330511e-01
  -3.6557904e-01
  -3.5783063e-01
  -3.5006043e-01
  -3.4226902e-01
  -3.3445696e-01
  -3.2662483e-01
  -3.1877316e-01
  -3.1090253e-01
  -3.0301349e-01
  -2.9510657e-01
  -2.8718234e-01
  -2.7924132e-01
  -2.7128407e-01
  -2.6331111e-01
  -2.5532299e-01
  -2.4732023e-01
  -2.3930335e-01
  -2.3127288e-01
  -2.2322935e-01
  -2.1517326e-01
  -2.0710513e-01
  -1.9902547e-01
  -1.9093479e-01
  -1.8283359e-01
  -1.7472238e-01
  -1.6660164e-01
  -1.5847188e-01
  -1.5033359e-01
  -1.4218724e-01
  -1.3403334e-01
  -1.2587235e-01
  -1.1770475e-01
  -1.0953103e-01
  -1.0135165e-01
  -9.3167080e-02
  -8.4977785e-02
  -7.6784226e-02
  -6.8586862e-02
  -6.0386149e-02
  -5.2182538e-02
  -4.3976478e-02
  -3.5768414e-02
  -2.7558789e-02
  -1.9348042e-02
  -1.1136608e-02
  -2.9249195e-03
   5.2865936e-03
   1.3497506e-02
   2.1707394e-02
   2.9915839e-02
   3.8122424e-02
   4.6326737e-02
   5.4528367e-02
   6.2726931e-02
   7.0922505e-02
   7.9114839e-02
   8.7303474e-02
   9.5487947e-02
   1.0366779e-01
   1.1184253e-01
   1.2001171e-01
   1.2817483e-01
   1.3633142e-01
   1.4448100e-01
   1.5262308e-01
   1.6075717e-01
   1.6888278e-01
   1.7699940e-01
   1.8510654e-01
   1.9320369e-01
   2.0129035e-01
   2.0936600e-01
   2.1743014e-01
   2.2548223e-01
   2.3352177e-01
   2.4154822e-01
   2.4956107e-01
   2.5755977e-01
   2.6554379e-01
   2.7351260e-01
   2.8146565e-01
   2.8940240e-01
   2.9732230e-01
   3.0522479e-01
   3.1310933e-01
   3.2097535e-01
   3.2882229e-01
   3.3664959e-01
   3.4445667e-01
   3.5224297e-01
   3.6000791e-01
   3.6775091e-01
   3.7547138e-01
   3.8316874e-01
   3.9084241e-01
   3.9849179e-01
   4.0611628e-01
   4.1371528e-01
   4.2128819e-01
   4.2883440e-01
   4.3635331e-01
   4.4384430e-01
   4.5130675e-01
   4.5874005e-01
   4.6614356e-01
   4.7351667e-01
   4.8085875e-01
   4.8816915e-01
   4.9544724e-01
   5.0269238e-01
   5.0990394e-01
   5.1708125e-01
   5.2422367e-01
   5.3133055e-01
   5.3840122e-01
   5.4543503e-01
   5.5243132e-01
   5.5938940e-01
   5.6630862e-01
   5.7318830e-01
   5.8002776e-01
   5.8682632e-01
   5.9358329e-01
   6.0029798e-01
   6.0696971e-01
   6.1359778e-01
   6.2018149e-01
   6.2672014e-01
   6.3321302e-01
   6.3965943e-01
   6.4605864e-01
   6.5240995e-01
   6.5871264e-01
   6.6496599e-01
   6.7116926e-01
   6.7732174e-01
   6.8342268e-01
   6.8947135e-01
   6.9546701e-01
   7.0140892e-01
   7.0729634e-01
   7.1312850e-01
   7.1890467e-01
   7.2462408e-01
   7.3028597e-01
   7.3588959e-01
   7.4143415e-01
   7.4691890e-01
   7.5234306e-01
   7.5770585e-01
   7.6300649e-01
   7.6824421e-01
   7.7341820e-01
   7.7852768e-01
   7.8357186e-01
   7.8855025e-01
   7.9346467e-01
   7.9831471e-01
   8.0309934e-01
   8.0781758e-01
   8.1246844e-01
   8.1705097e-01
   8.2156423e-01
   8.2600729e-01
   8.3037924e-01
   8.3467921e-01
   8.3890632e-01
   8.4305972e-01
   8.4713858e-01
   8.5114209e-01
   8.5506946e-01
   8.5891989e-01
   8.6269264e-01
   8.6638696e-01
   8.7000214e-01
   8.7353746e-01
   8.7699224e-01
   8.8036581e-01
   8.8365753e-01
   8.8686676e-01
   8.8999288e-01
   8.9303530e-01
   8.9599345e-01
   8.9886677e-01
   9.0165471e-01
   9.0435675e-01
   9.0697240e-01
   9.0950115e-01
   9.1194255e-01
   9.1429615e-01
   9.1656151e-01
   9.1873822e-01
   9.2082589e-01
   9.2282413e-01
   9.2473260e-01
   9.2655095e-01
   9.2827885e-01
   9.2991601e-01
   9.3146214e-01
   9.3291697e-01
   9.3428025e-01
   9.3555175e-01
   9.3673126e-01
   9.3781858e-01
   9.3881354e-01
   9.3971598e-01
   9.4052576e-01
   9.4124276e-01
   9.4186686e-01
   9.4239800e-01
   9.4283610e-01
   9.4318111e-01
   9.4343300e-01
   9.4359175e-01
   9.4365739e-01
   9.4362992e-01
   9.4350939e-01
   9.4329586e-01
   9.4298941e-01
   9.4259014e-01
   9.4209816e-01
   9.4151360e-01
   9.4083661e-01
   9.4006737e-01
   9.3920607e-01
   9.3825290e-01
   9.3720810e-01
   9.3607190e-01
   9.3484456e-01
   9.3352637e-01
   9.3211762e-01
   9.3061863e-01
   9.2902973e-01
   9.2735127e-01
   9.2558363e-01
   9.2372718e-01
   9.2178234e-01
   9.1974953e-01
   9.1762919e-01
   9.1542179e-01
   9.1312780e-01
   9.1074772e-01
   9.0828207e-01
   9.0573138e-01
   9.0309620e-01
   9.0037711e-01
   8.9757468e-01
   8.9468953e-01
   8.9172228e-01
   8.8867358e-01
   8.8554409e-01
   8.8233393e-01
   8.7904236e-01
   8.7566993e-01
   8.7221727e-01
   8.6868498e-01
   8.6507369e-01
   8.6138403e-01
   8.5761663e-01
   8.5377211e-01
   8.4985111e-01
   8.4585427e-01
   8.4178222e-01
   8.3763561e-01
   8.3341508e-01
   8.2912128e-01
   8.2475485e-01
   8.2031646e-01
   8.1580675e-01
   8.1122639e-01
   8.0657604e-01
   8.0185635e-01
   7.9706800e-01
   7.9221165e-01
   7.8728799e-01
   7.8229767e-01
   7.7724138e-01
   7.7211980e-01
   7.6693362e-01
   7.6168351e-01
   7.5637017e-01
   7.5099429e-01
   7.4555656e-01
   7.4005767e-01
   7.3449834e-01
   7.2887925e-01
   7.2320112e-01
   7.1746465e-01
   7.1167056e-01
   7.0581954e-01
   6.9991234e-01
   6.9394965e-01
   6.8793220e-01
   6.8186072e-01
   6.7573593e-01
   6.6955856e-01
   6.6332935e-01
   6.5704903e-01
   6.5071833e-01
   6.4433800e-01
   6.3790879e-01
   6.3143143e-01
   6.2490668e-01
   6.1833528e-01
   6.1171800e-01
   6.0505558e-01
   5.9834880e-01
   5.9159840e-01
   5.8480516e-01
   5.7796985e-01
   5.7109323e-01
   5.6417608e-01
   5.5721917e-01
   5.5022329e-01
   5.4318922e-01
   5.3611773e-01
   5.2900962e-01
   5.2186568e-01
   5.1468670e-01
   5.0747347e-01
   5.0022680e-01
   4.9294748e-01
   4.8563632e-01
   4.7829412e-01
   4.7092170e-01
   4.6351986e-01
   4.5608943e-01
   4.4863121e-01
   4.4114603e-01
   4.3363471e-01
   4.2609807e-01
   4.1853695e-01
   4.1095218e-01
   4.0334459e-01
   3.9571501e-01
   3.8806372e-01
   3.8038949e-01
   3.7269263e-01
   3.6497364e-01
   3.5723302e-01
   3.4947123e-01
   3.4168878e-01
   3.3388614e-01
   3.2606381e-01
   3.1822227e-01
   3.1036200e-01
   3.0248349e-01
   2.9458723e-01
   2.8667369e-01
   2.7874337e-01
   2.7079675e-01
   2.6283431e-01
   2.5485653e-01
   2.4686390e-01
   2.3885689e-01
   2.3083600e-01
   2.2280169e-01
   2.1475447e-01
   2.0669479e-01
   1.9862315e-01
   1.9054003e-01
   1.8244590e-01
   1.7434124e-01
   1.6622654e-01
   1.5810227e-01
   1.4996892e-01
   1.4182695e-01
   1.3367685e-01
   1.2551909e-01
   1.1735416e-01
   1.0918252e-01
   1.0100466e-01
   9.2821048e-02
   8.4632164e-02
   7.6438482e-02
   6.8240477e-02
   6.0038624e-02
   5.1833396e-02
   4.3625269e-02
   3.5414715e-02
   2.7202208e-02
   1.8988221e-02
   1.0773226e-02
   2.5576963e-03
  -5.6578971e-03
  -1.3873082e-02
  -2.2087388e-02
  -3.0300344e-02
  -3.8511479e-02
  -4.6720324e-02
  -5.4926407e-02
  -6.3129261e-02
  -7.1328415e-02
  -7.9523402e-02
  -8.7713752e-02
  -9.5898997e-02
  -1.0407867e-01
  -1.1225230e-01
  -1.2041943e-01
  -1.2857959e-01
  -1.3673230e-01
  -1.4487711e-01
  -1.5301355e-01
  -1.6114115e-01
  -1.6925945e-01
  -1.7736798e-01
  -1.8546629e-01
  -1.9355389e-01
  -2.0163035e-01
  -2.0969518e-01
  -2.1774792e-01
  -2.2578812e-01
  -2.3381532e-01
  -2.4182904e-01
  -2.4982883e-01
  -2.5781423e-01
  -2.6578477e-01
  -2.7374000e-01
  -2.8167946e-01
  -2.8960268e-01
  -2.9750921e-01
  -3.0539859e-01
  -3.1327035e-01
  -3.2112405e-01
  -3.2895922e-01
  -3.3677540e-01
  -3.4457215e-01
  -3.5234899e-01
  -3.6010587e-01
  -3.6784244e-01
  -3.7555801e-01
  -3.8325186e-01
  -3.9092329e-01
  -3.9857161e-01
  -4.0619610e-01
  -4.1379606e-01
  -4.2137079e-01
  -4.2891959e-01
  -4.3644174e-01
  -4.4393655e-01
  -4.5140331e-01
  -4.5884132e-01
  -4.6624986e-01
  -4.7362825e-01
  -4.8097576e-01
  -4.8829170e-01
  -4.9557535e-01
  -5.0282602e-01
  -5.1004300e-01
  -5.1722559e-01
  -5.2437307e-01
  -5.3148473e-01
  -5.3855989e-01
  -5.4559782e-01
  -5.5259782e-01
  -5.5955919e-01
  -5.6648121e-01
  -5.7336319e-01
  -5.8020440e-01
  -5.8700416e-01
  -5.9376174e-01
  -6.0047645e-01
  -6.0714756e-01
  -6.1377439e-01
  -6.2035621e-01
  -6.2689232e-01
  -6.3338201e-01
  -6.3982458e-01
  -6.4621931e-01
  -6.5256550e-01
  -6.5886243e-01
  -6.6510940e-01
  -6.7130570e-01
  -6.7745063e-01
  -6.8354346e-01
  -6.8958349e-01
  -6.9557002e-01
  -7.0150232e-01
  -7.0737970e-01
  -7.1320145e-01
  -7.1896684e-01
  -7.2467517e-01
  -7.3032574e-01
  -7.3591783e-01
  -7.4145072e-01
  -7.4692372e-01
  -7.5233610e-01
  -7.5768716e-01
  -7.6297619e-01
  -7.6820247e-01
  -7.7336529e-01
  -7.7846394e-01
  -7.8349772e-01
  -7.8846590e-01
  -7.9336777e-01
  -7.9820263e-01
  -8.0296976e-01
  -8.0766844e-01
  -8.1229797e-01
  -8.1685764e-01
  -8.2134672e-01
  -8.2576451e-01
  -8.3011030e-01
  -8.3438336e-01
  -8.3858299e-01
  -8.4270847e-01
  -8.4675910e-01
  -8.5073414e-01
  -8.5463290e-01
  -8.5845466e-01
  -8.6219870e-01
  -8.6586430e-01
  -8.6945076e-01
  -8.7295740e-01
  -8.7638549e-01
  -8.7973540e-01
  -8.8300636e-01
  -8.8619763e-01
  -8.8930848e-01
  -8.9233822e-01
  -8.9528616e-01
  -8.9815163e-01
  -9.0093399e-01
  -9.0363261e-01
  -9.0624689e-01
  -9.0877624e-01
  -9.1122009e-01
  -9.1357789e-01
  -9.1584911e-01
  -9.1803324e-01
  -9.2012979e-01
  -9.2213829e-01
  -9.2405829e-01
  -9.2588935e-01
  -9.2763106e-01
  -9.2928303e-01
  -9.3084488e-01
  -9.3231625e-01
  -9.3369681e-01
  -9.3498625e-01
  -9.3618426e-01
  -9.3729056e-01
  -9.3830490e-01
  -9.3922704e-01
  -9.4005675e-01
  -9.4079384e-01
  -9.4143812e-01
  -9.4198944e-01
  -9.4244764e-01
  -9.4281260e-01
  -9.4308423e-01
  -9.4326243e-01
  -9.4334714e-01
  -9.4333831e-01
  -9.4323591e-01
  -9.4303994e-01
  -9.4275041e-01
  -9.4236735e-01
  -9.4189081e-01
  -9.4132086e-01
  -9.4065758e-01
  -9.3990109e-01
  -9.3905151e-01
  -9.3810899e-01
  -9.3707369e-01
  -9.3594581e-01
  -9.3472554e-01
  -9.3341311e-01
  -9.3200876e-01
  -9.3051276e-01
  -9.2892538e-01
  -9.2724693e-01
  -9.2547773e-01
  -9.2361812e-01
  -9.2166845e-01
  -9.1962911e-01
  -9.1750050e-01
  -9.1528302e-01
  -9.1297713e-01
  -9.1058326e-01
  -9.0810191e-01
  -9.0553356e-01
  -9.0287872e-01
  -9.0013793e-01
  -8.9731175e-01
  -8.9440074e-01
  -8.9140549e-01
  -8.8832662e-01
  -8.8516475e-01
  -8.8192054e-01
  -8.7859465e-01
  -8.7518776e-01
  -8.7170060e-01
  -8.6813387e-01
  -8.6448834e-01
  -8.6076476e-01
  -8.5696391e-01
  -8.5308661e-01
  -8.4913367e-01
  -8.4510594e-01
  -8.4100427e-01
  -8.3682955e-01
  -8.3258268e-01
  -8.2826458e-01
  -8.2387619e-01
  -8.1941846e-01
  -8.1489237e-01
  -8.1029892e-01
  -8.0563913e-01
  -8.0091277e-01
  -7.9611791e-01
  -7.9125518e-01
  -7.8632533e-01
  -7.8132913e-01
  -7.7626732e-01
  -7.7114065e-01
  -7.6594986e-01
  -7.6069571e-01
  -7.5537892e-01
  -7.5000026e-01
  -7.4456044e-01
  -7.3906023e-01
  -7.3350034e-01
  -7.2788153e-01
  -7.2220451e-01
  -7.1647003e-01
  -7.1067882e-01
  -7.0483160e-01
  -6.9892910e-01
  -6.9297205e-01
  -6.8696118e-01
  -6.8089720e-01
  -6.7478085e-01
  -6.6861283e-01
  -6.6239387e-01
  -6.5612469e-01
  -6.4980599e-01
  -6.4343850e-01
  -6.3702293e-01
  -6.3055998e-01
  -6.2405037e-01
  -6.1749481e-01
  -6.1089399e-01
  -6.0424863e-01
  -5.9755943e-01
  -5.9082708e-01
  -5.8405230e-01
  -5.7723577e-01
  -5.7037820e-01
  -5.6348027e-01
  -5.5654269e-01
  -5.4956614e-01
  -5.4255132e-01
  -5.3549891e-01
  -5.2840960e-01
  -5.2128409e-01
  -5.1412304e-01
  -5.0692714e-01
  -4.9969709e-01
  -4.9243354e-01
  -4.8513719e-01
  -4.7780871e-01
  -4.7044878e-01
  -4.6305806e-01
  -4.5563723e-01
  -4.4818696e-01
  -4.4070792e-01
  -4.3320078e-01
  -4.2566620e-01
  -4.1810484e-01
  -4.1051736e-01
  -4.0290444e-01
  -3.9526673e-01
  -3.8760488e-01
  -3.7991955e-01
  -3.7221139e-01
  -3.6448107e-01
  -3.5672923e-01
  -3.4895651e-01
  -3.4116358e-01
  -3.3335107e-01
  -3.2551964e-01
  -3.1766991e-01
  -3.0980255e-01
  -3.0191818e-01
  -2.9401745e-01
  -2.8610099e-01
  -2.7816945e-01
  -2.7022336e-01
  -2.6226258e-01
  -2.5428737e-01
  -2.4629815e-01
  -2.3829533e-01
  -2.3027931e-01
  -2.2225052e-01
  -2.1420937e-01
  -2.0615628e-01
  -1.9809166e-01
  -1.9001595e-01
  -1.8192955e-01
  -1.7383290e-01
  -1.6572642e-01
  -1.5761054e-01
  -1.4948570e-01
  -1.4135231e-01
  -1.3321082e-01
  -1.2506165e-01
  -1.1690525e-01
  -1.0874206e-01
  -1.0057251e-01
  -9.2397038e-02
  -8.4216098e-02
  -7.6030132e-02
  -6.7839585e-02
  -5.9644906e-02
  -5.1446545e-02
  -4.3244953e-02
  -3.5040584e-02
  -2.6833893e-02
  -1.8625336e-02
  -1.0415373e-02
  -2.2044625e-03
   6.0069328e-03
   1.4218349e-02
   2.2429322e-02
   3.0639385e-02
   3.8848068e-02
   4.7054901e-02
   5.5259413e-02
   6.3461130e-02
   7.1659576e-02
   7.9854274e-02
   8.8044746e-02
   9.6230512e-02
   1.0441109e-01
   1.1258599e-01
   1.2075474e-01
   1.2891684e-01
   1.3707180e-01
   1.4521914e-01
   1.5335836e-01
   1.6148898e-01
   1.6961048e-01
   1.7772238e-01
   1.8582418e-01
   1.9391537e-01
   2.0199545e-01
   2.1006393e-01
   2.1812029e-01
   2.2616402e-01
   2.3419462e-01
   2.4221158e-01
   2.5021438e-01
   2.5820251e-01
   2.6617545e-01
   2.7413269e-01
   2.8207370e-01
   2.8999796e-01
   2.9790496e-01
   3.0579417e-01
   3.1366506e-01
   3.2151710e-01
   3.2934976e-01
   3.3716252e-01
   3.4495484e-01
   3.5272618e-01
   3.6047602e-01
   3.6820380e-01
   3.7590899e-01
   3.8359106e-01
   3.9124945e-01
   3.9888362e-01
   4.0649303e-01
   4.1407713e-01
   4.2163536e-01
   4.2916718e-01
   4.3667203e-01
   4.4414936e-01
   4.5159861e-01
   4.5901923e-01
   4.6641065e-01
   4.7377231e-01
   4.8110364e-01
   4.8840409e-01
   4.9567309e-01
   5.0291006e-01
   5.1011445e-01
   5.1728609e-01
   5.2442540e-01
   5.3153154e-01
   5.3860357e-01
   5.4564060e-01
   5.5264170e-01
   5.5960600e-01
   5.6653258e-01
   5.7342056e-01
   5.8026907e-01
   5.8707722e-01
   5.9384414e-01
   6.0056897e-01
   6.0725086e-01
   6.1388894e-01
   6.2048237e-01
   6.2703032e-01
   6.3353194e-01
   6.3998641e-01
   6.4639290e-01
   6.5275059e-01
   6.5905868e-01
   6.6531637e-01
   6.7152284e-01
   6.7767730e-01
   6.8377897e-01
   6.8982707e-01
   6.9582082e-01
   7.0175945e-01
   7.0764219e-01
   7.1346829e-01
   7.1923699e-01
   7.2494755e-01
   7.3059923e-01
   7.3619129e-01
   7.4172300e-01
   7.4719364e-01
   7.5260249e-01
   7.5794884e-01
   7.6323198e-01
   7.6845122e-01
   7.7360587e-01
   7.7869522e-01
   7.8371861e-01
   7.8867535e-01
   7.9356478e-01
   7.9838622e-01
   8.0313903e-01
   8.0782255e-01
   8.1243614e-01
   8.1697914e-01
   8.2145093e-01
   8.2585088e-01
   8.3017837e-01
   8.3443277e-01
   8.3861348e-01
   8.4271989e-01
   8.4675140e-01
   8.5070742e-01
   8.5458735e-01
   8.5839063e-01
   8.6211667e-01
   8.6576489e-01
   8.6933475e-01
   8.7282567e-01
   8.7623711e-01
   8.7956852e-01
   8.8281936e-01
   8.8598909e-01
   8.8907718e-01
   8.9208312e-01
   8.9500638e-01
   8.9784645e-01
   9.0060283e-01
   9.0327502e-01
   9.0586252e-01
   9.0836485e-01
   9.1078153e-01
   9.1311207e-01
   9.1535600e-01
   9.1751288e-01
   9.1958222e-01
   9.2156359e-01
   9.2345654e-01
   9.2526062e-01
   9.2697540e-01
   9.2860045e-01
   9.3013536e-01
   9.3157969e-01
   9.3293349e-01
   9.3419794e-01
   9.3537286e-01
   9.3645798e-01
   9.3745304e-01
   9.3835780e-01
   9.3917204e-01
   9.3989555e-01
   9.4052813e-01
   9.4106961e-01
   9.4151983e-01
   9.4187865e-01
   9.4214593e-01
   9.4232158e-01
   9.4240548e-01
   9.4239758e-01
   9.4229780e-01
   9.4210610e-01
   9.4182246e-01
   9.4144685e-01
   9.4097929e-01
   9.4041979e-01
   9.3976839e-01
   9.3902515e-01
   9.3819012e-01
   9.3726341e-01
   9.3624511e-01
   9.3513534e-01
   9.3393424e-01
   9.3264195e-01
   9.3125864e-01
   9.2978451e-01
   9.2821974e-01
   9.2656456e-01
   9.2481919e-01
   9.2298390e-01
   9.2105894e-01
   9.1904459e-01
   9.1694116e-01
   9.1474895e-01
   9.1246831e-01
   9.1009958e-01
   9.0764312e-01
   9.0509931e-01
   9.0246856e-01
   8.9975126e-01
   8.9694786e-01
   8.9405879e-01
   8.9108453e-01
   8.8802555e-01
   8.8488233e-01
   8.8165541e-01
   8.7834530e-01
   8.7495254e-01
   8.7147770e-01
   8.6792136e-01
   8.6428410e-01
   8.6056654e-01
   8.5676930e-01
   8.5289303e-01
   8.4893838e-01
   8.4490603e-01
   8.4079667e-01
   8.3661100e-01
   8.3234976e-01
   8.2801368e-01
   8.2360351e-01
   8.1912004e-01
   8.1456405e-01
   8.0993635e-01
   8.0523775e-01
   8.0046910e-01
   7.9563126e-01
   7.9072509e-01
   7.8575148e-01
   7.8071133e-01
   7.7560557e-01
   7.7043514e-01
   7.6520098e-01
   7.5990406e-01
   7.5454538e-01
   7.4912593e-01
   7.4364673e-01
   7.3810881e-01
   7.3251324e-01
   7.2686107e-01
   7.2115339e-01
   7.1539130e-01
   7.0957592e-01
   7.0370837e-01
   6.9778982e-01
   6.9182142e-01
   6.8580436e-01
   6.7973799e-01
   6.7361973e-01
   6.6745022e-01
   6.6123021e-01
   6.5496041e-01
   6.4864157e-01
   6.4227440e-01
   6.3585963e-01
   6.2939797e-01
   6.2289013e-01
   6.1633683e-01
   6.0973878e-01
   6.0309668e-01
   5.9641122e-01
   5.8968310e-01
   5.8291303e-01
   5.7610168e-01
   5.6924974e-01
   5.6235790e-01
   5.5542684e-01
   5.4845723e-01
   5.4144974e-01
   5.3440505e-01
   5.2732381e-01
   5.2020670e-01
   5.1305436e-01
   5.0586746e-01
   4.9864665e-01
   4.9139257e-01
   4.8410587e-01
   4.7678719e-01
   4.6943717e-01
   4.6205644e-01
   4.5464564e-01
   4.4720539e-01
   4.3973632e-01
   4.3223904e-01
   4.2471418e-01
   4.1716235e-01
   4.0958415e-01
   4.0198020e-01
   3.9435110e-01
   3.8669745e-01
   3.7901984e-01
   3.7131887e-01
   3.6359512e-01
   3.5584920e-01
   3.4808166e-01
   3.4029311e-01
   3.3248410e-01
   3.2465522e-01
   3.1680703e-01
   3.0894010e-01
   3.0105499e-01
   2.9315226e-01
   2.8523247e-01
   2.7729615e-01
   2.6934388e-01
   2.6137618e-01
   2.5339360e-01
   2.4539667e-01
   2.3738594e-01
   2.2936194e-01
   2.2132518e-01
   2.1327620e-01
   2.0521551e-01
   1.9714363e-01
   1.8906108e-01
   1.8096836e-01
   1.7286599e-01
   1.6475446e-01
   1.5663428e-01
   1.4850594e-01
   1.4036993e-01
   1.3222675e-01
   1.2407688e-01
   1.1592080e-01
   1.0775900e-01
   9.9591941e-02
   9.1420102e-02
   8.3243953e-02
   7.5063957e-02
   6.6880480e-02
   5.8693499e-02
   5.0503348e-02
   4.2310422e-02
   3.4115118e-02
   2.5917839e-02
   1.7718989e-02
   9.5189785e-03
   1.3182189e-03
  -6.8828735e-03
  -1.5083879e-02
  -2.3284376e-02
  -3.1483935e-02
  -3.9682129e-02
  -4.7878522e-02
  -5.6072678e-02
  -6.4264155e-02
  -7.2452510e-02
  -8.0637294e-02
  -8.8818056e-02
  -9.6994341e-02
  -1.0516569e-01
  -1.1333164e-01
  -1.2149173e-01
  -1.2964548e-01
  -1.3779243e-01
  -1.4593210e-01
  -1.5406400e-01
  -1.6218766e-01
  -1.7030259e-01
  -1.7840829e-01
  -1.8650428e-01
  -1.9459005e-01
  -2.0266510e-01
  -2.1072894e-01
  -2.1878104e-01
  -2.2682091e-01
  -2.3484801e-01
  -2.4286184e-01
  -2.5086188e-01
  -2.5884759e-01
  -2.6681844e-01
  -2.7477391e-01
  -2.8271345e-01
  -2.9063653e-01
  -2.9854260e-01
  -3.0643112e-01
  -3.1430153e-01
  -3.2215327e-01
  -3.2998580e-01
  -3.3779855e-01
  -3.4559095e-01
  -3.5336244e-01
  -3.6111244e-01
  -3.6884038e-01
  -3.7654567e-01
  -3.8422774e-01
  -3.9188600e-01
  -3.9951985e-01
  -4.0712871e-01
  -4.1471198e-01
  -4.2226905e-01
  -4.2979933e-01
  -4.3730220e-01
  -4.4477705e-01
  -4.5222327e-01
  -4.5964025e-01
  -4.6702734e-01
  -4.7438395e-01
  -4.8170942e-01
  -4.8900313e-01
  -4.9626445e-01
  -5.0349273e-01
  -5.1068734e-01
  -5.1784761e-01
  -5.2497291e-01
  -5.3206258e-01
  -5.3911596e-01
  -5.4613239e-01
  -5.5311121e-01
  -5.6005175e-01
  -5.6695333e-01
  -5.7381528e-01
  -5.8063692e-01
  -5.8741757e-01
  -5.9415655e-01
  -6.0085316e-01
  -6.0750671e-01
  -6.1411650e-01
  -6.2068184e-01
  -6.2720202e-01
  -6.3367633e-01
  -6.4010406e-01
  -6.4648450e-01
  -6.5281692e-01
  -6.5910062e-01
  -6.6533486e-01
  -6.7151891e-01
  -6.7765205e-01
  -6.8373353e-01
  -6.8976261e-01
  -6.9573856e-01
  -7.0166063e-01
  -7.0752807e-01
  -7.1334012e-01
  -7.1909604e-01
  -7.2479691e-01
  -7.3044310e-01
  -7.3603353e-01
  -7.4156714e-01
  -7.4704289e-01
  -7.5245975e-01
  -7.5781670e-01
  -7.6311274e-01
  -7.6834690e-01
  -7.7351821e-01
  -7.7862572e-01
  -7.8366848e-01
  -7.8864560e-01
  -7.9355615e-01
  -7.9839925e-01
  -8.0317404e-01
  -8.0787965e-01
  -8.1251525e-01
  -8.1708000e-01
  -8.2157311e-01
  -8.2599378e-01
  -8.3034123e-01
  -8.3461470e-01
  -8.3881345e-01
  -8.4293673e-01
  -8.4698385e-01
  -8.5095410e-01
  -8.5484680e-01
  -8.5866128e-01
  -8.6239689e-01
  -8.6605299e-01
  -8.6962897e-01
  -8.7312422e-01
  -8.7653816e-01
  -8.7987020e-01
  -8.8311979e-01
  -8.8628640e-01
  -8.8936950e-01
  -8.9236857e-01
  -8.9528312e-01
  -8.9811268e-01
  -9.0085678e-01
  -9.0351498e-01
  -9.0608684e-01
  -9.0857196e-01
  -9.1096992e-01
  -9.1328035e-01
  -9.1550288e-01
  -9.1763715e-01
  -9.1968284e-01
  -9.2163961e-01
  -9.2350717e-01
  -9.2528523e-01
  -9.2697351e-01
  -9.2857175e-01
  -9.3007972e-01
  -9.3149718e-01
  -9.3282392e-01
  -9.3405976e-01
  -9.3520451e-01
  -9.3625801e-01
  -9.3722011e-01
  -9.3809068e-01
  -9.3886960e-01
  -9.3955678e-01
  -9.4015212e-01
  -9.4065557e-01
  -9.4106706e-01
  -9.4138656e-01
  -9.4161405e-01
  -9.4174952e-01
  -9.4179299e-01
  -9.4174447e-01
  -9.4160401e-01
  -9.4137167e-01
  -9.4104752e-01
  -9.4063164e-01
  -9.4012415e-01
  -9.3952516e-01
  -9.3883481e-01
  -9.3805325e-01
  -9.3718065e-01
  -9.3621719e-01
  -9.3516307e-01
  -9.3401850e-01
  -9.3278372e-01
  -9.3145897e-01
  -9.3004451e-01
  -9.2854062e-01
  -9.2694760e-01
  -9.2526575e-01
  -9.2349539e-01
  -9.2163687e-01
  -9.1969055e-01
  -9.1765656e-01
  -9.1553464e-01
  -9.1332520e-01
  -9.1102870e-01
  -9.0864559e-01
  -9.0617635e-01
  -9.0362145e-01
  -9.0098138e-01
  -8.9825663e-01
  -8.9544768e-01
  -8.9255506e-01
  -8.8957926e-01
  -8.8652080e-01
  -8.8338021e-01
  -8.8015801e-01
  -8.7685475e-01
  -8.7347095e-01
  -8.7000718e-01
  -8.6646399e-01
  -8.6284194e-01
  -8.5914160e-01
  -8.5536354e-01
  -8.5150836e-01
  -8.4757664e-01
  -8.4356897e-01
  -8.3948595e-01
  -8.3532821e-01
  -8.3109634e-01
  -8.2679098e-01
  -8.2241276e-01
  -8.1796231e-01
  -8.1344026e-01
  -8.0884728e-01
  -8.0418402e-01
  -7.9945113e-01
  -7.9464930e-01
  -7.8977918e-01
  -7.8484148e-01
  -7.7983687e-01
  -7.7476604e-01
  -7.6962972e-01
  -7.6442859e-01
  -7.5916338e-01
  -7.5383481e-01
  -7.4844361e-01
  -7.4299051e-01
  -7.3747626e-01
  -7.3190160e-01
  -7.2626729e-01
  -7.2057409e-01
  -7.1482277e-01
  -7.0901411e-01
  -7.0314888e-01
  -6.9722788e-01
  -6.9125190e-01
  -6.8522174e-01
  -6.7913822e-01
  -6.7300214e-01
  -6.6681432e-01
  -6.6057560e-01
  -6.5428682e-01
  -6.4794880e-01
  -6.4156241e-01
  -6.3512849e-01
  -6.2864791e-01
  -6.2212154e-01
  -6.1555024e-01
  -6.0893491e-01
  -6.0227643e-01
  -5.9557569e-01
  -5.8883360e-01
  -5.8205106e-01
  -5.7522899e-01
  -5.6836832e-01
  -5.6146996e-01
  -5.5453485e-01
