  -1.3205497e+00
  -1.6410994e+00
  -7.6094225e-01
   1.0868900e+00
   3.2616643e+00
   4.9293111e+00
   5.3867952e+00
   4.3567281e+00
   2.1167233e+00
  -6.0090491e-01
  -2.8989743e+00
  -4.0678824e+00
  -3.8473814e+00
  -2.4906091e+00
  -6.1778596e-01
   1.0580771e+00
   2.0019234e+00
   2.0098296e+00
   1.2007660e+00
  -1.1419481e-01
  -1.5947670e+00
  -2.9793442e+00
  -4.1012685e+00
  -4.8409444e+00
  -5.0798955e+00
  -4.7138583e+00
  -3.7325746e+00
  -2.3160709e+00
  -8.6870899e-01
   6.5645502e-02
