   1.3932022e+01
   1.2080833e+01
   1.0495527e+01
   9.0234447e+00
   7.7209456e+00
   6.6963805e+00
   5.9825167e+00
   5.5118799e+00
   5.1811822e+00
   4.9156971e+00
   4.6821782e+00
   4.4714465e+00
   4.2813781e+00
   4.1098167e+00
   3.9539559e+00
   3.8112883e+00
   3.6800002e+00
   3.5587816e+00
   3.4465231e+00
   3.3421424e+00
   3.2445440e+00
   3.1526476e+00
   3.0654378e+00
   2.9820143e+00
   2.9016304e+00
   2.8237118e+00
   2.7478501e+00
   2.6737747e+00
   2.6013119e+00
   2.5303450e+00
   2.4607827e+00
   2.3925866e+00
   2.3257365e+00
   2.2602281e+00
   2.1960659e+00
   2.1332589e+00
   2.0718177e+00
   2.0117522e+00
   1.9530704e+00
   1.8957772e+00
   1.8398744e+00
   1.7853603e+00
   1.7322297e+00
   1.6804742e+00
   1.6300822e+00
   1.5810395e+00
   1.5333293e+00
   1.4869326e+00
   1.4418286e+00
   1.3979950e+00
   1.3554079e+00
   1.3140425e+00
   1.2738733e+00
   1.2348738e+00
   1.1970172e+00
   1.1602765e+00
   1.1246244e+00
   1.0900335e+00
   1.0564766e+00
   1.0239265e+00
   9.9235634e-01
   9.6173954e-01
   9.3204983e-01
   9.0326136e-01
   8.7534871e-01
   8.4828694e-01
   8.2205159e-01
   7.9661873e-01
   7.7196494e-01
   7.4806734e-01
   7.2490361e-01
   7.0245197e-01
   6.8069117e-01
   6.5960055e-01
   6.3915997e-01
   6.1934982e-01
   6.0015105e-01
   5.8154512e-01
   5.6351402e-01
   5.4604025e-01
   5.2910679e-01
   5.1269714e-01
   4.9679526e-01
   4.8138559e-01
   4.6645301e-01
   4.5198288e-01
   4.3796097e-01
   4.2437347e-01
   4.1120702e-01
   3.9844861e-01
   3.8608567e-01
   3.7410598e-01
   3.6249772e-01
   3.5124939e-01
   3.4034987e-01
   3.2978838e-01
   3.1955446e-01
   3.0963796e-01
   3.0002906e-01
   2.9071824e-01
   2.8169627e-01
   2.7295419e-01
   2.6448334e-01
   2.5627530e-01
   2.4832194e-01
   2.4061535e-01
   2.3314790e-01
   2.2591215e-01
   2.1890094e-01
   2.1210729e-01
   2.0552445e-01
   1.9914590e-01
   1.9296529e-01
   1.8697648e-01
   1.8117352e-01
   1.7555065e-01
   1.7010228e-01
   1.6482300e-01
   1.5970755e-01
   1.5475086e-01
   1.4994800e-01
   1.4529419e-01
   1.4078482e-01
   1.3641540e-01
   1.3218158e-01
   1.2807916e-01
   1.2410406e-01
   1.2025233e-01
   1.1652015e-01
   1.1290379e-01
   1.0939967e-01
   1.0600430e-01
   1.0271432e-01
   9.9526438e-02
   9.6437498e-02
   9.3444427e-02
   9.0544250e-02
   8.7734082e-02
   8.5011132e-02
   8.2372691e-02
   7.9816138e-02
   7.7338931e-02
   7.4938608e-02
   7.2612781e-02
   7.0359139e-02
   6.8175443e-02
   6.6059520e-02
   6.4009268e-02
   6.2022648e-02
   6.0097686e-02
   5.8232467e-02
   5.6425138e-02
   5.4673903e-02
   5.2977019e-02
   5.1332800e-02
   4.9739612e-02
   4.8195871e-02
   4.6700042e-02
   4.5250639e-02
   4.3846219e-02
   4.2485388e-02
   4.1166792e-02
   3.9889121e-02
   3.8651104e-02
   3.7451511e-02
   3.6289149e-02
   3.5162862e-02
   3.4071531e-02
   3.3014072e-02
   3.1989432e-02
   3.0996593e-02
   3.0034569e-02
   2.9102402e-02
   2.8199167e-02
   2.7323964e-02
   2.6475925e-02
   2.5654206e-02
   2.4857990e-02
   2.4086486e-02
   2.3338927e-02
   2.2614570e-02
   2.1912693e-02
   2.1232601e-02
   2.0573616e-02
   1.9935084e-02
   1.9316370e-02
   1.8716858e-02
   1.8135953e-02
   1.7573077e-02
   1.7027671e-02
   1.6499192e-02
   1.5987116e-02
   1.5490932e-02
   1.5010149e-02
   1.4544287e-02
   1.4092884e-02
   1.3655490e-02
   1.3231672e-02
   1.2821008e-02
   1.2423089e-02
   1.2037521e-02
   1.1663919e-02
   1.1301912e-02
   1.0951141e-02
   1.0611256e-02
   1.0281920e-02
   9.9628057e-03
   9.6535954e-03
   9.3539820e-03
   9.0636675e-03
   8.7823634e-03
   8.5097899e-03
   8.2456761e-03
   7.9897595e-03
   7.7417857e-03
   7.5015081e-03
   7.2686878e-03
   7.0430935e-03
   6.8245008e-03
   6.6126924e-03
   6.4074579e-03
   6.2085931e-03
   6.0159003e-03
   5.8291881e-03
   5.6482707e-03
   5.4729684e-03
   5.3031068e-03
   5.1385172e-03
   4.9790358e-03
   4.8245041e-03
   4.6747686e-03
   4.5296803e-03
   4.3890951e-03
   4.2528731e-03
   4.1208790e-03
   3.9929815e-03
   3.8690535e-03
   3.7489718e-03
   3.6326169e-03
   3.5198734e-03
   3.4106290e-03
   3.3047751e-03
   3.2022066e-03
   3.1028214e-03
   3.0065208e-03
   2.9132091e-03
   2.8227934e-03
   2.7351839e-03
   2.6502934e-03
   2.5680377e-03
   2.4883349e-03
   2.4111058e-03
   2.3362736e-03
   2.2637640e-03
   2.1935047e-03
   2.1254261e-03
   2.0594604e-03
   1.9955421e-03
   1.9336075e-03
   1.8735952e-03
   1.8154454e-03
   1.7591004e-03
   1.7045042e-03
   1.6516024e-03
   1.6003425e-03
   1.5506735e-03
   1.5025461e-03
   1.4559124e-03
   1.4107260e-03
   1.3669421e-03
   1.3245170e-03
   1.2834087e-03
   1.2435763e-03
   1.2049801e-03
   1.1675817e-03
   1.1313441e-03
   1.0962312e-03
   1.0622081e-03
   1.0292409e-03
   9.9729691e-04
   9.6634434e-04
   9.3635243e-04
   9.0729137e-04
   8.7913226e-04
   8.5184710e-04
   8.2540878e-04
   7.9979102e-04
   7.7496834e-04
   7.5091606e-04
   7.2761029e-04
   7.0502784e-04
   6.8314627e-04
   6.6194383e-04
   6.4139943e-04
   6.2149267e-04
   6.0220373e-04
   5.8351346e-04
   5.6540327e-04
   5.4785515e-04
   5.3085167e-04
   5.1437591e-04
   4.9841151e-04
   4.8294258e-04
   4.6795375e-04
   4.5343012e-04
   4.3935725e-04
   4.2572116e-04
   4.1250828e-04
   3.9970549e-04
   3.8730004e-04
   3.7527962e-04
   3.6363227e-04
   3.5234641e-04
   3.4141083e-04
   3.3081464e-04
   3.2054733e-04
   3.1059867e-04
   3.0095879e-04
   2.9161809e-04
   2.8256730e-04
   2.7379741e-04
   2.6529971e-04
   2.5706575e-04
   2.4908734e-04
   2.4135655e-04
   2.3386569e-04
   2.2660733e-04
   2.1957424e-04
   2.1275943e-04
   2.0615613e-04
   1.9975778e-04
   1.9355800e-04
   1.8755065e-04
   1.8172974e-04
   1.7608949e-04
   1.7062430e-04
   1.6532872e-04
   1.6019750e-04
   1.5522554e-04
   1.5040789e-04
   1.4573976e-04
   1.4121652e-04
   1.3683365e-04
   1.3258682e-04
   1.2847180e-04
   1.2448449e-04
   1.2062093e-04
   1.1687728e-04
   1.1324983e-04
   1.0973495e-04
   1.0632917e-04
   1.0302909e-04
   9.9831428e-05
   9.6733014e-05
   9.3730764e-05
   9.0821693e-05
   8.8002909e-05
   8.5271610e-05
   8.2625081e-05
   8.0060691e-05
   7.7575891e-05
   7.5168210e-05
   7.2835254e-05
   7.0574706e-05
   6.8384317e-05
   6.6261910e-05
   6.4205375e-05
   6.2212667e-05
   6.0281806e-05
   5.8410872e-05
   5.6598006e-05
   5.4841404e-05
   5.3139321e-05
   5.1490064e-05
   4.9891995e-05
   4.8343524e-05
   4.6843112e-05
   4.5389268e-05
   4.3980546e-05
   4.2615545e-05
   4.1292910e-05
   4.0011324e-05
   3.8769514e-05
   3.7566246e-05
   3.6400322e-05
   3.5270585e-05
   3.4175911e-05
   3.3115212e-05
   3.2087433e-05
   3.1091552e-05
   3.0126581e-05
   2.9191558e-05
   2.8285556e-05
   2.7407672e-05
   2.6557035e-05
   2.5732799e-05
   2.4934144e-05
   2.4160276e-05
   2.3410427e-05
   2.2683850e-05
