   1.5550315e+01
   1.4566827e+01
   1.2968502e+01
   1.1305441e+01
   1.0670745e+01
   1.1081300e+01
   1.1339761e+01
   1.0609408e+01
   8.9623480e+00
   7.0773896e+00
   5.6990427e+00
   5.0131461e+00
   4.6368016e+00
   4.3375509e+00
   4.2118846e+00
   4.2981348e+00
   4.4112505e+00
   4.3556404e+00
   4.0709297e+00
   3.6037967e+00
   3.0361368e+00
   2.4396466e+00
   1.8661275e+00
   1.3577507e+00
   9.5581975e-01
   6.9112807e-01
   5.5661681e-01
   5.0896166e-01
   5.0474614e-01
   4.9120263e-01
   4.0492219e-01
   3.3713276e-01
   2.7837238e-01
   2.3029667e-01
   1.9299110e-01
   1.6486245e-01
   1.4326884e-01
   1.2534256e-01
   1.0867921e-01
   9.1859235e-02
   7.4680652e-02
   5.7956389e-02
   4.2960991e-02
   3.0802925e-02
   2.1982826e-02
   1.6261032e-02
   1.2853298e-02
   1.0857584e-02
   9.5963755e-03
   8.6706069e-03
   7.8686744e-03
   7.0784678e-03
   6.2323186e-03
   5.2893795e-03
   4.2508815e-03
   3.1827129e-03
   2.2118527e-03
   1.4782939e-03
   1.0510720e-03
   8.7184161e-04
   7.9326166e-04
   6.0004873e-04
   4.5114733e-04
   3.2401938e-04
   2.2126988e-04
   1.4700806e-04
   1.0224299e-04
   8.0584988e-05
   7.1380558e-05
   6.7928414e-05
   6.6708407e-05
   6.4153641e-05
   5.7744339e-05
   4.7346216e-05
   3.4748282e-05
   2.2445772e-05
   1.2777096e-05
   7.9425684e-06
   8.0154439e-06
   9.0221348e-06
   9.1065488e-06
   8.2000454e-06
   6.6223728e-06
   4.8010027e-06
   3.2092735e-06
   2.2248464e-06
   1.8412185e-06
   1.7783629e-06
   1.8827136e-06
   1.9202203e-06
   1.6551418e-06
   1.2020650e-06
   1.0260931e-06
   8.7806209e-07
   7.7926729e-07
   7.1717410e-07
   6.7752338e-07
   6.4509212e-07
   6.0492140e-07
   5.4718967e-07
   4.7098792e-07
   3.8355758e-07
   2.9611246e-07
   2.1905152e-07
   1.5869593e-07
   1.1631400e-07
   8.9129363e-08
   7.2527301e-08
   6.2260099e-08
   5.5449579e-08
   5.0393134e-08
   4.6020404e-08
   4.1545564e-08
   3.6432184e-08
   3.0558805e-08
   2.4344564e-08
   1.8616665e-08
   1.4182684e-08
   1.1339013e-08
   9.7330314e-09
   8.6170764e-09
   7.2020191e-09
   5.2923617e-09
   4.0128743e-09
   2.9009663e-09
   2.0483892e-09
   1.4676277e-09
   1.1225806e-09
   9.3873086e-10
   8.4300132e-10
   7.8516325e-10
   7.3132263e-10
   6.6092187e-10
   5.6879575e-10
   4.6232315e-10
   3.5425231e-10
   2.5605484e-10
   1.7458043e-10
   1.1200807e-10
   6.7504624e-11
   3.8980801e-11
   2.3688361e-11
   1.7432726e-11
   1.5477108e-11
   1.5022279e-11
   1.4106765e-11
   1.1403591e-11
   7.3941117e-12
   4.6113456e-12
   4.4663868e-12
   4.0258751e-12
   3.3784681e-12
   3.6053347e-12
   3.0480566e-12
   2.7523344e-12
   2.2613364e-12
   1.8419823e-12
   1.7353412e-12
   1.8695236e-12
   1.9782461e-12
   1.9197754e-12
   1.7001540e-12
   1.3847118e-12
   1.0521875e-12
   7.6474920e-13
   5.4419933e-13
   3.9571380e-13
   3.0271998e-13
   2.4803520e-13
   2.1538867e-13
   1.9472119e-13
   1.7865831e-13
   1.6377230e-13
   1.4510190e-13
   1.1938325e-13
   9.4191805e-14
   6.8933309e-14
   4.9162813e-14
   3.7584867e-14
   3.4874464e-14
   2.9944025e-14
   2.5677362e-14
   2.0054556e-14
   1.8386163e-14
   2.0999409e-14
   2.4607024e-14
   2.8437975e-14
   3.0030154e-14
   3.1692158e-14
   3.3506952e-14
   3.4799676e-14
   3.3091331e-14
   3.3147912e-14
   3.3582325e-14
   3.3860884e-14
   3.4372616e-14
   3.5354745e-14
   3.5620370e-14
   3.6619464e-14
   3.7466637e-14
   3.8270604e-14
   3.8153885e-14
   3.8374676e-14
   3.9605548e-14
   3.8355519e-14
   3.9281026e-14
   3.8676966e-14
   3.8592661e-14
   3.9421509e-14
   3.8837782e-14
   3.8657761e-14
   3.9291488e-14
   3.9180989e-14
   3.8896637e-14
   3.9346644e-14
   3.9533550e-14
   3.7392462e-14
   3.8969137e-14
   3.9088939e-14
   3.7584150e-14
   3.8579416e-14
   3.8176465e-14
   3.8652432e-14
   3.7587468e-14
   3.8092103e-14
   3.9114141e-14
   3.7304973e-14
   3.8224663e-14
   3.6763164e-14
   3.8255352e-14
   3.8262873e-14
   3.7345295e-14
   3.8322324e-14
   3.6904381e-14
   3.7637812e-14
   3.7179277e-14
   3.7901336e-14
   3.7933569e-14
   3.7618208e-14
   3.9194475e-14
   3.8950562e-14
   3.8133176e-14
   3.7988119e-14
   3.8004988e-14
   3.8435152e-14
   3.7865304e-14
   3.8440763e-14
   3.7568443e-14
   3.7426202e-14
   3.8629385e-14
   3.7077026e-14
   3.7844056e-14
   3.8746232e-14
   3.8557445e-14
   3.8461440e-14
   3.7665559e-14
   3.8747094e-14
   3.8452465e-14
   3.8093830e-14
   3.8713770e-14
   3.7301124e-14
   3.7635734e-14
   3.8627072e-14
   3.8195187e-14
   3.9072758e-14
   3.8444821e-14
   3.9311795e-14
   3.9377371e-14
   3.9554717e-14
   3.9283331e-14
   3.7299719e-14
   3.8483448e-14
   3.8055480e-14
   3.7396168e-14
   3.7268230e-14
   3.7020429e-14
   3.8145192e-14
   3.7724417e-14
   3.7785598e-14
   3.6705584e-14
   3.7582999e-14
   3.8292498e-14
   3.8067078e-14
   3.8444473e-14
   3.8847280e-14
   3.9206679e-14
   3.9059901e-14
   3.9595821e-14
   3.9571533e-14
   4.0076651e-14
   3.8704951e-14
   3.9529029e-14
   3.7260082e-14
   3.7984400e-14
   3.6779840e-14
   3.7964438e-14
   3.8058112e-14
   3.8691476e-14
   3.7947214e-14
   3.8519744e-14
   3.9133044e-14
   3.9200390e-14
   3.9175215e-14
   3.9166405e-14
   3.7755738e-14
   3.8689154e-14
   3.9489057e-14
   3.9091563e-14
   3.8343185e-14
   3.9707496e-14
   3.8049718e-14
   3.9057613e-14
   3.9124066e-14
   3.8919538e-14
   3.8209411e-14
   3.7838439e-14
   4.0468795e-14
   3.7889108e-14
   3.8998226e-14
   3.8910657e-14
   3.7419944e-14
   3.7343747e-14
   3.8180316e-14
   3.8139022e-14
   3.8640472e-14
   3.9055483e-14
   3.7956957e-14
   3.8029902e-14
   3.8910036e-14
   3.7865304e-14
   3.8808789e-14
   3.9505216e-14
   3.7864653e-14
   3.7312770e-14
   3.9472744e-14
   3.8660899e-14
   3.7895078e-14
   3.8898630e-14
   3.9121703e-14
   3.7652270e-14
   3.8462944e-14
   3.8429361e-14
   3.7611790e-14
   3.7286271e-14
   3.9052709e-14
   3.6746687e-14
   3.7799652e-14
   3.7667461e-14
   3.7124828e-14
   3.6843582e-14
   3.7773149e-14
   3.7785108e-14
   3.8942084e-14
   3.8928422e-14
   3.8444213e-14
   3.7015806e-14
   3.8090675e-14
   3.8815508e-14
   3.8758306e-14
   3.9109709e-14
   3.8747571e-14
   3.8182821e-14
   3.8869454e-14
   3.8593250e-14
   3.6289717e-14
   3.7184043e-14
   3.7795518e-14
   3.6820787e-14
   3.7785302e-14
   3.7381583e-14
   3.7881981e-14
   3.8495395e-14
   3.8383829e-14
   3.8210674e-14
   3.8791379e-14
   3.8031522e-14
   3.7597396e-14
   3.7563203e-14
   3.8532519e-14
   3.8869484e-14
   3.8053476e-14
   3.8195671e-14
   3.8278999e-14
   3.8922071e-14
   3.8800910e-14
   3.8477460e-14
   3.8592633e-14
   3.8182304e-14
   3.8813632e-14
   3.7580296e-14
   3.7876012e-14
   3.8634717e-14
   3.8598981e-14
   3.7442336e-14
   3.8105183e-14
   3.8987253e-14
   3.8660284e-14
   3.7068382e-14
   3.8502008e-14
   3.6877116e-14
