   1.0000000e+00
   1.2007069e+00
   9.6767515e-01
   3.2694212e-01
  -5.0712756e-01
  -1.2101625e+00
  -1.4875512e+00
  -1.2099376e+00
  -4.7762338e-01
   4.1955893e-01
   1.1291613e+00
   1.3894092e+00
   1.1362713e+00
   5.1605094e-01
  -1.9696002e-01
  -7.3201670e-01
  -9.3594004e-01
  -8.1696979e-01
  -5.0589715e-01
  -1.6561129e-01
   9.5994932e-02
   2.6265294e-01
   3.8224857e-01
   5.0072470e-01
   6.0498831e-01
   6.1524657e-01
   4.3521994e-01
   3.0858266e-02
  -5.1300745e-01
  -1.0000000e+00
