  -1.3205504e+00
  -1.6411008e+00
  -7.6094434e-01
   1.0868873e+00
   3.2616611e+00
   4.9293073e+00
   5.3867909e+00
   4.3567234e+00
   2.1167183e+00
  -6.0091020e-01
  -2.8989798e+00
  -4.0678880e+00
  -3.8473871e+00
  -2.4906149e+00
  -6.1779171e-01
   1.0580714e+00
   2.0019179e+00
   2.0098243e+00
   1.2007609e+00
  -1.1419959e-01
  -1.5947714e+00
  -2.9793483e+00
  -4.1012722e+00
  -4.8409476e+00
  -5.0798983e+00
  -4.7138607e+00
  -3.7325765e+00
  -2.3160723e+00
  -8.6870992e-01
   6.5645042e-02
