  -1.3101400e+00
  -1.6204222e+00
  -7.3012561e-01
   1.1274250e+00
   3.3116656e+00
   4.9880940e+00
   5.4539922e+00
   4.4314167e+00
   2.1984329e+00
  -5.1329977e-01
  -2.8060309e+00
  -3.9708858e+00
  -3.7469551e+00
  -2.3881475e+00
  -5.1395497e-01
   1.1618295e+00
   2.1049152e+00
   2.1106182e+00
   1.2986816e+00
  -2.0529658e-02
  -1.5059810e+00
  -2.8966913e+00
  -4.0253087e+00
  -4.7727539e+00
  -5.0199400e+00
  -4.6629898e+00
  -3.6911424e+00
  -2.2846651e+00
  -8.4754617e-01
   7.6263607e-02
