   1.4767426e+01
   1.3447473e+01
   1.2397217e+01
   1.1549822e+01
   1.0856039e+01
   1.0279228e+01
   9.7920902e+00
   9.3742866e+00
   9.0106488e+00
   8.6898312e+00
   8.4033036e+00
   8.1446060e+00
   7.9088006e+00
   7.6920727e+00
   7.4914405e+00
   7.3045444e+00
   7.1294938e+00
   6.9647555e+00
   6.8090724e+00
   6.6614021e+00
   6.5208729e+00
   6.3867490e+00
   6.2584048e+00
   6.1353054e+00
   6.0169902e+00
   5.9030607e+00
   5.7931709e+00
   5.6870186e+00
   5.5843393e+00
   5.4849003e+00
   5.3884963e+00
   5.2949454e+00
   5.2040860e+00
   5.1157739e+00
   5.0298799e+00
   4.9462880e+00
   4.8648933e+00
   4.7856010e+00
   4.7083246e+00
   4.6329853e+00
   4.5595105e+00
   4.4878335e+00
   4.4178926e+00
   4.3496304e+00
   4.2829933e+00
   4.2179312e+00
   4.1543969e+00
   4.0923459e+00
   4.0317362e+00
   3.9725276e+00
   3.9146822e+00
   3.8581633e+00
   3.8029362e+00
   3.7489673e+00
   3.6962245e+00
   3.6446765e+00
   3.5942933e+00
   3.5450460e+00
   3.4969062e+00
   3.4498468e+00
   3.4038412e+00
   3.3588635e+00
   3.3148886e+00
   3.2718921e+00
   3.2298502e+00
   3.1887395e+00
   3.1485374e+00
   3.1092218e+00
   3.0707710e+00
   3.0331639e+00
   2.9963798e+00
   2.9603985e+00
   2.9252004e+00
   2.8907661e+00
   2.8570768e+00
   2.8241140e+00
   2.7918597e+00
   2.7602963e+00
   2.7294065e+00
   2.6991735e+00
   2.6695807e+00
   2.6406121e+00
   2.6122519e+00
   2.5844847e+00
   2.5572953e+00
   2.5306691e+00
   2.5045918e+00
   2.4790491e+00
   2.4540275e+00
   2.4295134e+00
   2.4054937e+00
   2.3819558e+00
   2.3588869e+00
   2.3362750e+00
   2.3141081e+00
   2.2923746e+00
   2.2710631e+00
   2.2501626e+00
   2.2296623e+00
   2.2095515e+00
   2.1898201e+00
   2.1704581e+00
   2.1514555e+00
   2.1328030e+00
   2.1144913e+00
   2.0965113e+00
   2.0788541e+00
   2.0615113e+00
   2.0444744e+00
   2.0277354e+00
   2.0112863e+00
   1.9951194e+00
   1.9792271e+00
   1.9636023e+00
   1.9482377e+00
   1.9331265e+00
   1.9182620e+00
   1.9036375e+00
   1.8892468e+00
   1.8750837e+00
   1.8611421e+00
   1.8474163e+00
   1.8339005e+00
   1.8205892e+00
   1.8074771e+00
   1.7945589e+00
   1.7818296e+00
   1.7692843e+00
   1.7569183e+00
   1.7447268e+00
   1.7327054e+00
   1.7208497e+00
   1.7091555e+00
   1.6976186e+00
   1.6862351e+00
   1.6750011e+00
   1.6639128e+00
   1.6529666e+00
   1.6421589e+00
   1.6314863e+00
   1.6209455e+00
   1.6105332e+00
   1.6002462e+00
   1.5900816e+00
   1.5800365e+00
   1.5701078e+00
   1.5602929e+00
   1.5505890e+00
   1.5409936e+00
   1.5315040e+00
   1.5221180e+00
   1.5128330e+00
   1.5036467e+00
   1.4945570e+00
   1.4855616e+00
   1.4766585e+00
   1.4678456e+00
   1.4591209e+00
   1.4504824e+00
   1.4419285e+00
   1.4334571e+00
   1.4250667e+00
   1.4167554e+00
   1.4085216e+00
   1.4003638e+00
   1.3922804e+00
   1.3842699e+00
   1.3763308e+00
   1.3684617e+00
   1.3606613e+00
   1.3529282e+00
   1.3452611e+00
   1.3376588e+00
   1.3301200e+00
   1.3226437e+00
   1.3152286e+00
   1.3078736e+00
   1.3005777e+00
   1.2933398e+00
   1.2861589e+00
   1.2790341e+00
   1.2719642e+00
   1.2649486e+00
   1.2579861e+00
   1.2510760e+00
   1.2442175e+00
   1.2374096e+00
   1.2306516e+00
   1.2239426e+00
   1.2172821e+00
   1.2106691e+00
   1.2041031e+00
   1.1975832e+00
   1.1911089e+00
   1.1846794e+00
   1.1782942e+00
   1.1719525e+00
   1.1656539e+00
   1.1593977e+00
   1.1531833e+00
   1.1470102e+00
   1.1408779e+00
   1.1347857e+00
   1.1287333e+00
   1.1227200e+00
   1.1167455e+00
   1.1108092e+00
   1.1049107e+00
   1.0990495e+00
   1.0932252e+00
   1.0874373e+00
   1.0816855e+00
   1.0759692e+00
   1.0702882e+00
   1.0646421e+00
   1.0590304e+00
   1.0534528e+00
   1.0479089e+00
   1.0423983e+00
   1.0369208e+00
   1.0314760e+00
   1.0260636e+00
   1.0206831e+00
   1.0153344e+00
   1.0100171e+00
   1.0047310e+00
   9.9947560e-01
   9.9425077e-01
   9.8905617e-01
   9.8389154e-01
   9.7875661e-01
   9.7365110e-01
   9.6857477e-01
   9.6352735e-01
   9.5850860e-01
   9.5351826e-01
   9.4855610e-01
   9.4362189e-01
   9.3871539e-01
   9.3383637e-01
   9.2898462e-01
   9.2415990e-01
   9.1936202e-01
   9.1459075e-01
   9.0984589e-01
   9.0512723e-01
   9.0043459e-01
   8.9576774e-01
   8.9112651e-01
   8.8651071e-01
   8.8192014e-01
   8.7735462e-01
   8.7281397e-01
   8.6829801e-01
   8.6380657e-01
   8.5933946e-01
   8.5489653e-01
   8.5047760e-01
   8.4608250e-01
   8.4171107e-01
   8.3736316e-01
   8.3303859e-01
   8.2873722e-01
   8.2445889e-01
   8.2020345e-01
   8.1597075e-01
   8.1176063e-01
   8.0757295e-01
   8.0340757e-01
   7.9926434e-01
   7.9514312e-01
   7.9104378e-01
   7.8696617e-01
   7.8291015e-01
   7.7887560e-01
   7.7486237e-01
   7.7087035e-01
   7.6689939e-01
   7.6294937e-01
   7.5902016e-01
   7.5511163e-01
   7.5122366e-01
   7.4735613e-01
   7.4350892e-01
   7.3968189e-01
   7.3587494e-01
   7.3208795e-01
   7.2832079e-01
   7.2457335e-01
   7.2084552e-01
   7.1713718e-01
   7.1344822e-01
   7.0977853e-01
   7.0612799e-01
   7.0249650e-01
   6.9888394e-01
   6.9529022e-01
   6.9171521e-01
   6.8815883e-01
   6.8462095e-01
   6.8110148e-01
   6.7760031e-01
   6.7411734e-01
   6.7065247e-01
   6.6720560e-01
   6.6377662e-01
   6.6036545e-01
   6.5697197e-01
   6.5359609e-01
   6.5023772e-01
   6.4689675e-01
   6.4357310e-01
   6.4026666e-01
   6.3697735e-01
   6.3370507e-01
   6.3044973e-01
   6.2721122e-01
   6.2398948e-01
   6.2078439e-01
   6.1759588e-01
   6.1442385e-01
   6.1126821e-01
   6.0812888e-01
   6.0500577e-01
   6.0189878e-01
   5.9880785e-01
   5.9573286e-01
   5.9267376e-01
   5.8963043e-01
   5.8660282e-01
   5.8359082e-01
   5.8059436e-01
   5.7761335e-01
   5.7464771e-01
   5.7169736e-01
   5.6876223e-01
   5.6584222e-01
   5.6293726e-01
   5.6004726e-01
   5.5717216e-01
   5.5431187e-01
   5.5146631e-01
   5.4863541e-01
   5.4581908e-01
   5.4301726e-01
   5.4022986e-01
   5.3745681e-01
   5.3469804e-01
   5.3195346e-01
   5.2922301e-01
   5.2650661e-01
   5.2380418e-01
   5.2111566e-01
   5.1844098e-01
   5.1578005e-01
   5.1313280e-01
   5.1049918e-01
   5.0787910e-01
   5.0527249e-01
   5.0267928e-01
   5.0009941e-01
   4.9753281e-01
   4.9497939e-01
   4.9243911e-01
   4.8991189e-01
   4.8739765e-01
   4.8489634e-01
   4.8240788e-01
   4.7993222e-01
   4.7746927e-01
   4.7501898e-01
   4.7258129e-01
   4.7015612e-01
   4.6774341e-01
   4.6534309e-01
   4.6295511e-01
   4.6057940e-01
   4.5821589e-01
   4.5586452e-01
   4.5352524e-01
   4.5119796e-01
   4.4888265e-01
   4.4657922e-01
   4.4428762e-01
   4.4200780e-01
   4.3973968e-01
   4.3748321e-01
   4.3523833e-01
   4.3300498e-01
   4.3078310e-01
   4.2857262e-01
   4.2637350e-01
   4.2418567e-01
   4.2200907e-01
   4.1984365e-01
   4.1768935e-01
   4.1554611e-01
   4.1341387e-01
   4.1129258e-01
   4.0918218e-01
