  -1.3186128e+00
  -1.6372653e+00
  -7.5526961e-01
   1.0943244e+00
   3.2707663e+00
   4.9399704e+00
   5.3988869e+00
   4.3701138e+00
   2.1312528e+00
  -5.8539209e-01
  -2.8826469e+00
  -4.0509160e+00
  -3.8299561e+00
  -2.4729080e+00
  -5.9999295e-01
   1.0757789e+00
   2.0193538e+00
   2.0268129e+00
   1.2171330e+00
  -9.8605383e-02
  -1.5801067e+00
  -2.9657536e+00
  -4.0888758e+00
  -4.8298641e+00
  -5.0702277e+00
  -4.7056875e+00
  -3.7259690e+00
  -2.3110822e+00
  -8.6537166e-01
   6.7314169e-02
