   1.4101516e+01
   1.2406526e+01
   1.1162252e+01
   1.0217853e+01
   9.4712674e+00
   8.8580290e+00
   8.3390580e+00
   7.8907215e+00
   7.4980997e+00
   7.1509814e+00
   6.8417221e+00
   6.5642006e+00
   6.3133450e+00
   6.0849185e+00
   5.8754030e+00
   5.6819100e+00
   5.5020946e+00
   5.3340702e+00
   5.1763269e+00
   5.0276577e+00
   4.8870940e+00
   4.7538534e+00
   4.6272964e+00
   4.5068930e+00
   4.3921971e+00
   4.2828266e+00
   4.1784487e+00
   4.0787684e+00
   3.9835211e+00
   3.8924656e+00
   3.8053800e+00
   3.7220584e+00
   3.6423080e+00
   3.5659476e+00
   3.4928060e+00
   3.4227208e+00
   3.3555375e+00
   3.2911094e+00
   3.2292963e+00
   3.1699646e+00
   3.1129867e+00
   3.0582409e+00
   3.0056111e+00
   2.9549864e+00
   2.9062611e+00
   2.8593344e+00
   2.8141105e+00
   2.7704980e+00
   2.7284101e+00
   2.6877643e+00
   2.6484823e+00
   2.6104898e+00
   2.5737165e+00
   2.5380956e+00
   2.5035643e+00
   2.4700628e+00
   2.4375350e+00
   2.4059277e+00
   2.3751910e+00
   2.3452778e+00
   2.3161435e+00
   2.2877467e+00
   2.2600479e+00
   2.2330104e+00
   2.2065996e+00
   2.1807831e+00
   2.1555304e+00
   2.1308131e+00
   2.1066043e+00
   2.0828792e+00
   2.0596143e+00
   2.0367876e+00
   2.0143789e+00
   1.9923688e+00
   1.9707394e+00
   1.9494741e+00
   1.9285572e+00
   1.9079741e+00
   1.8877111e+00
   1.8677555e+00
   1.8480953e+00
   1.8287194e+00
   1.8096175e+00
   1.7907796e+00
   1.7721969e+00
   1.7538607e+00
   1.7357631e+00
   1.7178967e+00
   1.7002545e+00
   1.6828299e+00
   1.6656168e+00
   1.6486096e+00
   1.6318027e+00
   1.6151912e+00
   1.5987703e+00
   1.5825356e+00
   1.5664828e+00
   1.5506079e+00
   1.5349074e+00
   1.5193775e+00
   1.5040150e+00
   1.4888167e+00
   1.4737797e+00
   1.4589011e+00
   1.4441783e+00
   1.4296086e+00
   1.4151896e+00
   1.4009191e+00
   1.3867947e+00
   1.3728145e+00
   1.3589763e+00
   1.3452782e+00
   1.3317183e+00
   1.3182949e+00
   1.3050062e+00
   1.2918505e+00
   1.2788263e+00
   1.2659319e+00
   1.2531659e+00
   1.2405267e+00
   1.2280131e+00
   1.2156235e+00
   1.2033566e+00
   1.1912112e+00
   1.1791859e+00
   1.1672795e+00
   1.1554907e+00
   1.1438184e+00
   1.1322614e+00
   1.1208185e+00
   1.1094886e+00
   1.0982705e+00
   1.0871633e+00
   1.0761657e+00
   1.0652768e+00
   1.0544954e+00
   1.0438207e+00
   1.0332514e+00
   1.0227868e+00
   1.0124256e+00
   1.0021670e+00
   9.9201007e-01
   9.8195373e-01
   9.7199708e-01
   9.6213919e-01
   9.5237912e-01
   9.4271596e-01
   9.3314879e-01
   9.2367672e-01
   9.1429886e-01
   9.0501431e-01
   8.9582221e-01
   8.8672168e-01
   8.7771186e-01
   8.6879190e-01
   8.5996096e-01
   8.5121819e-01
   8.4256277e-01
   8.3399386e-01
   8.2551065e-01
   8.1711234e-01
   8.0879811e-01
   8.0056716e-01
   7.9241871e-01
   7.8435198e-01
   7.7636617e-01
   7.6846053e-01
   7.6063428e-01
   7.5288666e-01
   7.4521693e-01
   7.3762433e-01
   7.3010813e-01
   7.2266759e-01
   7.1530197e-01
   7.0801057e-01
   7.0079265e-01
   6.9364751e-01
   6.8657445e-01
   6.7957277e-01
   6.7264177e-01
   6.6578076e-01
   6.5898907e-01
   6.5226601e-01
   6.4561092e-01
   6.3902314e-01
   6.3250201e-01
   6.2604686e-01
   6.1965707e-01
   6.1333197e-01
   6.0707095e-01
   6.0087336e-01
   5.9473859e-01
   5.8866601e-01
   5.8265501e-01
   5.7670499e-01
   5.7081533e-01
   5.6498544e-01
   5.5921474e-01
   5.5350262e-01
   5.4784852e-01
   5.4225185e-01
   5.3671204e-01
   5.3122854e-01
   5.2580077e-01
   5.2042818e-01
   5.1511022e-01
   5.0984635e-01
   5.0463603e-01
   4.9947872e-01
   4.9437388e-01
   4.8932101e-01
   4.8431957e-01
   4.7936905e-01
   4.7446894e-01
   4.6961873e-01
   4.6481792e-01
   4.6006603e-01
   4.5536254e-01
   4.5070699e-01
   4.4609888e-01
   4.4153774e-01
   4.3702310e-01
   4.3255448e-01
   4.2813142e-01
   4.2375347e-01
   4.1942017e-01
   4.1513107e-01
   4.1088572e-01
   4.0668367e-01
   4.0252450e-01
   3.9840777e-01
   3.9433305e-01
   3.9029991e-01
   3.8630794e-01
   3.8235672e-01
   3.7844582e-01
   3.7457486e-01
   3.7074342e-01
   3.6695109e-01
   3.6319749e-01
   3.5948223e-01
   3.5580490e-01
   3.5216513e-01
   3.4856254e-01
   3.4499675e-01
   3.4146738e-01
   3.3797407e-01
   3.3451645e-01
   3.3109415e-01
   3.2770682e-01
   3.2435411e-01
   3.2103565e-01
   3.1775110e-01
   3.1450012e-01
   3.1128237e-01
   3.0809750e-01
   3.0494519e-01
   3.0182509e-01
   2.9873689e-01
   2.9568026e-01
   2.9265487e-01
   2.8966041e-01
   2.8669656e-01
   2.8376302e-01
   2.8085947e-01
   2.7798560e-01
   2.7514112e-01
   2.7232572e-01
   2.6953911e-01
   2.6678100e-01
   2.6405109e-01
   2.6134910e-01
   2.5867474e-01
   2.5602772e-01
   2.5340778e-01
   2.5081464e-01
   2.4824801e-01
   2.4570764e-01
   2.4319324e-01
   2.4070457e-01
   2.3824135e-01
   2.3580332e-01
   2.3339024e-01
   2.3100183e-01
   2.2863786e-01
   2.2629807e-01
   2.2398221e-01
   2.2169004e-01
   2.1942133e-01
   2.1717582e-01
   2.1495328e-01
   2.1275348e-01
   2.1057618e-01
   2.0842116e-01
   2.0628819e-01
   2.0417704e-01
   2.0208749e-01
   2.0001931e-01
   1.9797230e-01
   1.9594623e-01
   1.9394089e-01
   1.9195606e-01
   1.8999155e-01
   1.8804713e-01
   1.8612261e-01
   1.8421778e-01
   1.8233245e-01
   1.8046640e-01
   1.7861944e-01
   1.7679139e-01
   1.7498204e-01
   1.7319120e-01
   1.7141869e-01
   1.6966432e-01
   1.6792790e-01
   1.6620924e-01
   1.6450818e-01
   1.6282452e-01
   1.6115809e-01
   1.5950871e-01
   1.5787621e-01
   1.5626042e-01
   1.5466116e-01
   1.5307826e-01
   1.5151157e-01
   1.4996090e-01
   1.4842611e-01
   1.4690702e-01
   1.4540348e-01
   1.4391532e-01
   1.4244239e-01
   1.4098454e-01
   1.3954160e-01
   1.3811344e-01
   1.3669988e-01
   1.3530080e-01
   1.3391603e-01
   1.3254543e-01
   1.3118886e-01
   1.2984618e-01
   1.2851723e-01
   1.2720188e-01
   1.2590000e-01
   1.2461144e-01
   1.2333607e-01
   1.2207374e-01
   1.2082434e-01
   1.1958773e-01
   1.1836377e-01
   1.1715233e-01
   1.1595330e-01
   1.1476653e-01
   1.1359191e-01
   1.1242932e-01
   1.1127862e-01
   1.1013970e-01
   1.0901243e-01
   1.0789670e-01
   1.0679239e-01
   1.0569938e-01
   1.0461756e-01
   1.0354681e-01
   1.0248702e-01
   1.0143808e-01
   1.0039987e-01
   9.9372283e-02
   9.8355217e-02
   9.7348559e-02
   9.6352204e-02
   9.5366046e-02
   9.4389982e-02
   9.3423907e-02
   9.2467719e-02
   9.1521318e-02
   9.0584603e-02
   8.9657475e-02
   8.8739835e-02
   8.7831588e-02
   8.6932636e-02
   8.6042884e-02
   8.5162239e-02
   8.4290607e-02
   8.3427896e-02
   8.2574015e-02
   8.1728873e-02
   8.0892381e-02
   8.0064450e-02
   7.9244993e-02
   7.8433922e-02
   7.7631153e-02
   7.6836600e-02
   7.6050179e-02
   7.5271808e-02
   7.4501402e-02
   7.3738882e-02
   7.2984165e-02
   7.2237174e-02
   7.1497827e-02
   7.0766048e-02
   7.0041758e-02
